"rownum","Id","MinimapIconRadius","LargemapIconRadius","bool","bool","bool","MinimapIconPointerMaxDistance","i32","string"
0,"MyPlayer",1,1,1,"","",250,10,""
1,"PartyMember",1,1,1,"","",250,9,""
2,"OtherPlayer",1,1,1,"","",250,11,""
3,"NPC",1,1,"","",1,250,8,""
4,"Portal",2,2,1,"","",250,0,""
5,"QuestObject",2,2,"","",1,250,0,""
6,"QuestItem",2,2,"","","",250,0,""
7,"Shrine",2,2,1,"","",150,0,""
8,"StoryGlyph",2,2,"","",1,250,0,""
9,"Waypoint",2,2,"","",1,250,0,"Waypoint"
10,"RedFlag",2,2,1,"","",250,0,""
11,"BlueFlag",2,2,1,"","",250,0,""
12,"GreenFlag",2,2,1,"","",250,0,""
13,"Abyss",3,2,1,"","",250,0,""
14,"AbyssCrack",3,2,1,"","",250,0,""
15,"MissionTarget",3,2,1,"","",250,0,""
16,"MissionAlly",3,2,1,"","",250,0,""
17,"PartyLeader",1,1,1,"","",250,0,""
18,"Entrance",2,2,"","",1,250,0,""
19,"Labyrinth",3,3,1,"","",250,0,""
20,"StoneCircle",3,3,"","",1,250,0,""
21,"LabyrinthLever",2,2,"","",1,250,0,""
22,"LabyrinthDoor",2,2,"","",1,250,0,""
23,"VaalSideArea",2,2,"","",1,250,0,""
24,"LabyrinthEnchant",3,3,"","",1,250,0,""
25,"LabyrinthGoldKey",2,2,1,"","",250,0,""
26,"LabyrinthSilverKey",2,2,1,"","",250,0,""
27,"Essence",2,2,1,"","",150,0,""
28,"EntrancePortal",2,2,"","",1,250,0,""
29,"Breach",2,2,1,"","",150,0,""
30,"ConsoleMapArrowL",2,2,1,"","",250,0,""
31,"ConsoleMapArrowR",2,2,1,"","",250,0,""
32,"PCMapArrow",2,2,1,"","",250,0,""
33,"BestiaryBloodAlter",3,2,1,"","",250,0,""
34,"BestiaryRareMonster",3,2,1,"","",250,0,""
35,"BestiaryLegendaryBeast",3,2,1,"","",250,0,""
36,"BestiaryDeadMonster",3,2,1,"","",250,0,""
37,"IncursionArchitectUpgrade",2,2,1,"","",250,0,""
38,"IncursionArchitectReplace",2,2,1,"","",250,0,""
39,"IncursionDoorLocked",2,2,1,"","",250,0,""
40,"IncursionDoorOpen",2,2,1,"","",250,0,""
41,"IncursionCraftingBench",2,2,1,"","",250,0,""
42,"IncursionCraftingBenchSacrifice",2,2,1,"","",250,0,""
43,"IncursionCraftingBenchGem",2,2,1,"","",250,0,""
44,"DelveMapViewer",2,2,1,"","",250,0,""
45,"DelveMineralVein",2,2,1,"","",250,0,""
46,"LootFilterLargeBlueCircle",2,2,1,"","",250,0,""
47,"LootFilterMediumBlueCircle",2,2,1,"","",250,0,""
48,"LootFilterSmallBlueCircle",2,2,1,"","",250,0,""
49,"LootFilterLargeGreenCircle",2,2,1,"","",250,0,""
50,"LootFilterMediumGreenCircle",2,2,1,"","",250,0,""
51,"LootFilterSmallGreenCircle",2,2,1,"","",250,0,""
52,"LootFilterLargeBrownCircle",2,2,1,"","",250,0,""
53,"LootFilterMediumBrownCircle",2,2,1,"","",250,0,""
54,"LootFilterSmallBrownCircle",2,2,1,"","",250,0,""
55,"LootFilterLargeRedCircle",2,2,1,"","",250,0,""
56,"LootFilterMediumRedCircle",2,2,1,"","",250,0,""
57,"LootFilterSmallRedCircle",2,2,1,"","",250,0,""
58,"LootFilterLargeWhiteCircle",2,2,1,"","",250,0,""
59,"LootFilterMediumWhiteCircle",2,2,1,"","",250,0,""
60,"LootFilterSmallWhiteCircle",2,2,1,"","",250,0,""
61,"LootFilterLargeYellowCircle",2,2,1,"","",250,0,""
62,"LootFilterMediumYellowCircle",2,2,1,"","",250,0,""
63,"LootFilterSmallYellowCircle",2,2,1,"","",250,0,""
64,"LootFilterLargeBlueDiamond",2,2,1,"","",250,0,""
65,"LootFilterMediumBlueDiamond",2,2,1,"","",250,0,""
66,"LootFilterSmallBlueDiamond",2,2,1,"","",250,0,""
67,"LootFilterLargeGreenDiamond",2,2,1,"","",250,0,""
68,"LootFilterMediumGreenDiamond",2,2,1,"","",250,0,""
69,"LootFilterSmallGreenDiamond",2,2,1,"","",250,0,""
70,"LootFilterLargeBrownDiamond",2,2,1,"","",250,0,""
71,"LootFilterMediumBrownDiamond",2,2,1,"","",250,0,""
72,"LootFilterSmallBrownDiamond",2,2,1,"","",250,0,""
73,"LootFilterLargeRedDiamond",2,2,1,"","",250,0,""
74,"LootFilterMediumRedDiamond",2,2,1,"","",250,0,""
75,"LootFilterSmallRedDiamond",2,2,1,"","",250,0,""
76,"LootFilterLargeWhiteDiamond",2,2,1,"","",250,0,""
77,"LootFilterMediumWhiteDiamond",2,2,1,"","",250,0,""
78,"LootFilterSmallWhiteDiamond",2,2,1,"","",250,0,""
79,"LootFilterLargeYellowDiamond",2,2,1,"","",250,0,""
80,"LootFilterMediumYellowDiamond",2,2,1,"","",250,0,""
81,"LootFilterSmallYellowDiamond",2,2,1,"","",250,0,""
82,"LootFilterLargeBlueHexagon",2,2,1,"","",250,0,""
83,"LootFilterMediumBlueHexagon",2,2,1,"","",250,0,""
84,"LootFilterSmallBlueHexagon",2,2,1,"","",250,0,""
85,"LootFilterLargeGreenHexagon",2,2,1,"","",250,0,""
86,"LootFilterMediumGreenHexagon",2,2,1,"","",250,0,""
87,"LootFilterSmallGreenHexagon",2,2,1,"","",250,0,""
88,"LootFilterLargeBrownHexagon",2,2,1,"","",250,0,""
89,"LootFilterMediumBrownHexagon",2,2,1,"","",250,0,""
90,"LootFilterSmallBrownHexagon",2,2,1,"","",250,0,""
91,"LootFilterLargeRedHexagon",2,2,1,"","",250,0,""
92,"LootFilterMediumRedHexagon",2,2,1,"","",250,0,""
93,"LootFilterSmallRedHexagon",2,2,1,"","",250,0,""
94,"LootFilterLargeWhiteHexagon",2,2,1,"","",250,0,""
95,"LootFilterMediumWhiteHexagon",2,2,1,"","",250,0,""
96,"LootFilterSmallWhiteHexagon",2,2,1,"","",250,0,""
97,"LootFilterLargeYellowHexagon",2,2,1,"","",250,0,""
98,"LootFilterMediumYellowHexagon",2,2,1,"","",250,0,""
99,"LootFilterSmallYellowHexagon",2,2,1,"","",250,0,""
100,"LootFilterLargeBlueSquare",2,2,1,"","",250,0,""
101,"LootFilterMediumBlueSquare",2,2,1,"","",250,0,""
102,"LootFilterSmallBlueSquare",2,2,1,"","",250,0,""
103,"LootFilterLargeGreenSquare",2,2,1,"","",250,0,""
104,"LootFilterMediumGreenSquare",2,2,1,"","",250,0,""
105,"LootFilterSmallGreenSquare",2,2,1,"","",250,0,""
106,"LootFilterLargeBrownSquare",2,2,1,"","",250,0,""
107,"LootFilterMediumBrownSquare",2,2,1,"","",250,0,""
108,"LootFilterSmallBrownSquare",2,2,1,"","",250,0,""
109,"LootFilterLargeRedSquare",2,2,1,"","",250,0,""
110,"LootFilterMediumRedSquare",2,2,1,"","",250,0,""
111,"LootFilterSmallRedSquare",2,2,1,"","",250,0,""
112,"LootFilterLargeWhiteSquare",2,2,1,"","",250,0,""
113,"LootFilterMediumWhiteSquare",2,2,1,"","",250,0,""
114,"LootFilterSmallWhiteSquare",2,2,1,"","",250,0,""
115,"LootFilterLargeYellowSquare",2,2,1,"","",250,0,""
116,"LootFilterMediumYellowSquare",2,2,1,"","",250,0,""
117,"LootFilterSmallYellowSquare",2,2,1,"","",250,0,""
118,"LootFilterLargeBlueStar",2,2,1,"","",250,0,""
119,"LootFilterMediumBlueStar",2,2,1,"","",250,0,""
120,"LootFilterSmallBlueStar",2,2,1,"","",250,0,""
121,"LootFilterLargeGreenStar",2,2,1,"","",250,0,""
122,"LootFilterMediumGreenStar",2,2,1,"","",250,0,""
123,"LootFilterSmallGreenStar",2,2,1,"","",250,0,""
124,"LootFilterLargeBrownStar",2,2,1,"","",250,0,""
125,"LootFilterMediumBrownStar",2,2,1,"","",250,0,""
126,"LootFilterSmallBrownStar",2,2,1,"","",250,0,""
127,"LootFilterLargeRedStar",2,2,1,"","",250,0,""
128,"LootFilterMediumRedStar",2,2,1,"","",250,0,""
129,"LootFilterSmallRedStar",2,2,1,"","",250,0,""
130,"LootFilterLargeWhiteStar",2,2,1,"","",250,0,""
131,"LootFilterMediumWhiteStar",2,2,1,"","",250,0,""
132,"LootFilterSmallWhiteStar",2,2,1,"","",250,0,""
133,"LootFilterLargeYellowStar",2,2,1,"","",250,0,""
134,"LootFilterMediumYellowStar",2,2,1,"","",250,0,""
135,"LootFilterSmallYellowStar",2,2,1,"","",250,0,""
136,"LootFilterLargeBlueTriangle",2,2,1,"","",250,0,""
137,"LootFilterMediumBlueTriangle",2,2,1,"","",250,0,""
138,"LootFilterSmallBlueTriangle",2,2,1,"","",250,0,""
139,"LootFilterLargeGreenTriangle",2,2,1,"","",250,0,""
140,"LootFilterMediumGreenTriangle",2,2,1,"","",250,0,""
141,"LootFilterSmallGreenTriangle",2,2,1,"","",250,0,""
142,"LootFilterLargeBrownTriangle",2,2,1,"","",250,0,""
143,"LootFilterMediumBrownTriangle",2,2,1,"","",250,0,""
144,"LootFilterSmallBrownTriangle",2,2,1,"","",250,0,""
145,"LootFilterLargeRedTriangle",2,2,1,"","",250,0,""
146,"LootFilterMediumRedTriangle",2,2,1,"","",250,0,""
147,"LootFilterSmallRedTriangle",2,2,1,"","",250,0,""
148,"LootFilterLargeWhiteTriangle",2,2,1,"","",250,0,""
149,"LootFilterMediumWhiteTriangle",2,2,1,"","",250,0,""
150,"LootFilterSmallWhiteTriangle",2,2,1,"","",250,0,""
151,"LootFilterLargeYellowTriangle",2,2,1,"","",250,0,""
152,"LootFilterMediumYellowTriangle",2,2,1,"","",250,0,""
153,"LootFilterSmallYellowTriangle",2,2,1,"","",250,0,""
154,"DelveRobot",2,2,1,"","",250,0,""
155,"DynamiteWall",2,2,1,"","",250,0,""
156,"DelveWaypoint",2,2,"","",1,250,0,""
157,"YellowWaypoint",1,1,1,"","",250,0,""
158,"HideoutSymbol",2,2,1,"","",250,0,""
159,"BetrayalSymbolCatarina",2,2,1,"","",250,0,""
160,"BetrayalSymbolDjinn",2,2,1,"","",250,0,""
161,"CraftingUnlockObject",2,2,1,"","",250,0,""
162,"CraftingBench",2,2,1,"","",250,0,""
163,"MapDevice",2,2,"","",1,250,0,"Map Device"
164,"SynthesisBridgeEnd",2,2,1,"","",250,0,""
165,"SynthesisFragmentEntrance",2,2,1,"","",250,0,""
166,"SynthesisCraftingDevice",2,2,1,"","",250,0,""
167,"SynthesisMemoryMap",2,2,1,"","",250,0,""
168,"StashPlayer",2,2,"","",1,250,0,"Stash"
169,"StashGuild",2,2,"","",1,250,0,""
170,"BetrayalSymbolCart",2,2,1,"","",250,0,""
171,"LegionInitiator",2,2,1,"","",250,0,""
172,"LegionGeneric",2,2,1,"","",250,0,""
173,"RewardAbyss",2,2,1,"","",250,0,""
174,"RewardArmour",2,2,1,"","",250,0,""
175,"RewardBestiary",2,2,1,"","",250,0,""
176,"RewardBreach",2,2,1,"","",250,0,""
177,"RewardCurrency",2,2,1,"","",250,0,""
178,"RewardDivinationCards",2,2,1,"","",250,0,""
179,"RewardEssences",2,2,1,"","",250,0,""
180,"RewardFossils",2,2,1,"","",250,0,""
181,"RewardFragments",2,2,1,"","",250,0,""
182,"RewardGems",2,2,1,"","",250,0,""
183,"RewardGenericItems",2,2,1,"","",250,0,""
184,"RewardHarbinger",2,2,1,"","",250,0,""
185,"RewardLabyrinth",2,2,1,"","",250,0,""
186,"RewardMaps",2,2,1,"","",250,0,""
187,"RewardPerandus",2,2,1,"","",250,0,""
188,"RewardProphecy",2,2,1,"","",250,0,""
189,"RewardScarabs",2,2,1,"","",250,0,""
190,"RewardTalisman",2,2,1,"","",250,0,""
191,"RewardJewellery",2,2,1,"","",250,0,""
192,"RewardUniques",2,2,1,"","",250,0,""
193,"RewardWeapons",2,2,1,"","",250,0,""
194,"RewardWeaponEnchants",2,2,1,"","",250,0,""
195,"BlightCore",2,2,1,"","",250,0,""
196,"BlightMonster",2,2,1,"","",250,0,""
197,"BlightSpawner",2,2,1,"","",250,1,""
198,"RewardBlight",2,2,1,"","",250,0,""
199,"BlightPath",1,1,1,1,"",250,0,""
200,"BlightPathInactive",1,1,1,1,"",250,0,""
201,"BlightBoss",3,3,1,"","",250,2,""
202,"BlightPortalFire",2,2,1,"","",250,1,""
203,"BlightPortalCold",2,2,1,"","",250,1,""
204,"BlightPortalLightning",2,2,1,"","",250,1,""
205,"BlightPortalMinion",2,2,1,"","",250,1,""
206,"BlightPortalPhysical",2,2,1,"","",250,1,""
207,"MetamorphosisMonster",2,2,1,"","",250,1,""
208,"MetamorphosisBoss",2,2,1,"","",250,2,""
209,"MetamorphosisFormedBoss",2,2,1,"","",250,0,""
210,"WatchstoneAltar",2,2,1,"","",250,0,""
211,"AfflictionInitiator",2,2,1,"","",250,0,""
212,"LootFilterLargeCyanCircle",2,2,1,"","",250,0,""
213,"LootFilterMediumCyanCircle",2,2,1,"","",250,0,""
214,"LootFilterSmallCyanCircle",2,2,1,"","",250,0,""
215,"LootFilterLargeGreyCircle",2,2,1,"","",250,0,""
216,"LootFilterMediumGreyCircle",2,2,1,"","",250,0,""
217,"LootFilterSmallGreyCircle",2,2,1,"","",250,0,""
218,"LootFilterLargeOrangeCircle",2,2,1,"","",250,0,""
219,"LootFilterMediumOrangeCircle",2,2,1,"","",250,0,""
220,"LootFilterSmallOrangeCircle",2,2,1,"","",250,0,""
221,"LootFilterLargePinkCircle",2,2,1,"","",250,0,""
222,"LootFilterMediumPinkCircle",2,2,1,"","",250,0,""
223,"LootFilterSmallPinkCircle",2,2,1,"","",250,0,""
224,"LootFilterLargePurpleCircle",2,2,1,"","",250,0,""
225,"LootFilterMediumPurpleCircle",2,2,1,"","",250,0,""
226,"LootFilterSmallPurpleCircle",2,2,1,"","",250,0,""
227,"LootFilterLargeCyanDiamond",2,2,1,"","",250,0,""
228,"LootFilterMediumCyanDiamond",2,2,1,"","",250,0,""
229,"LootFilterSmallCyanDiamond",2,2,1,"","",250,0,""
230,"LootFilterLargeGreyDiamond",2,2,1,"","",250,0,""
231,"LootFilterMediumGreyDiamond",2,2,1,"","",250,0,""
232,"LootFilterSmallGreyDiamond",2,2,1,"","",250,0,""
233,"LootFilterLargeOrangeDiamond",2,2,1,"","",250,0,""
234,"LootFilterMediumOrangeDiamond",2,2,1,"","",250,0,""
235,"LootFilterSmallOrangeDiamond",2,2,1,"","",250,0,""
236,"LootFilterLargePinkDiamond",2,2,1,"","",250,0,""
237,"LootFilterMediumPinkDiamond",2,2,1,"","",250,0,""
238,"LootFilterSmallPinkDiamond",2,2,1,"","",250,0,""
239,"LootFilterLargePurpleDiamond",2,2,1,"","",250,0,""
240,"LootFilterMediumPurpleDiamond",2,2,1,"","",250,0,""
241,"LootFilterSmallPurpleDiamond",2,2,1,"","",250,0,""
242,"LootFilterLargeCyanHexagon",2,2,1,"","",250,0,""
243,"LootFilterMediumCyanHexagon",2,2,1,"","",250,0,""
244,"LootFilterSmallCyanHexagon",2,2,1,"","",250,0,""
245,"LootFilterLargeGreyHexagon",2,2,1,"","",250,0,""
246,"LootFilterMediumGreyHexagon",2,2,1,"","",250,0,""
247,"LootFilterSmallGreyHexagon",2,2,1,"","",250,0,""
248,"LootFilterLargeOrangeHexagon",2,2,1,"","",250,0,""
249,"LootFilterMediumOrangeHexagon",2,2,1,"","",250,0,""
250,"LootFilterSmallOrangeHexagon",2,2,1,"","",250,0,""
251,"LootFilterLargePinkHexagon",2,2,1,"","",250,0,""
252,"LootFilterMediumPinkHexagon",2,2,1,"","",250,0,""
253,"LootFilterSmallPinkHexagon",2,2,1,"","",250,0,""
254,"LootFilterLargePurpleHexagon",2,2,1,"","",250,0,""
255,"LootFilterMediumPurpleHexagon",2,2,1,"","",250,0,""
256,"LootFilterSmallPurpleHexagon",2,2,1,"","",250,0,""
257,"LootFilterLargeCyanSquare",2,2,1,"","",250,0,""
258,"LootFilterMediumCyanSquare",2,2,1,"","",250,0,""
259,"LootFilterSmallCyanSquare",2,2,1,"","",250,0,""
260,"LootFilterLargeGreySquare",2,2,1,"","",250,0,""
261,"LootFilterMediumGreySquare",2,2,1,"","",250,0,""
262,"LootFilterSmallGreySquare",2,2,1,"","",250,0,""
263,"LootFilterLargeOrangeSquare",2,2,1,"","",250,0,""
264,"LootFilterMediumOrangeSquare",2,2,1,"","",250,0,""
265,"LootFilterSmallOrangeSquare",2,2,1,"","",250,0,""
266,"LootFilterLargePinkSquare",2,2,1,"","",250,0,""
267,"LootFilterMediumPinkSquare",2,2,1,"","",250,0,""
268,"LootFilterSmallPinkSquare",2,2,1,"","",250,0,""
269,"LootFilterLargePurpleSquare",2,2,1,"","",250,0,""
270,"LootFilterMediumPurpleSquare",2,2,1,"","",250,0,""
271,"LootFilterSmallPurpleSquare",2,2,1,"","",250,0,""
272,"LootFilterLargeCyanStar",2,2,1,"","",250,0,""
273,"LootFilterMediumCyanStar",2,2,1,"","",250,0,""
274,"LootFilterSmallCyanStar",2,2,1,"","",250,0,""
275,"LootFilterLargeGreyStar",2,2,1,"","",250,0,""
276,"LootFilterMediumGreyStar",2,2,1,"","",250,0,""
277,"LootFilterSmallGreyStar",2,2,1,"","",250,0,""
278,"LootFilterLargeOrangeStar",2,2,1,"","",250,0,""
279,"LootFilterMediumOrangeStar",2,2,1,"","",250,0,""
280,"LootFilterSmallOrangeStar",2,2,1,"","",250,0,""
281,"LootFilterLargePinkStar",2,2,1,"","",250,0,""
282,"LootFilterMediumPinkStar",2,2,1,"","",250,0,""
283,"LootFilterSmallPinkStar",2,2,1,"","",250,0,""
284,"LootFilterLargePurpleStar",2,2,1,"","",250,0,""
285,"LootFilterMediumPurpleStar",2,2,1,"","",250,0,""
286,"LootFilterSmallPurpleStar",2,2,1,"","",250,0,""
287,"LootFilterLargeCyanTriangle",2,2,1,"","",250,0,""
288,"LootFilterMediumCyanTriangle",2,2,1,"","",250,0,""
289,"LootFilterSmallCyanTriangle",2,2,1,"","",250,0,""
290,"LootFilterLargeGreyTriangle",2,2,1,"","",250,0,""
291,"LootFilterMediumGreyTriangle",2,2,1,"","",250,0,""
292,"LootFilterSmallGreyTriangle",2,2,1,"","",250,0,""
293,"LootFilterLargeOrangeTriangle",2,2,1,"","",250,0,""
294,"LootFilterMediumOrangeTriangle",2,2,1,"","",250,0,""
295,"LootFilterSmallOrangeTriangle",2,2,1,"","",250,0,""
296,"LootFilterLargePinkTriangle",2,2,1,"","",250,0,""
297,"LootFilterMediumPinkTriangle",2,2,1,"","",250,0,""
298,"LootFilterSmallPinkTriangle",2,2,1,"","",250,0,""
299,"LootFilterLargePurpleTriangle",2,2,1,"","",250,0,""
300,"LootFilterMediumPurpleTriangle",2,2,1,"","",250,0,""
301,"LootFilterSmallPurpleTriangle",2,2,1,"","",250,0,""
302,"LootFilterLargeBlueCross",2,2,1,"","",250,0,""
303,"LootFilterMediumBlueCross",2,2,1,"","",250,0,""
304,"LootFilterSmallBlueCross",2,2,1,"","",250,0,""
305,"LootFilterLargeGreenCross",2,2,1,"","",250,0,""
306,"LootFilterMediumGreenCross",2,2,1,"","",250,0,""
307,"LootFilterSmallGreenCross",2,2,1,"","",250,0,""
308,"LootFilterLargeBrownCross",2,2,1,"","",250,0,""
309,"LootFilterMediumBrownCross",2,2,1,"","",250,0,""
310,"LootFilterSmallBrownCross",2,2,1,"","",250,0,""
311,"LootFilterLargeRedCross",2,2,1,"","",250,0,""
312,"LootFilterMediumRedCross",2,2,1,"","",250,0,""
313,"LootFilterSmallRedCross",2,2,1,"","",250,0,""
314,"LootFilterLargeWhiteCross",2,2,1,"","",250,0,""
315,"LootFilterMediumWhiteCross",2,2,1,"","",250,0,""
316,"LootFilterSmallWhiteCross",2,2,1,"","",250,0,""
317,"LootFilterLargeYellowCross",2,2,1,"","",250,0,""
318,"LootFilterMediumYellowCross",2,2,1,"","",250,0,""
319,"LootFilterSmallYellowCross",2,2,1,"","",250,0,""
320,"LootFilterLargeCyanCross",2,2,1,"","",250,0,""
321,"LootFilterMediumCyanCross",2,2,1,"","",250,0,""
322,"LootFilterSmallCyanCross",2,2,1,"","",250,0,""
323,"LootFilterLargeGreyCross",2,2,1,"","",250,0,""
324,"LootFilterMediumGreyCross",2,2,1,"","",250,0,""
325,"LootFilterSmallGreyCross",2,2,1,"","",250,0,""
326,"LootFilterLargeOrangeCross",2,2,1,"","",250,0,""
327,"LootFilterMediumOrangeCross",2,2,1,"","",250,0,""
328,"LootFilterSmallOrangeCross",2,2,1,"","",250,0,""
329,"LootFilterLargePinkCross",2,2,1,"","",250,0,""
330,"LootFilterMediumPinkCross",2,2,1,"","",250,0,""
331,"LootFilterSmallPinkCross",2,2,1,"","",250,0,""
332,"LootFilterLargePurpleCross",2,2,1,"","",250,0,""
333,"LootFilterMediumPurpleCross",2,2,1,"","",250,0,""
334,"LootFilterSmallPurpleCross",2,2,1,"","",250,0,""
335,"LootFilterLargeBlueMoon",2,2,1,"","",250,0,""
336,"LootFilterMediumBlueMoon",2,2,1,"","",250,0,""
337,"LootFilterSmallBlueMoon",2,2,1,"","",250,0,""
338,"LootFilterLargeGreenMoon",2,2,1,"","",250,0,""
339,"LootFilterMediumGreenMoon",2,2,1,"","",250,0,""
340,"LootFilterSmallGreenMoon",2,2,1,"","",250,0,""
341,"LootFilterLargeBrownMoon",2,2,1,"","",250,0,""
342,"LootFilterMediumBrownMoon",2,2,1,"","",250,0,""
343,"LootFilterSmallBrownMoon",2,2,1,"","",250,0,""
344,"LootFilterLargeRedMoon",2,2,1,"","",250,0,""
345,"LootFilterMediumRedMoon",2,2,1,"","",250,0,""
346,"LootFilterSmallRedMoon",2,2,1,"","",250,0,""
347,"LootFilterLargeWhiteMoon",2,2,1,"","",250,0,""
348,"LootFilterMediumWhiteMoon",2,2,1,"","",250,0,""
349,"LootFilterSmallWhiteMoon",2,2,1,"","",250,0,""
350,"LootFilterLargeYellowMoon",2,2,1,"","",250,0,""
351,"LootFilterMediumYellowMoon",2,2,1,"","",250,0,""
352,"LootFilterSmallYellowMoon",2,2,1,"","",250,0,""
353,"LootFilterLargeCyanMoon",2,2,1,"","",250,0,""
354,"LootFilterMediumCyanMoon",2,2,1,"","",250,0,""
355,"LootFilterSmallCyanMoon",2,2,1,"","",250,0,""
356,"LootFilterLargeGreyMoon",2,2,1,"","",250,0,""
357,"LootFilterMediumGreyMoon",2,2,1,"","",250,0,""
358,"LootFilterSmallGreyMoon",2,2,1,"","",250,0,""
359,"LootFilterLargeOrangeMoon",2,2,1,"","",250,0,""
360,"LootFilterMediumOrangeMoon",2,2,1,"","",250,0,""
361,"LootFilterSmallOrangeMoon",2,2,1,"","",250,0,""
362,"LootFilterLargePinkMoon",2,2,1,"","",250,0,""
363,"LootFilterMediumPinkMoon",2,2,1,"","",250,0,""
364,"LootFilterSmallPinkMoon",2,2,1,"","",250,0,""
365,"LootFilterLargePurpleMoon",2,2,1,"","",250,0,""
366,"LootFilterMediumPurpleMoon",2,2,1,"","",250,0,""
367,"LootFilterSmallPurpleMoon",2,2,1,"","",250,0,""
368,"LootFilterLargeBlueRaindrop",2,2,1,"","",250,0,""
369,"LootFilterMediumBlueRaindrop",2,2,1,"","",250,0,""
370,"LootFilterSmallBlueRaindrop",2,2,1,"","",250,0,""
371,"LootFilterLargeGreenRaindrop",2,2,1,"","",250,0,""
372,"LootFilterMediumGreenRaindrop",2,2,1,"","",250,0,""
373,"LootFilterSmallGreenRaindrop",2,2,1,"","",250,0,""
374,"LootFilterLargeBrownRaindrop",2,2,1,"","",250,0,""
375,"LootFilterMediumBrownRaindrop",2,2,1,"","",250,0,""
376,"LootFilterSmallBrownRaindrop",2,2,1,"","",250,0,""
377,"LootFilterLargeRedRaindrop",2,2,1,"","",250,0,""
378,"LootFilterMediumRedRaindrop",2,2,1,"","",250,0,""
379,"LootFilterSmallRedRaindrop",2,2,1,"","",250,0,""
380,"LootFilterLargeWhiteRaindrop",2,2,1,"","",250,0,""
381,"LootFilterMediumWhiteRaindrop",2,2,1,"","",250,0,""
382,"LootFilterSmallWhiteRaindrop",2,2,1,"","",250,0,""
383,"LootFilterLargeYellowRaindrop",2,2,1,"","",250,0,""
384,"LootFilterMediumYellowRaindrop",2,2,1,"","",250,0,""
385,"LootFilterSmallYellowRaindrop",2,2,1,"","",250,0,""
386,"LootFilterLargeCyanRaindrop",2,2,1,"","",250,0,""
387,"LootFilterMediumCyanRaindrop",2,2,1,"","",250,0,""
388,"LootFilterSmallCyanRaindrop",2,2,1,"","",250,0,""
389,"LootFilterLargeGreyRaindrop",2,2,1,"","",250,0,""
390,"LootFilterMediumGreyRaindrop",2,2,1,"","",250,0,""
391,"LootFilterSmallGreyRaindrop",2,2,1,"","",250,0,""
392,"LootFilterLargeOrangeRaindrop",2,2,1,"","",250,0,""
393,"LootFilterMediumOrangeRaindrop",2,2,1,"","",250,0,""
394,"LootFilterSmallOrangeRaindrop",2,2,1,"","",250,0,""
395,"LootFilterLargePinkRaindrop",2,2,1,"","",250,0,""
396,"LootFilterMediumPinkRaindrop",2,2,1,"","",250,0,""
397,"LootFilterSmallPinkRaindrop",2,2,1,"","",250,0,""
398,"LootFilterLargePurpleRaindrop",2,2,1,"","",250,0,""
399,"LootFilterMediumPurpleRaindrop",2,2,1,"","",250,0,""
400,"LootFilterSmallPurpleRaindrop",2,2,1,"","",250,0,""
401,"LootFilterLargeBlueKite",2,2,1,"","",250,0,""
402,"LootFilterMediumBlueKite",2,2,1,"","",250,0,""
403,"LootFilterSmallBlueKite",2,2,1,"","",250,0,""
404,"LootFilterLargeGreenKite",2,2,1,"","",250,0,""
405,"LootFilterMediumGreenKite",2,2,1,"","",250,0,""
406,"LootFilterSmallGreenKite",2,2,1,"","",250,0,""
407,"LootFilterLargeBrownKite",2,2,1,"","",250,0,""
408,"LootFilterMediumBrownKite",2,2,1,"","",250,0,""
409,"LootFilterSmallBrownKite",2,2,1,"","",250,0,""
410,"LootFilterLargeRedKite",2,2,1,"","",250,0,""
411,"LootFilterMediumRedKite",2,2,1,"","",250,0,""
412,"LootFilterSmallRedKite",2,2,1,"","",250,0,""
413,"LootFilterLargeWhiteKite",2,2,1,"","",250,0,""
414,"LootFilterMediumWhiteKite",2,2,1,"","",250,0,""
415,"LootFilterSmallWhiteKite",2,2,1,"","",250,0,""
416,"LootFilterLargeYellowKite",2,2,1,"","",250,0,""
417,"LootFilterMediumYellowKite",2,2,1,"","",250,0,""
418,"LootFilterSmallYellowKite",2,2,1,"","",250,0,""
419,"LootFilterLargeCyanKite",2,2,1,"","",250,0,""
420,"LootFilterMediumCyanKite",2,2,1,"","",250,0,""
421,"LootFilterSmallCyanKite",2,2,1,"","",250,0,""
422,"LootFilterLargeGreyKite",2,2,1,"","",250,0,""
423,"LootFilterMediumGreyKite",2,2,1,"","",250,0,""
424,"LootFilterSmallGreyKite",2,2,1,"","",250,0,""
425,"LootFilterLargeOrangeKite",2,2,1,"","",250,0,""
426,"LootFilterMediumOrangeKite",2,2,1,"","",250,0,""
427,"LootFilterSmallOrangeKite",2,2,1,"","",250,0,""
428,"LootFilterLargePinkKite",2,2,1,"","",250,0,""
429,"LootFilterMediumPinkKite",2,2,1,"","",250,0,""
430,"LootFilterSmallPinkKite",2,2,1,"","",250,0,""
431,"LootFilterLargePurpleKite",2,2,1,"","",250,0,""
432,"LootFilterMediumPurpleKite",2,2,1,"","",250,0,""
433,"LootFilterSmallPurpleKite",2,2,1,"","",250,0,""
434,"LootFilterLargeBluePentagon",2,2,1,"","",250,0,""
435,"LootFilterMediumBluePentagon",2,2,1,"","",250,0,""
436,"LootFilterSmallBluePentagon",2,2,1,"","",250,0,""
437,"LootFilterLargeGreenPentagon",2,2,1,"","",250,0,""
438,"LootFilterMediumGreenPentagon",2,2,1,"","",250,0,""
439,"LootFilterSmallGreenPentagon",2,2,1,"","",250,0,""
440,"LootFilterLargeBrownPentagon",2,2,1,"","",250,0,""
441,"LootFilterMediumBrownPentagon",2,2,1,"","",250,0,""
442,"LootFilterSmallBrownPentagon",2,2,1,"","",250,0,""
443,"LootFilterLargeRedPentagon",2,2,1,"","",250,0,""
444,"LootFilterMediumRedPentagon",2,2,1,"","",250,0,""
445,"LootFilterSmallRedPentagon",2,2,1,"","",250,0,""
446,"LootFilterLargeWhitePentagon",2,2,1,"","",250,0,""
447,"LootFilterMediumWhitePentagon",2,2,1,"","",250,0,""
448,"LootFilterSmallWhitePentagon",2,2,1,"","",250,0,""
449,"LootFilterLargeYellowPentagon",2,2,1,"","",250,0,""
450,"LootFilterMediumYellowPentagon",2,2,1,"","",250,0,""
451,"LootFilterSmallYellowPentagon",2,2,1,"","",250,0,""
452,"LootFilterLargeCyanPentagon",2,2,1,"","",250,0,""
453,"LootFilterMediumCyanPentagon",2,2,1,"","",250,0,""
454,"LootFilterSmallCyanPentagon",2,2,1,"","",250,0,""
455,"LootFilterLargeGreyPentagon",2,2,1,"","",250,0,""
456,"LootFilterMediumGreyPentagon",2,2,1,"","",250,0,""
457,"LootFilterSmallGreyPentagon",2,2,1,"","",250,0,""
458,"LootFilterLargeOrangePentagon",2,2,1,"","",250,0,""
459,"LootFilterMediumOrangePentagon",2,2,1,"","",250,0,""
460,"LootFilterSmallOrangePentagon",2,2,1,"","",250,0,""
461,"LootFilterLargePinkPentagon",2,2,1,"","",250,0,""
462,"LootFilterMediumPinkPentagon",2,2,1,"","",250,0,""
463,"LootFilterSmallPinkPentagon",2,2,1,"","",250,0,""
464,"LootFilterLargePurplePentagon",2,2,1,"","",250,0,""
465,"LootFilterMediumPurplePentagon",2,2,1,"","",250,0,""
466,"LootFilterSmallPurplePentagon",2,2,1,"","",250,0,""
467,"LootFilterLargeBlueUpsideDownHouse",2,2,1,"","",250,0,""
468,"LootFilterMediumBlueUpsideDownHouse",2,2,1,"","",250,0,""
469,"LootFilterSmallBlueUpsideDownHouse",2,2,1,"","",250,0,""
470,"LootFilterLargeGreenUpsideDownHouse",2,2,1,"","",250,0,""
471,"LootFilterMediumGreenUpsideDownHouse",2,2,1,"","",250,0,""
472,"LootFilterSmallGreenUpsideDownHouse",2,2,1,"","",250,0,""
473,"LootFilterLargeBrownUpsideDownHouse",2,2,1,"","",250,0,""
474,"LootFilterMediumBrownUpsideDownHouse",2,2,1,"","",250,0,""
475,"LootFilterSmallBrownUpsideDownHouse",2,2,1,"","",250,0,""
476,"LootFilterLargeRedUpsideDownHouse",2,2,1,"","",250,0,""
477,"LootFilterMediumRedUpsideDownHouse",2,2,1,"","",250,0,""
478,"LootFilterSmallRedUpsideDownHouse",2,2,1,"","",250,0,""
479,"LootFilterLargeWhiteUpsideDownHouse",2,2,1,"","",250,0,""
480,"LootFilterMediumWhiteUpsideDownHouse",2,2,1,"","",250,0,""
481,"LootFilterSmallWhiteUpsideDownHouse",2,2,1,"","",250,0,""
482,"LootFilterLargeYellowUpsideDownHouse",2,2,1,"","",250,0,""
483,"LootFilterMediumYellowUpsideDownHouse",2,2,1,"","",250,0,""
484,"LootFilterSmallYellowUpsideDownHouse",2,2,1,"","",250,0,""
485,"LootFilterLargeCyanUpsideDownHouse",2,2,1,"","",250,0,""
486,"LootFilterMediumCyanUpsideDownHouse",2,2,1,"","",250,0,""
487,"LootFilterSmallCyanUpsideDownHouse",2,2,1,"","",250,0,""
488,"LootFilterLargeGreyUpsideDownHouse",2,2,1,"","",250,0,""
489,"LootFilterMediumGreyUpsideDownHouse",2,2,1,"","",250,0,""
490,"LootFilterSmallGreyUpsideDownHouse",2,2,1,"","",250,0,""
491,"LootFilterLargeOrangeUpsideDownHouse",2,2,1,"","",250,0,""
492,"LootFilterMediumOrangeUpsideDownHouse",2,2,1,"","",250,0,""
493,"LootFilterSmallOrangeUpsideDownHouse",2,2,1,"","",250,0,""
494,"LootFilterLargePinkUpsideDownHouse",2,2,1,"","",250,0,""
495,"LootFilterMediumPinkUpsideDownHouse",2,2,1,"","",250,0,""
496,"LootFilterSmallPinkUpsideDownHouse",2,2,1,"","",250,0,""
497,"LootFilterLargePurpleUpsideDownHouse",2,2,1,"","",250,0,""
498,"LootFilterMediumPurpleUpsideDownHouse",2,2,1,"","",250,0,""
499,"LootFilterSmallPurpleUpsideDownHouse",2,2,1,"","",250,0,""
500,"DeliriumBoss1",2,2,1,"","",250,0,""
501,"DeliriumBossFinal",2,2,1,"","",250,0,""
502,"HarvestSeedCache",2,2,1,"","",250,0,""
503,"HarvestOshabiBoss",2,2,1,"","",250,0,""
504,"HarvestCollectorNeutral",2,2,1,"","",250,0,""
505,"HarvestCollectorPurple",2,2,1,"","",250,0,""
506,"HarvestCollectorBlue",2,2,1,"","",250,0,""
507,"HarvestCollectorYellow",2,2,1,"","",250,0,""
508,"HarvestCondenserNeutral",2,2,1,"","",250,0,""
509,"HarvestCondenserPurple",2,2,1,"","",250,0,""
510,"HarvestCondenserBlue",2,2,1,"","",250,0,""
511,"HarvestCondenserYellow",2,2,1,"","",250,0,""
512,"HarvestStanchionNeutral",2,2,1,"","",250,0,""
513,"HarvestStanchionPurple",2,2,1,"","",250,0,""
514,"HarvestStanchionBlue",2,2,1,"","",250,0,""
515,"HarvestStanchionYellow",2,2,1,"","",250,0,""
516,"HarvestDisperserNeutral",2,2,1,"","",250,0,""
517,"HarvestDisperserPurple",2,2,1,"","",250,0,""
518,"HarvestDisperserBlue",2,2,1,"","",250,0,""
519,"HarvestDisperserYellow",2,2,1,"","",250,0,""
520,"HarvestHorticraftingStation",2,2,1,"","",250,0,""
521,"HarvestPlantBoosterBlue",2,2,1,"","",250,0,""
522,"HarvestPlantBoosterRed",2,2,1,"","",250,0,""
523,"HarvestPlantBoosterGreen",2,2,1,"","",250,0,""
524,"HarvestPlantBoosterWhite",2,2,1,"","",250,0,""
525,"HeistAgility",2,2,1,"","",250,0,""
526,"HeistBruteforce",2,2,1,"","",250,0,""
527,"HeistCounterThaumaturge",2,2,1,"","",250,0,""
528,"HeistDeception",2,2,1,"","",250,0,""
529,"HeistDemolition",2,2,1,"","",250,0,""
530,"HeistEngineering",2,2,1,"","",250,0,""
531,"HeistLockpicking",2,2,1,"","",250,0,""
532,"HeistPerception",2,2,1,"","",250,0,""
533,"HeistTrapDisarmament",2,2,1,"","",250,0,""
534,"HeistVaultBreaking",2,2,1,"","",250,0,""
535,"HeistSumgglersCache",2,2,1,"","",250,0,""
536,"HeistSpottedPatrol",2,2,1,"","",250,0,""
537,"HeistSpottedMiniBoss",2,2,1,"","",250,0,""
538,"HeistDisplayCase",3,4,1,"","",250,0,""
539,"HeistEscapeRoute",3,4,1,"","",250,0,""
540,"HeistPathChest",2,2,1,1,"",250,0,""
541,"RewardChestGeneric",2,2,1,1,"",250,0,""
542,"RewardChestCurrency",2,2,1,1,"",250,0,""
543,"RewardChestUnique",2,2,1,1,"",250,0,""
544,"RewardChestGems",2,2,1,1,"",250,0,""
545,"RewardChestMaps",2,2,1,1,"",250,0,""
546,"RewardChestTrinkets",2,2,1,1,"",250,0,""
547,"RewardChestArmour",2,2,1,1,"",250,0,""
548,"RewardChestWeapons",2,2,1,1,"",250,0,""
549,"RewardChestAbyss",2,2,1,1,"",250,0,""
550,"RewardChestPerandus",2,2,1,1,"",250,0,""
551,"RewardChestHarbinger",2,2,1,1,"",250,0,""
552,"RewardChestBreach",2,2,1,1,"",250,0,""
553,"RewardChestEssence",2,2,1,1,"",250,0,""
554,"RewardChestFragment",2,2,1,1,"",250,0,""
555,"RewardChestFossil",2,2,1,1,"",250,0,""
556,"RewardChestProphecy",2,2,1,1,"",250,0,""
557,"RewardChestDivination",2,2,1,1,"",250,0,""
558,"RewardChestTalisman",2,2,1,1,"",250,0,""
559,"RewardChestLabyrinth",2,2,1,1,"",250,0,""
560,"RewardChestLegion",2,2,1,1,"",250,0,""
561,"RewardChestDelirium",2,2,1,1,"",250,0,""
562,"RewardChestMetamorph",2,2,1,1,"",250,0,""
563,"RewardChestBlight",2,2,1,1,"",250,0,""
564,"RewardChestExpedition",2,2,1,1,"",250,0,""
565,"RewardChestHeist",2,2,1,1,"",250,0,""
566,"RewardChestRitual",2,2,1,1,"",250,0,""
567,"HeistStockpile",2,2,1,"","",250,0,""
568,"RitualRune",2,2,1,"","",250,0,""
569,"HarvestPortal",2,2,1,"","",250,0,""
570,"RitualRuneFinished",2,2,1,"","",250,0,""
571,"UltimatumAltar",2,2,1,"","",250,0,""
572,"UltimatumCaptureRune",3,4,1,"","",250,0,""
573,"FlaskFountainFull",2,2,"","","",250,0,""
574,"FlaskFountainEmpty",2,2,"","","",250,0,""
575,"ExpeditionStash",2,2,1,"","",250,0,""
576,"ExpeditionDetonator",3,3,1,"","",250,3,""
577,"ExpeditionDynamite",3,3,1,1,"",250,2,""
578,"ExpeditionChest1",2,2,1,1,"",250,2,""
579,"ExpeditionChest2",2,2,1,1,"",250,2,""
580,"ExpeditionChest3",2,2,1,1,"",250,2,""
581,"ExpeditionBoss",3,3,1,"","",250,3,""
582,"ExpeditionRegularMonster",2,2,1,1,"",250,0,""
583,"ExpeditionLeagueSpecificMonster",2,2,1,1,"",250,0,""
584,"ExpeditionEliteMonster",2,2,1,1,"",250,1,""
585,"ExpeditionCavernEntrance",2,2,1,"","",250,0,""
586,"HellscapePaleBoss",2,2,1,"","",250,0,""
587,"HellscapeDemonBoss",2,2,1,"","",250,0,""
588,"HellscapeFleshBoss",2,2,1,"","",250,0,""
589,"RoyaleBrutusActive",3,3,1,"","",100000,5,""
590,"RoyaleBrutusDormant",3,3,1,"","",100000,5,""
591,"Archnemesis",2,2,1,"","",150,0,""
592,"CleansingFireAltar",3,3,1,"","",250,0,""
593,"TangleAltar",3,3,1,"","",250,0,""
594,"BreachBoss",3,3,1,"","",250,3,""
595,"Sentinel",2,2,1,"","",150,0,""
596,"SentinelLocker",2,2,1,"","",250,0,""
597,"LakeStampingDevice",2,2,1,"","",150,0,""
598,"LakeReflectionDevice",2,2,1,"","",150,0,""
599,"Sanctum",2,2,1,"","",250,0,""
600,"SanctumDeferral",2,2,1,"","",150,0,""
601,"SanctumPact",2,2,1,"","",150,0,""
602,"SanctumFountain",2,2,1,"","",150,0,""
603,"SanctumRelicCorruptionDevice",2,2,1,"","",150,0,""
604,"SanctumMap",2,2,1,"","",150,0,""
605,"SanctumRelicAltar",2,2,1,"","",150,0,""
606,"SanctumRelicLocker",2,2,1,"","",250,0,""
607,"MudBurrower",2,2,1,"","",250,0,""
608,"RustPillar",2,2,1,"","",250,0,""
609,"TreeOfSouls",2,2,1,"","",250,0,""
610,"GrimCarvings",2,2,1,"","",250,0,""
611,"UnaLute",2,2,1,"","",250,0,""
612,"BitterGhostChild",2,2,1,"","",250,0,""
613,"BitterGhostWife",2,2,1,"","",250,0,""
614,"ObsidianMortar",2,2,1,"","",250,0,""
615,"RenlyForgeItem",2,2,1,"","",250,0,""
616,"IronCount",2,2,1,"","",250,0,""
617,"BeastSeedHeart",2,2,1,"","",250,0,""
618,"LetterGlyph",2,2,1,"","",250,0,""
619,"Generator",2,2,1,"","",250,0,""
620,"StoneAltarTall",2,2,1,"","",250,0,""
621,"StoneAltarShort",2,2,1,"","",250,0,""
622,"HealingWell",2,2,"","","",250,0,"Well"
623,"Checkpoint",2,2,"","","",250,0,"Checkpoint"
624,"WaterwaysLever",2,2,"","","",250,0,""
625,"CheckpointNotActive",2,2,"","","",250,0,"Checkpoint"
626,"MillerActive",2,2,"","","",400,0,"Besieged Encampment"
627,"MillerInactive",2,2,"","","",400,0,""
628,"CroneActive",2,2,"","","",400,0,"Frostblood Ritual"
629,"CroneInactive",2,2,"","","",400,0,""
630,"MudBurrowerActive",2,2,"","","",400,0,"Vile Nest"
631,"MudBurrowerInactive",2,2,"","","",400,0,""
632,"RustObeliskActive",2,2,"","","",400,0,"Obelisk of Rust"
633,"RustObeliskInactive",2,2,"","","",400,0,""
634,"HusbandActive",2,2,"","","",400,0,"Heart of the Mausoleum"
635,"HusbandInactive",2,2,"","","",400,0,""
636,"WifeActive",2,2,"","","",400,0,"Heart of the Tomb"
637,"WifeInactive",2,2,"","","",400,0,""
638,"CrowbellActive",2,2,"","","",250,0,"The Hunt Stone"
639,"CrowbellInactive",2,2,"","","",250,0,""
640,"ExecutionerActive",2,2,"","","",250,0,"Executioner's Block"
641,"ExecutionerInactive",2,2,"","","",250,0,""
642,"GargoyleActive",2,2,"","","",250,0,"The Fallen Altar"
643,"GargoyleInactive",2,2,"","","",250,0,""
644,"CountActive",2,2,"","","",250,0,"Throne of the Wolf"
645,"CountInactive",2,2,"","","",250,0,""
646,"RathbreakerActive",2,2,"","","",250,0,"Raider's Cliffs"
647,"RathbreakerInactive",2,2,"","","",250,0,""
648,"BalbalaActive",2,2,"","","",250,0,"Prison of the Disgraced"
649,"BalbalaInactive",2,2,"","","",250,0,""
650,"GateMechanismActive",2,2,"","","",250,0,"Gate Mechanism"
651,"GateMechanismInactive",2,2,"","","",250,0,""
652,"LimActive",2,2,"","","",250,0,"Forward Command Tents"
653,"LimInactive",2,2,"","","",250,0,""
654,"PerennialHumanActive",2,2,"","","",250,0,"Infested Tower"
655,"PerennialHumanInactive",2,2,"","","",250,0,""
656,"KabalaActive",2,2,"","","",250,0,"The Venom Pit"
657,"KabalaInactive",2,2,"","","",250,0,""
658,"BeetleBossActive",2,2,"","","",250,0,"The Galleria"
659,"BeetleBossInactive",2,2,"","","",250,0,""
660,"ForsakenSonActive",2,2,"","","",250,0,"The Vestibule "
661,"ForsakenSonInactive",2,2,"","","",250,0,""
662,"MastodonActive",2,2,"","","",250,0,"Blackrib Pit"
663,"MastodonInactive",2,2,"","","",250,0,""
664,"TitanRuneActive",2,2,"","","",250,0,"Ancient Seal"
665,"TitanRuneInactive",2,2,"","","",250,0,""
666,"TitanHandActive",3,3,"","","",250,0,""
667,"TitanHandInactive",2,2,"","","",250,0,""
668,"TitanActive",2,2,"","","",250,0,"Dais of Reckoning"
669,"TitanInactive",2,2,"","","",250,0,""
670,"TorGulActive",2,2,"","","",250,0,"The Defiled Spire"
671,"TorGulInactive",2,2,"","","",250,0,""
672,"RudjaActive",2,2,"","","",250,0,"Munitions Bunker"
673,"RudjaInactive",2,2,"","","",250,0,""
674,"PerennialCorruptedActive",2,2,"","","",250,0,"The Faridun Throne"
675,"PerennialCorruptedInactive",2,2,"","","",250,0,""
676,"PlayerGravestone",2,2,1,"","",250,0,""
677,"ClearfellCampsiteActive",2,2,"","","",250,0,"Mysterious Campsite"
678,"ClearfellCampsiteInactive",2,2,"","","",250,0,""
679,"CarnivorousPlantActive",2,2,"","","",250,0,"The Moving Bramble"
680,"CarnivorousPlantInactive",2,2,"","","",250,0,""
681,"MedallionUI",2,2,1,"","",250,0,""
682,"MausoleumSecretActive",2,2,"","","",250,0,"Forgotten Riches"
683,"MausoleumSecretInactive",2,2,"","","",250,0,""
684,"GraveyardSecretActive",2,2,"","","",250,0,"Ancient Ruin"
685,"GraveyardSecretInactive",2,2,"","","",250,0,""
686,"CourtyardSecretActive",2,2,"","","",250,0,"The Gallows"
687,"CourtyardSecretInactive",2,2,"","","",250,0,""
688,"HuntingGroundsSecretActive",2,2,"","","",250,0,"Dryadic Ritual"
689,"HuntingGroundsSecretInactive",2,2,"","","",250,0,""
690,"FarmlandsSecretActive",2,2,"","","",250,0,"Crop Circle"
691,"FarmlandsSecretInactive",2,2,"","","",250,0,""
692,"TitanGrottoEntranceActive",2,2,"","","",250,0,""
693,"TitanGrottoEntranceInActive",2,2,"","","",250,0,""
694,"TombEncounterActive",2,2,"","","",250,0,"Embattled Trove"
695,"TombEncounterInactive",2,2,"","","",250,0,""
696,"KethSanctumOfferingEncounterActive",2,2,"","","",250,0,"Elemental Offering"
697,"KethSanctumOfferingEncounterInactive",2,2,"","","",250,0,""
698,"LowerTempleDistrictBeetleAmbushActive",2,2,"","","",250,0,"Golden Tomb"
699,"LowerTempleDistrictBeetleAmbushInactive",2,2,"","","",250,0,""
700,"SandsweptMarshCorpseSecretActive",2,2,"","","",250,0,"Hanging Tree"
701,"SandsweptMarshCorpseSecretInactive",2,2,"","","",250,0,""
702,"RootdredgeBossActive",2,2,"","","",250,0,"Foul Ritual"
703,"RootdredgeBossInactive",2,2,"","","",250,0,""
704,"SilverbackBlackfistBossActive",2,2,"","","",250,0,"Temple Ruins"
705,"SilverbackBlackfistBossInactive",2,2,"","","",250,0,""
706,"SnakePitBossActive",2,2,"","","",250,0,"Den of the Serpent Priestess"
707,"SnakePitBossInactive",2,2,"","","",250,0,""
708,"XyclucianBossActive",2,2,"","","",250,0,"Deadly Nest"
709,"XyclucianBossInactive",2,2,"","","",250,0,""
710,"BlackjawBossActive",2,2,"","","",250,0,"The Oubliette"
711,"BlackjawBossInactive",2,2,"","","",250,0,""
712,"ZicoatlBossActive",2,2,"","","",250,0,"Grand Soul Core Nexus"
713,"ZicoatlBossInactive",2,2,"","","",250,0,""
714,"IgnagdukBossActive",2,2,"","","",250,0,"Gor-gor Mog"
715,"IgnagdukBossInactive",2,2,"","","",250,0,""
716,"GoldcrushBossActive",2,2,"","","",250,0,"The Aureaduct"
717,"GoldcrushBossInactive",2,2,"","","",250,0,""
718,"QueenOfFilthBossActive",2,2,"","","",250,0,"Stenchpools"
719,"QueenOfFilthBossInactive",2,2,"","","",250,0,""
720,"KaazuliBossActive",2,2,"","","",250,0,"Altar of the Sun"
721,"KaazuliBossInactive",2,2,"","","",250,0,""
722,"ViperNapuatziBossActive",2,2,"","","",250,0,"Legion Blockade"
723,"ViperNapuatziBossInactive",2,2,"","","",250,0,""
724,"DoryaniBossActive",2,2,"","","",250,0,"The Testing Pit"
725,"DoryaniBossInactive",2,2,"","","",250,0,""
726,"CarverBogLandmarkActive",2,2,"","","",250,0,"Flameskin Ritual"
727,"CarverBogLandmarkInactive",2,2,"","","",250,0,""
728,"MarakethSanctumLocker",2,2,"","","",250,0,"Relic Locker"
729,"MarakethSanctumRoomSelector",2,2,"","","",250,0,""
730,"MarakethSanctumFountain",2,2,"","","",250,0,""
731,"MarakethSanctumKey",2,2,"","","",250,0,""
732,"MarakethSanctumAscendancyAltar",2,2,"","","",250,0,"Altar of Ascendancy"
733,"JungleDepthsLandmarkGraveActive",2,2,"","","",250,0,"Jungle Grave"
734,"JungleDepthsLandmarkGraveInactive",2,2,"","","",250,0,""
735,"SandsweptMarshLandmarkActive",2,2,"","","",250,0,"Azak Campfire"
736,"SandsweptMarshLandmarkInactive",2,2,"","","",250,0,""
737,"CorruptionAltarActive",2,2,"","","",250,0,""
738,"CorruptionAltarInactive",2,2,"","","",250,0,""
739,"LowerMachinariumCorruptionDeviceLandmarkActive",2,2,"","","",250,0,"Paquate's Mechanism"
740,"LowerMachinariumCorruptionDeviceLandmarkInactive",2,2,"","","",250,0,""
741,"UpperMachinariumTreasureRoomLandmarkActive",2,2,"","","",250,0,"Supply Room"
742,"UpperMachinariumTreasureRoomLandmarkInactive",2,2,"","","",250,0,""
743,"JungleOutskirtsMaggotAmbushLandmarkActive",2,2,"","","",250,0,"Larva Hollow"
744,"JungleOutskirtsMaggotAmbushLandmarkInactive",2,2,"","","",250,0,""
745,"JungleDepthsAndOutskirtsExplorerLandmarkActive",2,2,"","","",250,0,"Troubled Camp"
746,"JungleDepthsAndOutskirtsExplorerLandmarkInactive",2,2,"","","",250,0,""
747,"ChimeralWetlandsExplorerLandmarkActive",2,2,"","","",250,0,"Ravaged Camp"
748,"ChimeralWetlandsExplorerLandmarkInactive",2,2,"","","",250,0,""
749,"VastiriOutskirtsExplorerLandmarkActive",2,2,"","","",250,0,"Raided Camp"
750,"VastiriOutskirtsExplorerLandmarkInactive",2,2,"","","",250,0,""
751,"WaterwaysShamanLandmarkActive",2,2,"","","",250,0,"Shaman's Hut"
752,"WaterwaysShamanLandmarkInactive",2,2,"","","",250,0,""
753,"FriendlyCauldronCroneActive",3,3,"","","",400,0,"Bubbling Respite"
754,"FriendlyCauldronCroneInactive",3,3,"","","",400,0,""
755,"DrownedCrawlerAmbushActive",2,2,"","","",250,0,"Swarming Nest"
756,"DrownedCrawlerAmbushInactive",2,2,"","","",250,0,""
757,"CraftingBenchIcon",2,2,"","","",250,0,"Salvage Bench"
758,"OghamVillageRenlysToolsActive",2,2,"","","",250,0,"Renly's Workshop"
759,"OghamVillageRenlysToolsInactive",2,2,"","","",250,0,""
760,"SnakePitLandmarkActive",2,2,"","","",250,0,"Priesthood Crypt"
761,"SnakePitLandmarkInactive",2,2,"","","",250,0,""
762,"ChimeralWetlandsFlowerGauntletLandmarkActive",2,2,"","","",250,0,"Toxic Bloom"
763,"ChimeralWetlandsFlowerGauntletLandmarkInactive",2,2,"","","",250,0,""
764,"SunkenRuinsSubareaLandmarkActive",2,2,"","","",250,0,"Shinies"
765,"SunkenRuinsSubareaLandmarkInactive",2,2,"","","",250,0,""
766,"SacredSpiresShrineLandmarkActive",2,2,"","","",250,0,"Sisters of Garukhan"
767,"SacredSpiresShrineLandmarkInactive",2,2,"","","",250,0,""
768,"MarakethSanctumKeyConverterActive",2,2,"","","",250,0,"Keth Forge"
769,"MarakethSanctumKeyConverterInactive",2,2,"","","",250,0,""
770,"UtzaalGoldenIdolLandmarkActive",2,2,"","","",250,0,"Peculiar Fortunes"
771,"UtzaalGoldenIdolLandmarkInactive",2,2,"","","",250,0,""
772,"AggoratSacrificialHeartLandmarkActive",2,2,"","","",250,0,"Blood Sacrifice"
773,"AggoratSacrificialHeartLandmarkInactive",2,2,"","","",250,0,""
774,"UtzaalUltimatumKeyLandmarkActive",2,2,"","","",250,0,"Trialmaster's Challenge"
775,"UtzaalUltimatumKeyLandmarkInactive",2,2,"","","",250,0,""
776,"TreasureVaultHammerActive",2,2,"","","",250,0,"Reforging Bench"
777,"TreasureVaultHammerInactive",2,2,"","","",250,0,""
778,"ShrineActive",2,2,"","","",150,0,""
779,"ShrineInactive",2,2,"","","",150,0,""
780,"UltimatumRewardChestActive",2,2,"","","",150,0,"Trial Rewards"
781,"UltimatumRewardChestInactive",2,2,"","","",150,0,""
782,"MournersPathVaseLandmarkActive",2,2,"","","",250,0,"Hushed Urn"
783,"MournersPathVaseLandmarkInactive",2,2,"","","",250,0,""
784,"MastodonBadlandsEffigyLandmarkActive",2,2,"","","",250,0,"Fossilised Memorial"
785,"MastodonBadlandsEffigyLandmarkInactive",2,2,"","","",250,0,""
786,"OldForestWitchHutLandmarkActive",2,2,"","","",250,0,"Areagne's Hut"
787,"OldForestWitchHutLandmarkInactive",2,2,"","","",250,0,""
788,"LostCityOfKethShrineLandmarkActive",2,2,"","","",250,0,"Abandoned Prayer"
789,"LostCityOfKethShrineLandmarkInactive",2,2,"","","",250,0,""
790,"KethSanctumSacrophagusLandmarkActive",2,2,"","","",250,0,"Suspicious Sarcophagus"
791,"KethSanctumSacrophagusLandmarkInactive",2,2,"","","",250,0,""
792,"BurialSpiresCorpsesLandmarkActive",2,2,"","","",250,0,"Forgotten Corpses"
793,"BurialSpiresCorpsesLandmarkInactive",2,2,"","","",250,0,""
794,"MudBurrowsEggLandmarkActive",2,2,"","","",250,0,"Hatchery"
795,"MudBurrowsEggLandmarkInactive",2,2,"","","",250,0,""
796,"GrimTangleBossActive",2,2,"","","",250,0,"Den of the Druid"
797,"GrimTangleBossInactive",2,2,"","","",250,0,""
798,"GraveyardBossActive",2,2,"","","",250,0,"Memorial of the Lost"
799,"GraveyardBossInactive",2,2,"","","",250,0,""
800,"PrecursorBeaconAcive",2,2,"","","",250,0,""
801,"PrecursorBeaconInactive",2,2,"","","",250,0,""
802,"RareMonsterAlive",2,2,1,"","",250,0,""
803,"RareMonsterDead",2,2,1,"","",250,0,""
804,"UniqueMonsterAlive",2,2,1,"","",250,0,""
805,"UniqueMonsterDead",2,2,1,"","",250,0,""
806,"TombWraithLandmarkActive",2,2,"","","",250,0,"Haunted Treasure"
807,"TombWraithLandmarkInactive",2,2,"","","",250,0,""
808,"FarmlandsUnasHutLandmarkActive",2,2,"","","",250,0,"Una's Home"
809,"FarmlandsUnasHutLandmarkInactive",2,2,"","","",250,0,""
810,"UltimatumVaalSoulCoreGround",2,2,"","","",250,0,"Vaal Soul Core"
811,"FlameSeed",2,2,1,"","",250,0,""
812,"UltimatumMonsterAlive",2,2,1,"","",250,0,""
