"rownum","BaseItemTypesKey","StackSize","CurrencyUseType","Action","Directions","FullStack_BaseItemTypesKey","Description","Usage_AchievementItemsKeys","Scroll","Possession_AchievementItemsKey","[rid]","[i32]","CurrencyTab_StackSize","XBoxDirections","i32","ModifyMapsAchievements","ModifyContractsAchievements","CombineAchievements","ChangedForHardmode","DescriptionHardmode","IsGold","bool"
0,4,40,2,"add_armour_quality","Right click this item then left click an armour to apply it. Has greater effect on lower item level, non-unique armours. The maximum quality is 20%.","","Improves the quality of an armour",[],"",1140,[],[],5000,"<<xbox_button_a>> to select, then <<xbox_button_a>> on an armour to apply it. Has greater effect on lower item level, non-unique armours. The maximum quality is 20%.",100,[],[],[],"","","",1
1,5,10,2,"duplicate","Right click this item then left click an equipable non-unique item to apply it. Mirrored copies cannot be modified.","","Creates a mirrored copy of an item",[10503],"",1141,[],[],5000,"<<xbox_button_a>> to select, then <<xbox_button_a>> on an equipable non-unique item to apply it. Mirrored copies cannot be modified.",100,[],[],[],"","","",""
2,1,40,2,"identify","Right click this item then left click an unidentified item to apply it.","","Identifies an item",[],1,1142,[],[],5000,"<<xbox_button_a>> to select, then <<xbox_button_a>> on an unidentified item to apply it.",100,[],[],[],"","","",""
3,8,40,1,"skill_point_respec","Right click on this item to use it.","","Grants a passive skill refund point",[],"",1143,[12],[64],5000,"<<xbox_button_a>> to use.",100,[],[],[],"","","",1
4,9,40,1,"atlas_skill_point_respec","Right click on this item to use it.","","Grants an atlas passive skill refund point",[],"","",[],[],5000,"<<xbox_button_a>> to use.",100,[],[],[],"","","",1
5,2,20,2,"reroll","Right click this item then left click a rare item to apply it.","","Reforges a rare item with new random modifiers",[10420],"",1144,[],[],5000,"<<xbox_button_a>> to select, then <<xbox_button_a>> on a rare item to apply it.",100,[],[7257],[],"","","",""
6,3,20,2,"replace_rare_mod_veiled","Right click this item then left click a rare item to apply it.","","Removes a random modifier and adds a random Veiled modifier to a rare item",[10499],"","",[],[],5000,"<<xbox_button_a>> to select, then <<xbox_button_a>> on a rare item to apply it.",100,[],[],[],"","","",""
7,7,20,2,"transmute_to_random","Right click this item then left click a normal item to apply it.","","Upgrades a normal item to a random rarity",[10412],"",1145,[],[],5000,"<<xbox_button_a>> to select, then <<xbox_button_a>> on a normal item to apply it.",100,[],[7255],[],"","","",""
8,10,40,2,"transmute_to_magic","Right click this item then left click a normal item to apply it.","","Upgrades a normal item to a magic item",[10409],"",1146,[],[],5000,"<<xbox_button_a>> to select, then <<xbox_button_a>> on a normal item to apply it.",100,[],[7253],[],"","","",""
9,6,20,2,"transmute_to_rare","Right click this item then left click a normal item to apply it.","","Upgrades a normal item to a rare item","[10359,10413]","",1147,[8],[8],5000,"<<xbox_button_a>> to select, then <<xbox_button_a>> on a normal item to apply it.",100,[7003],[7256],[],"","","",""
10,0,20,2,"add_weapon_quality","Right click this item then left click a weapon to apply it. Has greater effect on lower item level, non-unique weapons. The maximum quality is 20%.","","Improves the quality of a weapon",[],"",1148,[],[],5000,"<<xbox_button_a>> to select, then <<xbox_button_a>> on weapon to apply it. Has greater effect on lower item level, non-unique weapons. The maximum quality is 20%.",100,[],[],[],"","","",1
11,15,30,2,"add_mod_to_magic","Right click this item then left click a magic item to apply it. Magic items can have up to two random modifiers.","","Augments a magic item with a new random modifier",[10410],"",1149,[],[],5000,"<<xbox_button_a>> to select, then <<xbox_button_a>> on a magic item to apply it. Magic items can have up to two random modifiers.",100,[],[],[],"","","",""
12,11,20,2,"reroll_magic","Right click this item then left click a magic item to apply it.","","Reforges a magic item with new random modifiers",[10411],"",1150,[15],[64],5000,"<<xbox_button_a>> to select, then <<xbox_button_a>> on a magic item to apply it.",100,[],[7254],[],"","","",""
13,12,30,2,"convert_to_normal","Right click this item then left click on a magic or rare item to apply it.","","Removes all modifiers from an item",[10414],"",1151,[7],[96],5000,"<<xbox_button_a>> to select, then <<xbox_button_a>> on a magic or rare item to apply it.",100,[],[],[],"","","",""
14,13,20,2,"add_mod_to_rare","Right click this item then left click a rare item to apply it. Rare items can have up to six random modifiers.","","Augments a rare item with a new random modifier",[10421],"",1152,[],[],5000,"<<xbox_button_a>> to select, then <<xbox_button_a>> on a rare item to apply it. Rare items can have up to six random modifiers.",100,[],[],[],"","","",""
15,14,20,2,"upgrade_magic_to_rare","Right click this item then left click a magic item to apply it. Current modifiers are retained and a new one is added.","","Upgrades a magic item to a rare item",[10419],"",1153,[],[],5000,"<<xbox_button_a>> to select, then <<xbox_button_a>> on a magic item to apply it. Current modifiers are retained and a new one is added.",100,[],[7258],[],"","","",""
16,16,40,1,"town_portal","Right click on this item to use it.","","Creates a portal to town",[],1,1154,[],[],5000,"<<xbox_button_a>> to use.",100,[],[],[],"","","",""
17,17,20,2,"add_flask_quality","Right click this item then left click a flask or tincture to apply it. Has greater effect on lower item level, non-unique flasks. The maximum quality is 20%.","","Improves the quality of a flask or tincture",[8258],"",1155,[],[],5000,"<<xbox_button_a>> to select, then <<xbox_button_a>> on a flask or tincture to apply it. Has greater effect on lower item level, non-unique flasks. The maximum quality is 20%.",100,[],[],[],"","","",1
18,18,20,2,"add_gem_quality","Right click this item then left click a gem to apply it. The maximum quality is 20%.","","Improves the quality of a gem",[10475],"",1156,[],[],5000,"<<xbox_button_a>> to select, then <<xbox_button_a>> on a gem to apply it. The maximum quality is 20%.",100,[],[],[],"","","",1
19,25,20,2,"add_map_quality","Right click this item then left click a map to apply it. Has greater effect on lower tier, non-unique maps. The maximum quality is 20%.","","Improves the quality of a map",[7965],"",1157,[2],[12],5000,"<<xbox_button_a>> to select, then <<xbox_button_a>> on a map to apply it. Has greater effect on lower tier, non-unique maps. The maximum quality is 20%.",100,[7004],[],[],"","","",1
20,26,20,2,"add_map_alt_quality","Right click this item then left click a map to apply it. Has greater effect on lower tier, non-unique maps. The maximum quality is 20%.","","Improves the quality of a map enhancing Item Rarity\r\nReplaces other quality types",[10544],"","",[],[],5000,"<<xbox_button_a>> to select, then <<xbox_button_a>> on a map to apply it. Has greater effect on lower tier, non-unique maps. The maximum quality is 20%.",100,[],[],[],"","","",1
21,27,20,2,"add_map_alt_quality","Right click this item then left click a map to apply it. Has greater effect on lower tier, non-unique maps. The maximum quality is 20%.","","Improves the quality of a map enhancing Pack Size\r\nReplaces other quality types",[10544],"","",[],[],5000,"<<xbox_button_a>> to select, then <<xbox_button_a>> on a map to apply it. Has greater effect on lower tier, non-unique maps. The maximum quality is 20%.",100,[],[],[],"","","",1
22,28,20,2,"add_map_alt_quality","Right click this item then left click a map to apply it. Has greater effect on lower tier, non-unique maps. The maximum quality is 20%.","","Improves the quality of a map enhancing Divination Cards found\r\nReplaces other quality types",[10544],"","",[],[],5000,"<<xbox_button_a>> to select, then <<xbox_button_a>> on a map to apply it. Has greater effect on lower tier, non-unique maps. The maximum quality is 20%.",100,[],[],[],"","","",1
23,29,20,2,"add_map_alt_quality","Right click this item then left click a map to apply it. Has greater effect on lower tier, non-unique maps. The maximum quality is 20%.","","Improves the quality of a map enhancing Scarabs found\r\nReplaces other quality types",[10544],"","",[],[],5000,"<<xbox_button_a>> to select, then <<xbox_button_a>> on a map to apply it. Has greater effect on lower tier, non-unique maps. The maximum quality is 20%.",100,[],[],[],"","","",1
24,30,20,2,"add_map_alt_quality","Right click this item then left click a map to apply it. Has greater effect on lower tier, non-unique maps. The maximum quality is 20%.","","Improves the quality of a map enhancing Currency found\r\nReplaces other quality types",[10544],"","",[],[],5000,"<<xbox_button_a>> to select, then <<xbox_button_a>> on a map to apply it. Has greater effect on lower tier, non-unique maps. The maximum quality is 20%.",100,[],[],[],"","","",1
25,19,20,2,"reroll_socket_colours","Right click this item then left click a socketed item to apply it.","","Reforges the colour of sockets on an item",[10417],"",1158,[21],[48],5000,"<<xbox_button_a>> to select, then <<xbox_button_a>> on a socketed item to apply it.",100,[],[],[],"","","",""
26,20,20,2,"reroll_socket_links","Right click this item then left click a socketed item to apply it. The item's quality increases the chances of obtaining more links.","","Reforges the links between sockets on an item",[10415],"",1159,[21],[64],5000,"<<xbox_button_a>> to select, then <<xbox_button_a>> on a socketed item to apply it. The item's quality increases the chances of obtaining more links.",100,[],[],[],"","","",1
27,21,20,2,"reroll_socket_numbers","Right click this item then left click a socketed item to apply it. The item's quality increases the chances of obtaining more sockets.","","Reforges the number of sockets on an item",[10416],"",1160,[11],[32],5000,"<<xbox_button_a>> to select, then <<xbox_button_a>> on a socketed item to apply it. The item's quality increases the chances of obtaining more sockets.",100,[],[],[],"","","",1
28,22,20,2,"reroll_mod_values","Right click this item then left click a magic, rare or unique item to apply it.","","Randomises the values of the random modifiers on an item",[10423],"",1161,[],[],5000,"<<xbox_button_a>> to select, then <<xbox_button_a>> on a magic, rare or unique item to apply it.",100,[],[],[],"","","",""
29,23,20,2,"reroll_implicit_mod","Right click this item then left click another item to apply it.","","Randomises the values of the implicit modifiers of an item",[10422],"",1162,[],[],5000,"<<xbox_button_a>> to select, then <<xbox_button_a>> on another item to apply it.",100,[],[],[],"","","",""
30,24,10,2,"reroll_variable_defences","Right click this item then left click an armour to apply it.","","Randomises the numeric values of base defences on an armour",[10496],"","",[],[],5000,"<<xbox_button_a>> to select, then <<xbox_button_a>> on an armour to apply it.",100,[],[],[],"","","",""
31,31,5,3,"","A stack of 5 fragments becomes a Scroll of Wisdom.",1,"",[],"",1163,[],[],0,"A stack of 5 fragments becomes a Scroll of Wisdom.",0,[],[],[],"","","",""
32,32,20,3,"","A stack of 20 shards becomes an Orb of Transmutation.",10,"",[],"",1164,[],[],0,"A stack of 20 shards becomes an Orb of Transmutation.",0,[],[],[],"","","",""
33,33,20,3,"","A stack of 20 shards becomes an Orb of Alteration.",11,"",[],"",1165,[],[],0,"A stack of 20 shards becomes an Orb of Alteration.",0,[],[],[],"","","",""
34,34,20,3,"","A stack of 20 shards becomes an Orb of Alchemy.",6,"",[],"",1166,[],[],0,"A stack of 20 shards becomes an Orb of Alchemy.",0,[],[],[],"","","",""
35,35,10,3,"","","","",[],"","",[],[],5000,"",100,[],[],[],"","","",""
36,36,10,2,"inital_imprint","Right click this item then left click on an item to create an imprint. This imprint can later be used to restore this specific item to that imprinted state.","","Creates an imprint of an item for later restoration\r\nThe imprint can't be applied to Fractured Items",[],"",1167,[],[],5000,"<<xbox_button_a>> to select, then <<xbox_button_a>> on an item to create an imprint. This imprint can later be used to restore this specific item to that imprinted state.",100,[],[],[],"","","",""
37,37,1,2,"restore_imprint","Right click this item then left click on the imprinted original item to restore its modifiers. An imprint cannot be dropped or traded to other players.","","Restores an imprinted item onto the original\r\nCan't be applied to Fractured Items",[],"","",[],[],0,"<<xbox_button_a>> to select, then <<xbox_button_a>> on the imprinted original item to restore its modifiers. An imprint cannot be dropped or traded to other players.",0,[],[],[],"","","",""
38,38,20,2,"corrupt_item","Right click this item then left click an item to corrupt it. Corrupted items cannot be modified again.","","Corrupts an item, modifying it unpredictably",[],"","",[],[],5000,"<<xbox_button_a>> to select, then <<xbox_button_a>> on an item to corrupt it. Corrupted items cannot be modified again.",100,[],[],[],"","","",""
39,39,9,2,"labyrinth_enchant","Left click on the skull and then left click on the item you wish to modify.","","Adds an enchantment to an item, or replaces an existing enchantment",[],"","",[],[],0,"<<xbox_button_a>> to select, then <<xbox_button_a>> on the item you wish to modify.",0,[],[],[],"","","",""
40,40,10,3,"","Can be placed in the Divine Font to allow enchantment of corrupted gloves, boots, helmets or belts.","","",[],"","",[],[],5000,"",100,[],[],[],"","","",""
41,41,1,2,"corrupt_item","","","",[],"","",[],[],0,"",0,[],[],[],"","","",""
42,42,1,2,"incursion_corrupt","","","",[9951],"","",[],[],0,"",0,[],[],[],"","","",""
43,43,1,2,"incursion_corrupt_gem","","","",[10199],"","",[],[],0,"",0,[],[],[],"","","",""
44,44,5000,3,"","Trade coins to Cadiro Perandus.","","",[],"","",[],[],50000,"Trade coins to Cadiro Perandus.",0,[],[],[],"","","",""
45,45,30,3,"","Cross Navali's palm with silver to receive a prophecy.","","",[],"","",[],[],5000,"Cross Navali's palm with silver to receive a prophecy.",100,[],[],[],"","","",""
46,46,1,3,"","","","",[],"","",[],[],0,"",0,[],[],[],"","","",""
47,47,10,2,"itemise_captured_monster","Right click on this item then left click on a Beast in your Menagerie to itemise the Beast.","","Stores a Beast in an item",[],"","",[],[],5000,"You can use these to itemise beasts by interacting with the signs outside the beasts' cages in the menagerie.",0,[],[],[],"","","",""
48,48,1,1,"add_captured_monster","","","",[],"","",[],[],0,"",0,[],[],[],"","","",""
49,49,10,2,"itemise_necropolis_corpse","Right click on this item then left click on a Corpse in the Necropolis Morgue.","","Stores a Corpse in an item",[],"","",[],[],0,"Use this item on a Corpse in your Necropolis Morgue to store it inside.",0,[],[],[],"","","",""
50,50,1,1,"add_necropolis_corpse","Right click on this item to use it while in the Necropolis to add it to the Necropolis Morgue.","","",[],"","",[],[],0,"<<xbox_button_a>> to use it while in the Necropolis to add it to the Necropolis Morgue.",0,[],[],[],"","","",""
51,51,10,2,"itemise_sextant_mods","Right click on this item then left click on a Voidstone to itemise an applied Sextant Modifier.","","Stores a Sextant Modifier in an item",[],"","",[],[],5000,"<<xbox_button_a>> to select, then <<xbox_button_a>> on a Voidstone to itemise an applied Sextant Modifier.",0,[],[],[],"","","",""
52,52,1,2,"restore_sextant_mods","Right click on this item then left click on a Voidstone to apply the itemised Sextant Modifier to the Voidstone.","","",[],"","",[],[],0,"<<xbox_button_a>> to select, then <<xbox_button_a>> on a Voidstone to apply the itemised Sextant Modifier to the Voidstone.",0,[],[],[],"","","",""
53,53,20,2,"reroll_skill_quality_type","Right click this item then left click a skill gem to apply it.","","Change the type of quality of a skill gem with quality to another random quality",[],"","",[],[],5000,"<<xbox_button_a>> to select, then <<xbox_button_a>> on a gem to apply it. The maximum quality is 20%.",0,[],[],[],"","","",""
54,54,20,2,"reroll_support_quality_type","Right click this item then left click a support gem to apply it.","","Change the type of quality of a support gem with quality to another random quality",[],"","",[],[],5000,"<<xbox_button_a>> to select, then <<xbox_button_a>> on a gem to apply it. The maximum quality is 20%.",0,[],[],[],"","","",""
55,55,20,2,"heist_weapon_enchant","Right click this item then left click on the item you wish to modify.","","Adds or replaces an enchantment on a weapon\r\nThis may reforge the weapon's sockets",[10497],"","",[],[],5000,"<<xbox_button_a>> to select, then <<xbox_button_a>> on the item you wish to modify.",0,[],[],[],"","","",""
56,56,20,2,"heist_armour_enchant","Right click this item then left click on the item you wish to modify.","","Adds or replaces an enchantment on a body armour\r\nThis may reforge the body armour's sockets",[10497],"","",[],[],5000,"<<xbox_button_a>> to select, then <<xbox_button_a>> on the item you wish to modify.",0,[],[],[],"","","",""
57,57,10,2,"apply_affliction_reward","Right click this item then left click a Map item to apply it. Can apply up to 5 to a single Map item.","","Modifies a Map item adding layers of Delirium with the Currency Items reward type",[],"","",[],[],5000,"<<xbox_button_a>> to select, then <<xbox_button_a>> on a Map item to apply it. Can apply up to 5 to a single Map item.",100,[],[],[],"","","",""
58,58,10,2,"apply_affliction_reward","Right click this item then left click a Map item to apply it. Can apply up to 5 to a single Map item.","","Modifies a Map item adding layers of Delirium with the Unique Items reward type",[],"","",[],[],5000,"<<xbox_button_a>> to select, then <<xbox_button_a>> on a Map item to apply it. Can apply up to 5 to a single Map item.",100,[],[],[],"","","",""
59,59,10,2,"apply_affliction_reward","Right click this item then left click a Map item to apply it. Can apply up to 5 to a single Map item.","","Modifies a Map item adding layers of Delirium with the Gems reward type",[],"","",[],[],5000,"<<xbox_button_a>> to select, then <<xbox_button_a>> on a Map item to apply it. Can apply up to 5 to a single Map item.",100,[],[],[],"","","",""
60,60,10,2,"apply_affliction_reward","Right click this item then left click a Map item to apply it. Can apply up to 5 to a single Map item.","","Modifies a Map item adding layers of Delirium with the Weapons reward type",[],"","",[],[],5000,"<<xbox_button_a>> to select, then <<xbox_button_a>> on a Map item to apply it. Can apply up to 5 to a single Map item.",100,[],[],[],"","","",""
61,61,10,2,"apply_affliction_reward","Right click this item then left click a Map item to apply it. Can apply up to 5 to a single Map item.","","Modifies a Map item adding layers of Delirium with the Armour reward type",[],"","",[],[],5000,"<<xbox_button_a>> to select, then <<xbox_button_a>> on a Map item to apply it. Can apply up to 5 to a single Map item.",100,[],[],[],"","","",""
62,62,10,2,"apply_affliction_reward","Right click this item then left click a Map item to apply it. Can apply up to 5 to a single Map item.","","Modifies a Map item adding layers of Delirium with the Map Items reward type",[],"","",[],[],5000,"<<xbox_button_a>> to select, then <<xbox_button_a>> on a Map item to apply it. Can apply up to 5 to a single Map item.",100,[],[],[],"","","",""
63,63,10,2,"apply_affliction_reward","Right click this item then left click a Map item to apply it. Can apply up to 5 to a single Map item.","","Modifies a Map item adding layers of Delirium with the Trinkets reward type",[],"","",[],[],5000,"<<xbox_button_a>> to select, then <<xbox_button_a>> on a Map item to apply it. Can apply up to 5 to a single Map item.",100,[],[],[],"","","",""
64,64,10,2,"apply_affliction_reward","Right click this item then left click a Map item to apply it. Can apply up to 5 to a single Map item.","","Modifies a Map item adding layers of Delirium with the Abyss Items reward type",[],"","",[],[],5000,"<<xbox_button_a>> to select, then <<xbox_button_a>> on a Map item to apply it. Can apply up to 5 to a single Map item.",100,[],[],[],"","","",""
65,65,10,2,"apply_affliction_reward","Right click this item then left click a Map item to apply it. Can apply up to 5 to a single Map item.","","Modifies a Map item adding layers of Delirium with the Expedition Items reward type",[],"","",[],[],5000,"<<xbox_button_a>> to select, then <<xbox_button_a>> on a Map item to apply it. Can apply up to 5 to a single Map item.",100,[],[],[],"","","",""
66,66,10,2,"apply_affliction_reward","Right click this item then left click a Map item to apply it. Can apply up to 5 to a single Map item.","","Modifies a Map item adding layers of Delirium with the Harbinger Items reward type",[],"","",[],[],5000,"<<xbox_button_a>> to select, then <<xbox_button_a>> on a Map item to apply it. Can apply up to 5 to a single Map item.",100,[],[],[],"","","",""
67,67,10,2,"apply_affliction_reward","Right click this item then left click a Map item to apply it. Can apply up to 5 to a single Map item.","","Modifies a Map item adding layers of Delirium with the Breach Items reward type",[],"","",[],[],5000,"<<xbox_button_a>> to select, then <<xbox_button_a>> on a Map item to apply it. Can apply up to 5 to a single Map item.",100,[],[],[],"","","",""
68,68,10,2,"apply_affliction_reward","Right click this item then left click a Map item to apply it. Can apply up to 5 to a single Map item.","","Modifies a Map item adding layers of Delirium with the Essences reward type",[],"","",[],[],5000,"<<xbox_button_a>> to select, then <<xbox_button_a>> on a Map item to apply it. Can apply up to 5 to a single Map item.",100,[],[],[],"","","",""
69,69,10,2,"apply_affliction_reward","Right click this item then left click a Map item to apply it. Can apply up to 5 to a single Map item.","","Modifies a Map item adding layers of Delirium with the Fragments reward type",[],"","",[],[],5000,"<<xbox_button_a>> to select, then <<xbox_button_a>> on a Map item to apply it. Can apply up to 5 to a single Map item.",100,[],[],[],"","","",""
70,70,10,2,"apply_affliction_reward","Right click this item then left click a Map item to apply it. Can apply up to 5 to a single Map item.","","Modifies a Map item adding layers of Delirium with the Scarabs reward type",[],"","",[],[],5000,"<<xbox_button_a>> to select, then <<xbox_button_a>> on a Map item to apply it. Can apply up to 5 to a single Map item.",100,[],[],[],"","","",""
71,71,10,2,"apply_affliction_reward","Right click this item then left click a Map item to apply it. Can apply up to 5 to a single Map item.","","Modifies a Map item adding layers of Delirium with the Fossils reward type",[],"","",[],[],5000,"<<xbox_button_a>> to select, then <<xbox_button_a>> on a Map item to apply it. Can apply up to 5 to a single Map item.",100,[],[],[],"","","",""
72,72,10,2,"apply_affliction_reward","Right click this item then left click a Map item to apply it. Can apply up to 5 to a single Map item.","","Modifies a Map item adding layers of Delirium with the Currency Items reward type",[],"","",[],[],5000,"<<xbox_button_a>> to select, then <<xbox_button_a>> on a Map item to apply it. Can apply up to 5 to a single Map item.",100,[],[],[],"","","",""
73,73,10,2,"apply_affliction_reward","Right click this item then left click a Map item to apply it. Can apply up to 5 to a single Map item.","","Modifies a Map item adding layers of Delirium with the Divination Cards reward type",[],"","",[],[],5000,"<<xbox_button_a>> to select, then <<xbox_button_a>> on a Map item to apply it. Can apply up to 5 to a single Map item.",100,[],[],[],"","","",""
74,74,10,2,"apply_affliction_reward","Right click this item then left click a Map item to apply it. Can apply up to 5 to a single Map item.","","Modifies a Map item adding layers of Delirium with the Generic Items reward type",[],"","",[],[],5000,"<<xbox_button_a>> to select, then <<xbox_button_a>> on a Map item to apply it. Can apply up to 5 to a single Map item.",100,[],[],[],"","","",""
75,75,10,2,"apply_affliction_reward","Right click this item then left click a Map item to apply it. Can apply up to 5 to a single Map item.","","Modifies a Map item adding layers of Delirium with the Talismans reward type",[],"","",[],[],5000,"<<xbox_button_a>> to select, then <<xbox_button_a>> on a Map item to apply it. Can apply up to 5 to a single Map item.",100,[],[],[],"","","",""
76,76,10,2,"apply_affliction_reward","Right click this item then left click a Map item to apply it. Can apply up to 5 to a single Map item.","","Modifies a Map item adding layers of Delirium with the Labyrinth Items reward type",[],"","",[],[],5000,"<<xbox_button_a>> to select, then <<xbox_button_a>> on a Map item to apply it. Can apply up to 5 to a single Map item.",100,[],[],[],"","","",""
77,77,10,2,"apply_affliction_reward","Right click this item then left click a Map item to apply it. Can apply up to 5 to a single Map item.","","Modifies a Map item adding layers of Delirium with the Legion reward type",[],"","",[],[],5000,"<<xbox_button_a>> to select, then <<xbox_button_a>> on a Map item to apply it. Can apply up to 5 to a single Map item.",100,[],[],[],"","","",""
78,78,10,2,"apply_affliction_reward","Right click this item then left click a Map item to apply it. Can apply up to 5 to a single Map item.","","Modifies a Map item adding layers of Delirium with the Blight reward type",[],"","",[],[],5000,"<<xbox_button_a>> to select, then <<xbox_button_a>> on a Map item to apply it. Can apply up to 5 to a single Map item.",100,[],[],[],"","","",""
79,79,10,2,"apply_affliction_reward","Right click this item then left click a Map item to apply it. Can apply up to 5 to a single Map item.","","Modifies a Map item adding layers of Delirium with the Ultimatum reward type",[],"","",[],[],5000,"<<xbox_button_a>> to select, then <<xbox_button_a>> on a Map item to apply it. Can apply up to 5 to a single Map item.",100,[],[],[],"","","",""
80,80,10,2,"apply_affliction_reward","Right click this item then left click a Map item to apply it. Can apply up to 5 to a single Map item.","","Modifies a Map item adding layers of Delirium",[],"","",[],[],5000,"<<xbox_button_a>> to select, then <<xbox_button_a>> on a Map item to apply it. Can apply up to 5 to a single Map item.",100,[],[],[],"","","",""
81,194,10,6,"downgrade_atlas_map","Right click this item then left click a shaped map on the atlas to downgrade it. You can then earn the Shaper's Orb again to reshape another map afterwards.","","Downgrades a map on the Atlas",[],"","",[],[],5000,"<<xbox_button_a>> to select, then <<xbox_button_a>> on a shaped map on the atlas to downgrade it. You can then earn the Shaper's Orb again to reshape another map afterwards.",0,[],[],[],"","","",""
82,81,9,2,"use_essence","Right click this item then left click a normal item to apply it.","","Upgrades a normal item to rare with one guaranteed property",[7719],"","",[],[],5000,"<<xbox_button_a>> to select, then <<xbox_button_a>> on a normal item to apply it.",0,[],[],[],"","","",""
83,82,9,2,"use_essence","Right click this item then left click a normal item to apply it.","","Upgrades a normal item to rare with one guaranteed property",[7719],"","",[],[],5000,"<<xbox_button_a>> to select, then <<xbox_button_a>> on a normal item to apply it.",0,[],[],[],"","","",""
84,83,9,2,"use_essence","Right click this item then left click a normal item to apply it.","","Upgrades a normal item to rare with one guaranteed property",[7719],"","",[],[],5000,"<<xbox_button_a>> to select, then <<xbox_button_a>> on a normal item to apply it.",0,[],[],[],"","","",""
85,84,9,2,"use_essence","Right click this item then left click a normal item to apply it.","","Upgrades a normal item to rare with one guaranteed property",[7719],"","",[],[],5000,"<<xbox_button_a>> to select, then <<xbox_button_a>> on a normal item to apply it.",0,[],[],[],"","","",""
86,85,9,2,"use_high_essence","Right click this item then left click a normal or rare item to apply it.","","Upgrades a normal item to rare or reforges a rare item, guaranteeing one property",[7719],"","",[],[],5000,"<<xbox_button_a>> to select, then <<xbox_button_a>> on a normal or rare item to apply it.",0,[],[],[],1,"Upgrades a normal item to rare with one guaranteed property","",""
87,86,9,2,"use_high_essence","Right click this item then left click a normal or rare item to apply it.","","Upgrades a normal item to rare or reforges a rare item, guaranteeing one property",[7719],"","",[],[],5000,"<<xbox_button_a>> to select, then <<xbox_button_a>> on a normal or rare item to apply it.",0,[],[],[],1,"Upgrades a normal item to rare with one guaranteed property","",""
88,87,9,2,"use_high_essence","Right click this item then left click a normal or rare item to apply it.","","Upgrades a normal item to rare or reforges a rare item, guaranteeing one property",[7719],"","",[],[],5000,"<<xbox_button_a>> to select, then <<xbox_button_a>> on a normal or rare item to apply it.",0,[],[],[],1,"Upgrades a normal item to rare with one guaranteed property","",""
89,88,9,2,"use_essence","Right click this item then left click a normal item to apply it.","","Upgrades a normal item to rare with one guaranteed property",[7719],"","",[],[],5000,"<<xbox_button_a>> to select, then <<xbox_button_a>> on a normal item to apply it.",0,[],[],[],"","","",""
90,89,9,2,"use_essence","Right click this item then left click a normal item to apply it.","","Upgrades a normal item to rare with one guaranteed property",[7719],"","",[],[],5000,"<<xbox_button_a>> to select, then <<xbox_button_a>> on a normal item to apply it.",0,[],[],[],"","","",""
91,90,9,2,"use_essence","Right click this item then left click a normal item to apply it.","","Upgrades a normal item to rare with one guaranteed property",[7719],"","",[],[],5000,"<<xbox_button_a>> to select, then <<xbox_button_a>> on a normal item to apply it.",0,[],[],[],"","","",""
92,91,9,2,"use_essence","Right click this item then left click a normal item to apply it.","","Upgrades a normal item to rare with one guaranteed property",[7719],"","",[],[],5000,"<<xbox_button_a>> to select, then <<xbox_button_a>> on a normal item to apply it.",0,[],[],[],"","","",""
93,92,9,2,"use_high_essence","Right click this item then left click a normal or rare item to apply it.","","Upgrades a normal item to rare or reforges a rare item, guaranteeing one property",[7719],"","",[],[],5000,"<<xbox_button_a>> to select, then <<xbox_button_a>> on a normal or rare item to apply it.",0,[],[],[],1,"Upgrades a normal item to rare with one guaranteed property","",""
94,93,9,2,"use_high_essence","Right click this item then left click a normal or rare item to apply it.","","Upgrades a normal item to rare or reforges a rare item, guaranteeing one property",[7719],"","",[],[],5000,"<<xbox_button_a>> to select, then <<xbox_button_a>> on a normal or rare item to apply it.",0,[],[],[],1,"Upgrades a normal item to rare with one guaranteed property","",""
95,94,9,2,"use_high_essence","Right click this item then left click a normal or rare item to apply it.","","Upgrades a normal item to rare or reforges a rare item, guaranteeing one property",[7719],"","",[],[],5000,"<<xbox_button_a>> to select, then <<xbox_button_a>> on a normal or rare item to apply it.",0,[],[],[],1,"Upgrades a normal item to rare with one guaranteed property","",""
96,95,9,2,"use_essence","Right click this item then left click a normal item to apply it.","","Upgrades a normal item to rare with one guaranteed property",[7719],"","",[],[],5000,"<<xbox_button_a>> to select, then <<xbox_button_a>> on a normal item to apply it.",0,[],[],[],"","","",""
97,96,9,2,"use_essence","Right click this item then left click a normal item to apply it.","","Upgrades a normal item to rare with one guaranteed property",[7719],"","",[],[],5000,"<<xbox_button_a>> to select, then <<xbox_button_a>> on a normal item to apply it.",0,[],[],[],"","","",""
98,97,9,2,"use_essence","Right click this item then left click a normal item to apply it.","","Upgrades a normal item to rare with one guaranteed property",[7719],"","",[],[],5000,"<<xbox_button_a>> to select, then <<xbox_button_a>> on a normal item to apply it.",0,[],[],[],"","","",""
99,98,9,2,"use_essence","Right click this item then left click a normal item to apply it.","","Upgrades a normal item to rare with one guaranteed property",[7719],"","",[],[],5000,"<<xbox_button_a>> to select, then <<xbox_button_a>> on a normal item to apply it.",0,[],[],[],"","","",""
100,99,9,2,"use_high_essence","Right click this item then left click a normal or rare item to apply it.","","Upgrades a normal item to rare or reforges a rare item, guaranteeing one property",[7719],"","",[],[],5000,"<<xbox_button_a>> to select, then <<xbox_button_a>> on a normal or rare item to apply it.",0,[],[],[],1,"Upgrades a normal item to rare with one guaranteed property","",""
101,100,9,2,"use_high_essence","Right click this item then left click a normal or rare item to apply it.","","Upgrades a normal item to rare or reforges a rare item, guaranteeing one property",[7719],"","",[],[],5000,"<<xbox_button_a>> to select, then <<xbox_button_a>> on a normal or rare item to apply it.",0,[],[],[],1,"Upgrades a normal item to rare with one guaranteed property","",""
102,101,9,2,"use_high_essence","Right click this item then left click a normal or rare item to apply it.","","Upgrades a normal item to rare or reforges a rare item, guaranteeing one property",[7719],"","",[],[],5000,"<<xbox_button_a>> to select, then <<xbox_button_a>> on a normal or rare item to apply it.",0,[],[],[],1,"Upgrades a normal item to rare with one guaranteed property","",""
103,102,9,2,"use_essence","Right click this item then left click a normal item to apply it.","","Upgrades a normal item to rare with one guaranteed property",[7719],"","",[],[],5000,"<<xbox_button_a>> to select, then <<xbox_button_a>> on a normal item to apply it.",0,[],[],[],"","","",""
104,103,9,2,"use_essence","Right click this item then left click a normal item to apply it.","","Upgrades a normal item to rare with one guaranteed property",[7719],"","",[],[],5000,"<<xbox_button_a>> to select, then <<xbox_button_a>> on a normal item to apply it.",0,[],[],[],"","","",""
105,104,9,2,"use_essence","Right click this item then left click a normal item to apply it.","","Upgrades a normal item to rare with one guaranteed property",[7719],"","",[],[],5000,"<<xbox_button_a>> to select, then <<xbox_button_a>> on a normal item to apply it.",0,[],[],[],"","","",""
106,105,9,2,"use_essence","Right click this item then left click a normal item to apply it.","","Upgrades a normal item to rare with one guaranteed property",[7719],"","",[],[],5000,"<<xbox_button_a>> to select, then <<xbox_button_a>> on a normal item to apply it.",0,[],[],[],"","","",""
107,106,9,2,"use_high_essence","Right click this item then left click a normal or rare item to apply it.","","Upgrades a normal item to rare or reforges a rare item, guaranteeing one property",[7719],"","",[],[],5000,"<<xbox_button_a>> to select, then <<xbox_button_a>> on a normal or rare item to apply it.",0,[],[],[],1,"Upgrades a normal item to rare with one guaranteed property","",""
108,107,9,2,"use_high_essence","Right click this item then left click a normal or rare item to apply it.","","Upgrades a normal item to rare or reforges a rare item, guaranteeing one property",[7719],"","",[],[],5000,"<<xbox_button_a>> to select, then <<xbox_button_a>> on a normal or rare item to apply it.",0,[],[],[],1,"Upgrades a normal item to rare with one guaranteed property","",""
109,108,9,2,"use_high_essence","Right click this item then left click a normal or rare item to apply it.","","Upgrades a normal item to rare or reforges a rare item, guaranteeing one property",[7719],"","",[],[],5000,"<<xbox_button_a>> to select, then <<xbox_button_a>> on a normal or rare item to apply it.",0,[],[],[],1,"Upgrades a normal item to rare with one guaranteed property","",""
110,109,9,2,"use_essence","Right click this item then left click a normal item to apply it.","","Upgrades a normal item to rare with one guaranteed property",[7719],"","",[],[],5000,"<<xbox_button_a>> to select, then <<xbox_button_a>> on a normal item to apply it.",0,[],[],[],"","","",""
111,110,9,2,"use_essence","Right click this item then left click a normal item to apply it.","","Upgrades a normal item to rare with one guaranteed property",[7719],"","",[],[],5000,"<<xbox_button_a>> to select, then <<xbox_button_a>> on a normal item to apply it.",0,[],[],[],"","","",""
112,111,9,2,"use_essence","Right click this item then left click a normal item to apply it.","","Upgrades a normal item to rare with one guaranteed property",[7719],"","",[],[],5000,"<<xbox_button_a>> to select, then <<xbox_button_a>> on a normal item to apply it.",0,[],[],[],"","","",""
113,112,9,2,"use_high_essence","Right click this item then left click a normal or rare item to apply it.","","Upgrades a normal item to rare or reforges a rare item, guaranteeing one property",[7719],"","",[],[],5000,"<<xbox_button_a>> to select, then <<xbox_button_a>> on a normal or rare item to apply it.",0,[],[],[],1,"Upgrades a normal item to rare with one guaranteed property","",""
114,113,9,2,"use_high_essence","Right click this item then left click a normal or rare item to apply it.","","Upgrades a normal item to rare or reforges a rare item, guaranteeing one property",[7719],"","",[],[],5000,"<<xbox_button_a>> to select, then <<xbox_button_a>> on a normal or rare item to apply it.",0,[],[],[],1,"Upgrades a normal item to rare with one guaranteed property","",""
115,114,9,2,"use_high_essence","Right click this item then left click a normal or rare item to apply it.","","Upgrades a normal item to rare or reforges a rare item, guaranteeing one property",[7719],"","",[],[],5000,"<<xbox_button_a>> to select, then <<xbox_button_a>> on a normal or rare item to apply it.",0,[],[],[],1,"Upgrades a normal item to rare with one guaranteed property","",""
116,115,9,2,"use_essence","Right click this item then left click a normal item to apply it.","","Upgrades a normal item to rare with one guaranteed property",[7719],"","",[],[],5000,"<<xbox_button_a>> to select, then <<xbox_button_a>> on a normal item to apply it.",0,[],[],[],"","","",""
117,116,9,2,"use_essence","Right click this item then left click a normal item to apply it.","","Upgrades a normal item to rare with one guaranteed property",[7719],"","",[],[],5000,"<<xbox_button_a>> to select, then <<xbox_button_a>> on a normal item to apply it.",0,[],[],[],"","","",""
118,117,9,2,"use_essence","Right click this item then left click a normal item to apply it.","","Upgrades a normal item to rare with one guaranteed property",[7719],"","",[],[],5000,"<<xbox_button_a>> to select, then <<xbox_button_a>> on a normal item to apply it.",0,[],[],[],"","","",""
119,118,9,2,"use_high_essence","Right click this item then left click a normal or rare item to apply it.","","Upgrades a normal item to rare or reforges a rare item, guaranteeing one property",[7719],"","",[],[],5000,"<<xbox_button_a>> to select, then <<xbox_button_a>> on a normal or rare item to apply it.",0,[],[],[],1,"Upgrades a normal item to rare with one guaranteed property","",""
120,119,9,2,"use_high_essence","Right click this item then left click a normal or rare item to apply it.","","Upgrades a normal item to rare or reforges a rare item, guaranteeing one property",[7719],"","",[],[],5000,"<<xbox_button_a>> to select, then <<xbox_button_a>> on a normal or rare item to apply it.",0,[],[],[],1,"Upgrades a normal item to rare with one guaranteed property","",""
121,120,9,2,"use_high_essence","Right click this item then left click a normal or rare item to apply it.","","Upgrades a normal item to rare or reforges a rare item, guaranteeing one property",[7719],"","",[],[],5000,"<<xbox_button_a>> to select, then <<xbox_button_a>> on a normal or rare item to apply it.",0,[],[],[],1,"Upgrades a normal item to rare with one guaranteed property","",""
122,121,9,2,"use_essence","Right click this item then left click a normal item to apply it.","","Upgrades a normal item to rare with one guaranteed property",[7719],"","",[],[],5000,"<<xbox_button_a>> to select, then <<xbox_button_a>> on a normal item to apply it.",0,[],[],[],"","","",""
123,122,9,2,"use_essence","Right click this item then left click a normal item to apply it.","","Upgrades a normal item to rare with one guaranteed property",[7719],"","",[],[],5000,"<<xbox_button_a>> to select, then <<xbox_button_a>> on a normal item to apply it.",0,[],[],[],"","","",""
124,123,9,2,"use_essence","Right click this item then left click a normal item to apply it.","","Upgrades a normal item to rare with one guaranteed property",[7719],"","",[],[],5000,"<<xbox_button_a>> to select, then <<xbox_button_a>> on a normal item to apply it.",0,[],[],[],"","","",""
125,124,9,2,"use_high_essence","Right click this item then left click a normal or rare item to apply it.","","Upgrades a normal item to rare or reforges a rare item, guaranteeing one property",[7719],"","",[],[],5000,"<<xbox_button_a>> to select, then <<xbox_button_a>> on a normal or rare item to apply it.",0,[],[],[],1,"Upgrades a normal item to rare with one guaranteed property","",""
126,125,9,2,"use_high_essence","Right click this item then left click a normal or rare item to apply it.","","Upgrades a normal item to rare or reforges a rare item, guaranteeing one property",[7719],"","",[],[],5000,"<<xbox_button_a>> to select, then <<xbox_button_a>> on a normal or rare item to apply it.",0,[],[],[],1,"Upgrades a normal item to rare with one guaranteed property","",""
127,126,9,2,"use_high_essence","Right click this item then left click a normal or rare item to apply it.","","Upgrades a normal item to rare or reforges a rare item, guaranteeing one property",[7719],"","",[],[],5000,"<<xbox_button_a>> to select, then <<xbox_button_a>> on a normal or rare item to apply it.",0,[],[],[],1,"Upgrades a normal item to rare with one guaranteed property","",""
128,127,9,2,"use_essence","Right click this item then left click a normal item to apply it.","","Upgrades a normal item to rare with one guaranteed property",[7719],"","",[],[],5000,"<<xbox_button_a>> to select, then <<xbox_button_a>> on a normal item to apply it.",0,[],[],[],"","","",""
129,128,9,2,"use_essence","Right click this item then left click a normal item to apply it.","","Upgrades a normal item to rare with one guaranteed property",[7719],"","",[],[],5000,"<<xbox_button_a>> to select, then <<xbox_button_a>> on a normal item to apply it.",0,[],[],[],"","","",""
130,129,9,2,"use_essence","Right click this item then left click a normal item to apply it.","","Upgrades a normal item to rare with one guaranteed property",[7719],"","",[],[],5000,"<<xbox_button_a>> to select, then <<xbox_button_a>> on a normal item to apply it.",0,[],[],[],"","","",""
131,130,9,2,"use_high_essence","Right click this item then left click a normal or rare item to apply it.","","Upgrades a normal item to rare or reforges a rare item, guaranteeing one property",[7719],"","",[],[],5000,"<<xbox_button_a>> to select, then <<xbox_button_a>> on a normal or rare item to apply it.",0,[],[],[],1,"Upgrades a normal item to rare with one guaranteed property","",""
132,131,9,2,"use_high_essence","Right click this item then left click a normal or rare item to apply it.","","Upgrades a normal item to rare or reforges a rare item, guaranteeing one property",[7719],"","",[],[],5000,"<<xbox_button_a>> to select, then <<xbox_button_a>> on a normal or rare item to apply it.",0,[],[],[],1,"Upgrades a normal item to rare with one guaranteed property","",""
133,132,9,2,"use_high_essence","Right click this item then left click a normal or rare item to apply it.","","Upgrades a normal item to rare or reforges a rare item, guaranteeing one property",[7719],"","",[],[],5000,"<<xbox_button_a>> to select, then <<xbox_button_a>> on a normal or rare item to apply it.",0,[],[],[],1,"Upgrades a normal item to rare with one guaranteed property","",""
134,133,9,2,"use_essence","Right click this item then left click a normal item to apply it.","","Upgrades a normal item to rare with one guaranteed property",[7719],"","",[],[],5000,"<<xbox_button_a>> to select, then <<xbox_button_a>> on a normal item to apply it.",0,[],[],[],"","","",""
135,134,9,2,"use_essence","Right click this item then left click a normal item to apply it.","","Upgrades a normal item to rare with one guaranteed property",[7719],"","",[],[],5000,"<<xbox_button_a>> to select, then <<xbox_button_a>> on a normal item to apply it.",0,[],[],[],"","","",""
136,135,9,2,"use_high_essence","Right click this item then left click a normal or rare item to apply it.","","Upgrades a normal item to rare or reforges a rare item, guaranteeing one property",[7719],"","",[],[],5000,"<<xbox_button_a>> to select, then <<xbox_button_a>> on a normal or rare item to apply it.",0,[],[],[],1,"Upgrades a normal item to rare with one guaranteed property","",""
137,136,9,2,"use_high_essence","Right click this item then left click a normal or rare item to apply it.","","Upgrades a normal item to rare or reforges a rare item, guaranteeing one property",[7719],"","",[],[],5000,"<<xbox_button_a>> to select, then <<xbox_button_a>> on a normal or rare item to apply it.",0,[],[],[],1,"Upgrades a normal item to rare with one guaranteed property","",""
138,137,9,2,"use_high_essence","Right click this item then left click a normal or rare item to apply it.","","Upgrades a normal item to rare or reforges a rare item, guaranteeing one property",[7719],"","",[],[],5000,"<<xbox_button_a>> to select, then <<xbox_button_a>> on a normal or rare item to apply it.",0,[],[],[],1,"Upgrades a normal item to rare with one guaranteed property","",""
139,138,9,2,"use_essence","Right click this item then left click a normal item to apply it.","","Upgrades a normal item to rare with one guaranteed property",[7719],"","",[],[],5000,"<<xbox_button_a>> to select, then <<xbox_button_a>> on a normal item to apply it.",0,[],[],[],"","","",""
140,139,9,2,"use_essence","Right click this item then left click a normal item to apply it.","","Upgrades a normal item to rare with one guaranteed property",[7719],"","",[],[],5000,"<<xbox_button_a>> to select, then <<xbox_button_a>> on a normal item to apply it.",0,[],[],[],"","","",""
141,140,9,2,"use_high_essence","Right click this item then left click a normal or rare item to apply it.","","Upgrades a normal item to rare or reforges a rare item, guaranteeing one property",[7719],"","",[],[],5000,"<<xbox_button_a>> to select, then <<xbox_button_a>> on a normal or rare item to apply it.",0,[],[],[],1,"Upgrades a normal item to rare with one guaranteed property","",""
142,141,9,2,"use_high_essence","Right click this item then left click a normal or rare item to apply it.","","Upgrades a normal item to rare or reforges a rare item, guaranteeing one property",[7719],"","",[],[],5000,"<<xbox_button_a>> to select, then <<xbox_button_a>> on a normal or rare item to apply it.",0,[],[],[],1,"Upgrades a normal item to rare with one guaranteed property","",""
143,142,9,2,"use_high_essence","Right click this item then left click a normal or rare item to apply it.","","Upgrades a normal item to rare or reforges a rare item, guaranteeing one property",[7719],"","",[],[],5000,"<<xbox_button_a>> to select, then <<xbox_button_a>> on a normal or rare item to apply it.",0,[],[],[],1,"Upgrades a normal item to rare with one guaranteed property","",""
144,143,9,2,"use_essence","Right click this item then left click a normal item to apply it.","","Upgrades a normal item to rare with one guaranteed property",[7719],"","",[],[],5000,"<<xbox_button_a>> to select, then <<xbox_button_a>> on a normal item to apply it.",0,[],[],[],"","","",""
145,144,9,2,"use_essence","Right click this item then left click a normal item to apply it.","","Upgrades a normal item to rare with one guaranteed property",[7719],"","",[],[],5000,"<<xbox_button_a>> to select, then <<xbox_button_a>> on a normal item to apply it.",0,[],[],[],"","","",""
146,145,9,2,"use_high_essence","Right click this item then left click a normal or rare item to apply it.","","Upgrades a normal item to rare or reforges a rare item, guaranteeing one property",[7719],"","",[],[],5000,"<<xbox_button_a>> to select, then <<xbox_button_a>> on a normal or rare item to apply it.",0,[],[],[],1,"Upgrades a normal item to rare with one guaranteed property","",""
147,146,9,2,"use_high_essence","Right click this item then left click a normal or rare item to apply it.","","Upgrades a normal item to rare or reforges a rare item, guaranteeing one property",[7719],"","",[],[],5000,"<<xbox_button_a>> to select, then <<xbox_button_a>> on a normal or rare item to apply it.",0,[],[],[],1,"Upgrades a normal item to rare with one guaranteed property","",""
148,147,9,2,"use_high_essence","Right click this item then left click a normal or rare item to apply it.","","Upgrades a normal item to rare or reforges a rare item, guaranteeing one property",[7719],"","",[],[],5000,"<<xbox_button_a>> to select, then <<xbox_button_a>> on a normal or rare item to apply it.",0,[],[],[],1,"Upgrades a normal item to rare with one guaranteed property","",""
149,148,9,2,"use_essence","Right click this item then left click a normal item to apply it.","","Upgrades a normal item to rare with one guaranteed property",[7719],"","",[],[],5000,"<<xbox_button_a>> to select, then <<xbox_button_a>> on a normal item to apply it.",0,[],[],[],"","","",""
150,149,9,2,"use_essence","Right click this item then left click a normal item to apply it.","","Upgrades a normal item to rare with one guaranteed property",[7719],"","",[],[],5000,"<<xbox_button_a>> to select, then <<xbox_button_a>> on a normal item to apply it.",0,[],[],[],"","","",""
151,150,9,2,"use_high_essence","Right click this item then left click a normal or rare item to apply it.","","Upgrades a normal item to rare or reforges a rare item, guaranteeing one property",[7719],"","",[],[],5000,"<<xbox_button_a>> to select, then <<xbox_button_a>> on a normal or rare item to apply it.",0,[],[],[],1,"Upgrades a normal item to rare with one guaranteed property","",""
152,151,9,2,"use_high_essence","Right click this item then left click a normal or rare item to apply it.","","Upgrades a normal item to rare or reforges a rare item, guaranteeing one property",[7719],"","",[],[],5000,"<<xbox_button_a>> to select, then <<xbox_button_a>> on a normal or rare item to apply it.",0,[],[],[],1,"Upgrades a normal item to rare with one guaranteed property","",""
153,152,9,2,"use_high_essence","Right click this item then left click a normal or rare item to apply it.","","Upgrades a normal item to rare or reforges a rare item, guaranteeing one property",[7719],"","",[],[],5000,"<<xbox_button_a>> to select, then <<xbox_button_a>> on a normal or rare item to apply it.",0,[],[],[],1,"Upgrades a normal item to rare with one guaranteed property","",""
154,153,9,2,"use_essence","Right click this item then left click a normal item to apply it.","","Upgrades a normal item to rare with one guaranteed property",[7719],"","",[],[],5000,"<<xbox_button_a>> to select, then <<xbox_button_a>> on a normal item to apply it.",0,[],[],[],"","","",""
155,154,9,2,"use_high_essence","Right click this item then left click a normal or rare item to apply it.","","Upgrades a normal item to rare or reforges a rare item, guaranteeing one property",[7719],"","",[],[],5000,"<<xbox_button_a>> to select, then <<xbox_button_a>> on a normal or rare item to apply it.",0,[],[],[],1,"Upgrades a normal item to rare with one guaranteed property","",""
156,155,9,2,"use_high_essence","Right click this item then left click a normal or rare item to apply it.","","Upgrades a normal item to rare or reforges a rare item, guaranteeing one property",[7719],"","",[],[],5000,"<<xbox_button_a>> to select, then <<xbox_button_a>> on a normal or rare item to apply it.",0,[],[],[],1,"Upgrades a normal item to rare with one guaranteed property","",""
157,156,9,2,"use_high_essence","Right click this item then left click a normal or rare item to apply it.","","Upgrades a normal item to rare or reforges a rare item, guaranteeing one property",[7719],"","",[],[],5000,"<<xbox_button_a>> to select, then <<xbox_button_a>> on a normal or rare item to apply it.",0,[],[],[],1,"Upgrades a normal item to rare with one guaranteed property","",""
158,157,9,2,"use_essence","Right click this item then left click a normal item to apply it.","","Upgrades a normal item to rare with one guaranteed property",[7719],"","",[],[],5000,"<<xbox_button_a>> to select, then <<xbox_button_a>> on a normal item to apply it.",0,[],[],[],"","","",""
159,158,9,2,"use_high_essence","Right click this item then left click a normal or rare item to apply it.","","Upgrades a normal item to rare or reforges a rare item, guaranteeing one property",[7719],"","",[],[],5000,"<<xbox_button_a>> to select, then <<xbox_button_a>> on a normal or rare item to apply it.",0,[],[],[],1,"Upgrades a normal item to rare with one guaranteed property","",""
160,159,9,2,"use_high_essence","Right click this item then left click a normal or rare item to apply it.","","Upgrades a normal item to rare or reforges a rare item, guaranteeing one property",[7719],"","",[],[],5000,"<<xbox_button_a>> to select, then <<xbox_button_a>> on a normal or rare item to apply it.",0,[],[],[],1,"Upgrades a normal item to rare with one guaranteed property","",""
161,160,9,2,"use_high_essence","Right click this item then left click a normal or rare item to apply it.","","Upgrades a normal item to rare or reforges a rare item, guaranteeing one property",[7719],"","",[],[],5000,"<<xbox_button_a>> to select, then <<xbox_button_a>> on a normal or rare item to apply it.",0,[],[],[],1,"Upgrades a normal item to rare with one guaranteed property","",""
162,161,9,2,"use_essence","Right click this item then left click a normal item to apply it.","","Upgrades a normal item to rare with one guaranteed property",[7719],"","",[],[],5000,"<<xbox_button_a>> to select, then <<xbox_button_a>> on a normal item to apply it.",0,[],[],[],"","","",""
163,162,9,2,"use_high_essence","Right click this item then left click a normal or rare item to apply it.","","Upgrades a normal item to rare or reforges a rare item, guaranteeing one property",[7719],"","",[],[],5000,"<<xbox_button_a>> to select, then <<xbox_button_a>> on a normal or rare item to apply it.",0,[],[],[],1,"Upgrades a normal item to rare with one guaranteed property","",""
164,163,9,2,"use_high_essence","Right click this item then left click a normal or rare item to apply it.","","Upgrades a normal item to rare or reforges a rare item, guaranteeing one property",[7719],"","",[],[],5000,"<<xbox_button_a>> to select, then <<xbox_button_a>> on a normal or rare item to apply it.",0,[],[],[],1,"Upgrades a normal item to rare with one guaranteed property","",""
165,164,9,2,"use_high_essence","Right click this item then left click a normal or rare item to apply it.","","Upgrades a normal item to rare or reforges a rare item, guaranteeing one property",[7719],"","",[],[],5000,"<<xbox_button_a>> to select, then <<xbox_button_a>> on a normal or rare item to apply it.",0,[],[],[],1,"Upgrades a normal item to rare with one guaranteed property","",""
166,165,9,2,"use_essence","Right click this item then left click a normal item to apply it.","","Upgrades a normal item to rare with one guaranteed property",[7719],"","",[],[],5000,"<<xbox_button_a>> to select, then <<xbox_button_a>> on a normal item to apply it.",0,[],[],[],"","","",""
167,166,9,2,"use_high_essence","Right click this item then left click a normal or rare item to apply it.","","Upgrades a normal item to rare or reforges a rare item, guaranteeing one property",[7719],"","",[],[],5000,"<<xbox_button_a>> to select, then <<xbox_button_a>> on a normal or rare item to apply it.",0,[],[],[],1,"Upgrades a normal item to rare with one guaranteed property","",""
168,167,9,2,"use_high_essence","Right click this item then left click a normal or rare item to apply it.","","Upgrades a normal item to rare or reforges a rare item, guaranteeing one property",[7719],"","",[],[],5000,"<<xbox_button_a>> to select, then <<xbox_button_a>> on a normal or rare item to apply it.",0,[],[],[],1,"Upgrades a normal item to rare with one guaranteed property","",""
169,168,9,2,"use_high_essence","Right click this item then left click a normal or rare item to apply it.","","Upgrades a normal item to rare or reforges a rare item, guaranteeing one property",[7719],"","",[],[],5000,"<<xbox_button_a>> to select, then <<xbox_button_a>> on a normal or rare item to apply it.",0,[],[],[],1,"Upgrades a normal item to rare with one guaranteed property","",""
170,169,9,2,"use_high_essence","Right click this item then left click a normal or rare item to apply it.","","Upgrades a normal item to rare or reforges a rare item, guaranteeing one property",[7719],"","",[],[],5000,"<<xbox_button_a>> to select, then <<xbox_button_a>> on a normal or rare item to apply it.",0,[],[],[],1,"Upgrades a normal item to rare with one guaranteed property","",""
171,170,9,2,"use_high_essence","Right click this item then left click a normal or rare item to apply it.","","Upgrades a normal item to rare or reforges a rare item, guaranteeing one property",[7719],"","",[],[],5000,"<<xbox_button_a>> to select, then <<xbox_button_a>> on a normal or rare item to apply it.",0,[],[],[],1,"Upgrades a normal item to rare with one guaranteed property","",""
172,171,9,2,"use_high_essence","Right click this item then left click a normal or rare item to apply it.","","Upgrades a normal item to rare or reforges a rare item, guaranteeing one property",[7719],"","",[],[],5000,"<<xbox_button_a>> to select, then <<xbox_button_a>> on a normal or rare item to apply it.",0,[],[],[],1,"Upgrades a normal item to rare with one guaranteed property","",""
173,172,9,2,"use_high_essence","Right click this item then left click a normal or rare item to apply it.","","Upgrades a normal item to rare or reforges a rare item, guaranteeing one property",[7719],"","",[],[],5000,"<<xbox_button_a>> to select, then <<xbox_button_a>> on a normal or rare item to apply it.",0,[],[],[],1,"Upgrades a normal item to rare with one guaranteed property","",""
174,173,9,2,"use_high_essence","Right click this item then left click a normal or rare item to apply it.","","Upgrades a normal item to rare or reforges a rare item, guaranteeing one property",[7719],"","",[],[],5000,"<<xbox_button_a>> to select, then <<xbox_button_a>> on a normal or rare item to apply it.",0,[],[],[],1,"Upgrades a normal item to rare with one guaranteed property","",""
175,174,9,2,"use_high_essence","Right click this item then left click a normal or rare item to apply it.","","Upgrades a normal item to rare or reforges a rare item, guaranteeing one property",[7719],"","",[],[],5000,"<<xbox_button_a>> to select, then <<xbox_button_a>> on a normal or rare item to apply it.",0,[],[],[],1,"Upgrades a normal item to rare with one guaranteed property","",""
176,175,9,2,"use_high_essence","Right click this item then left click a normal or rare item to apply it.","","Upgrades a normal item to rare or reforges a rare item, guaranteeing one property",[7719],"","",[],[],5000,"<<xbox_button_a>> to select, then <<xbox_button_a>> on a normal or rare item to apply it.",0,[],[],[],1,"Upgrades a normal item to rare with one guaranteed property","",""
177,176,9,2,"use_high_essence","Right click this item then left click a normal or rare item to apply it.","","Upgrades a normal item to rare or reforges a rare item, guaranteeing one property",[7719],"","",[],[],5000,"<<xbox_button_a>> to select, then <<xbox_button_a>> on a normal or rare item to apply it.",0,[],[],[],1,"Upgrades a normal item to rare with one guaranteed property","",""
178,177,9,2,"use_high_essence","Right click this item then left click a normal or rare item to apply it.","","Upgrades a normal item to rare or reforges a rare item, guaranteeing one property",[7719],"","",[],[],5000,"<<xbox_button_a>> to select, then <<xbox_button_a>> on a normal or rare item to apply it.",0,[],[],[],1,"Upgrades a normal item to rare with one guaranteed property","",""
179,178,9,2,"use_high_essence","Right click this item then left click a normal or rare item to apply it.","","Upgrades a normal item to rare or reforges a rare item, guaranteeing one property",[7719],"","",[],[],5000,"<<xbox_button_a>> to select, then <<xbox_button_a>> on a normal or rare item to apply it.",0,[],[],[],1,"Upgrades a normal item to rare with one guaranteed property","",""
180,179,9,2,"use_high_essence","Right click this item then left click a normal or rare item to apply it.","","Upgrades a normal item to rare or reforges a rare item, guaranteeing one property",[7719],"","",[],[],5000,"<<xbox_button_a>> to select, then <<xbox_button_a>> on a normal or rare item to apply it.",0,[],[],[],1,"Upgrades a normal item to rare with one guaranteed property","",""
181,180,9,2,"use_high_essence","Right click this item then left click a normal or rare item to apply it.","","Upgrades a normal item to rare or reforges a rare item, guaranteeing one property",[7719],"","",[],[],5000,"<<xbox_button_a>> to select, then <<xbox_button_a>> on a normal or rare item to apply it.",0,[],[],[],1,"Upgrades a normal item to rare with one guaranteed property","",""
182,181,9,2,"use_high_essence","Right click this item then left click a normal or rare item to apply it.","","Upgrades a normal item to rare or reforges a rare item, guaranteeing one property",[9998],"","",[],[],5000,"<<xbox_button_a>> to select, then <<xbox_button_a>> on a normal or rare item to apply it.",0,[],[],[],1,"Upgrades a normal item to rare with one guaranteed property","",""
183,182,9,2,"use_high_essence","Right click this item then left click a normal or rare item to apply it.","","Upgrades a normal item to rare or reforges a rare item, guaranteeing one property",[9998],"","",[],[],5000,"<<xbox_button_a>> to select, then <<xbox_button_a>> on a normal or rare item to apply it.",0,[],[],[],1,"Upgrades a normal item to rare with one guaranteed property","",""
184,183,9,2,"use_high_essence","Right click this item then left click a normal or rare item to apply it.","","Upgrades a normal item to rare or reforges a rare item, guaranteeing one property",[9998],"","",[],[],5000,"<<xbox_button_a>> to select, then <<xbox_button_a>> on a normal or rare item to apply it.",0,[],[],[],1,"Upgrades a normal item to rare with one guaranteed property","",""
185,184,9,2,"use_high_essence","Right click this item then left click a normal or rare item to apply it.","","Upgrades a normal item to rare or reforges a rare item, guaranteeing one property",[9998],"","",[],[],5000,"<<xbox_button_a>> to select, then <<xbox_button_a>> on a normal or rare item to apply it.",0,[],[],[],1,"Upgrades a normal item to rare with one guaranteed property","",""
186,185,9,2,"corrupt_monolith","Right click this item then left click a monster trapped by Essences to corrupt them. Corrupted Essences cannot be modified again.","","Corrupts the Essences trapping a monster, modifying them unpredictably","[1027,7712,8917,10138]","","",[],[],5000,"Use this item on a monster trapped by Essences to corrupt them. Corrupted Essences cannot be modified again.",0,[],[],[],"","","",""
187,186,10,2,"add_atlas_mod_low","Right click this item then left click a Voidstone to apply it.","","Adds or rerolls a modifier on a Voidstone",[],"","","[2,6]","[10,10]",5000,"<<xbox_button_a>> to select, then <<xbox_button_a>> on a Voidstone to apply it.",0,[],[],[],"","","",""
188,187,10,2,"add_atlas_mod_mid","Right click this item then left click a Voidstone to apply it.","","Adds or rerolls a modifier on a Voidstone",[],"","","[2,6]","[20,10]",5000,"<<xbox_button_a>> to select, then <<xbox_button_a>> on a Voidstone to apply it.",0,[],[],[],"","","",""
189,188,10,2,"add_atlas_mod_high","Right click this item then left click a Voidstone to apply it.","","Adds or rerolls a modifier on a Voidstone",[4223],"","","[2,6]","[30,10]",5000,"<<xbox_button_a>> to select, then <<xbox_button_a>> on a Voidstone to apply it.",0,[],[],[],"","","",""
190,189,10,2,"add_atlas_mod_maven","Right click this item then left click a Voidstone to apply it.","","Adds or rerolls a modifier on a Voidstone",[],"","",[],[],5000,"<<xbox_button_a>> to select, then <<xbox_button_a>> on a Voidstone to apply it.",0,[],[],[],"","","",""
191,191,10,6,"seal_map_low","Right click this item then left click a white map on the Atlas to apply it.","","Uncompletes a white map on the Atlas",[],"","",[],[],5000,"<<xbox_button_a>> to select, then <<xbox_button_a>> on a white map on the Atlas to apply it.",0,[],[],[],"","","",""
192,192,10,6,"seal_map_mid","Right click this item then left click a yellow or white map on the Atlas to apply it.","","Uncompletes a yellow or white map on the Atlas",[],"","",[],[],5000,"<<xbox_button_a>> to select, then <<xbox_button_a>> on a yellow or white map on the Atlas to apply it.",0,[],[],[],"","","",""
193,193,10,6,"seal_map_high","Right click this item then left click any map on the Atlas to apply it.","","Uncompletes any map on the Atlas",[],"","",[],[],5000,"<<xbox_button_a>> to select, then <<xbox_button_a>> on any map on the Atlas to apply it.",0,[],[],[],"","","",""
194,195,100,3,"","Combine 100 Splinters to create Xoph's Breachstone.",2871,"",[],"","",[],[],5000,"Combine 100 Splinters to create Xoph's Breachstone.",0,[],[],[],"","","",""
195,196,100,3,"","Combine 100 Splinters to create Tul's Breachstone.",2872,"",[],"","",[],[],5000,"Combine 100 Splinters to create Tul's Breachstone.",0,[],[],[],"","","",""
196,197,100,3,"","Combine 100 Splinters to create Esh's Breachstone.",2873,"",[],"","",[],[],5000,"Combine 100 Splinters to create Esh's Breachstone.",0,[],[],[],"","","",""
197,198,100,3,"","Combine 100 Splinters to create Uul-Netol's Breachstone.",2874,"",[],"","",[],[],5000,"Combine 100 Splinters to create Uul-Netol's Breachstone.",0,[],[],[],"","","",""
198,199,100,3,"","Combine 100 splinters to create Chayula's Breachstone.",2875,"",[],"","",[],[],5000,"Combine 100 splinters to create Chayula's Breachstone.",0,[],[],[],"","","",""
199,200,10,2,"upgrade_breach_item","Right click this item then left click an applicable breach unique item to upgrade it.","","Upgrades a breach unique item or breachstone to a more powerful version",[9159],"","",[],[],5000,"<<xbox_button_a>> to select, then <<xbox_button_a>> on an applicable breach unique item to upgrade it.",0,[],[],[],"","","",""
200,201,10,2,"upgrade_breach_item","Right click this item then left click an applicable breach unique item to upgrade it.","","Upgrades a breach unique item or breachstone to a more powerful version",[9159],"","",[],[],5000,"<<xbox_button_a>> to select, then <<xbox_button_a>> on an applicable breach unique item to upgrade it.",0,[],[],[],"","","",""
201,202,10,2,"upgrade_breach_item","Right click this item then left click an applicable breach unique item to upgrade it.","","Upgrades a breach unique item or breachstone to a more powerful version",[9159],"","",[],[],5000,"<<xbox_button_a>> to select, then <<xbox_button_a>> on an applicable breach unique item to upgrade it.",0,[],[],[],"","","",""
202,203,10,2,"upgrade_breach_item","Right click this item then left click an applicable breach unique item to upgrade it.","","Upgrades a breach unique item or breachstone to a more powerful version",[9159],"","",[],[],5000,"<<xbox_button_a>> to select, then <<xbox_button_a>> on an applicable breach unique item to upgrade it.",0,[],[],[],"","","",""
203,204,10,2,"upgrade_breach_item","Right click this item then left click an applicable breach unique item to upgrade it.","","Upgrades a breach unique item or breachstone to a more powerful version",[9159],"","",[],[],5000,"<<xbox_button_a>> to select, then <<xbox_button_a>> on an applicable breach unique item to upgrade it.",0,[],[],[],"","","",""
204,205,100,3,"","Combine 100 Splinters to create a Timeless Karui Emblem.",2896,"",[],"","",[],[],5000,"Combine 100 Splinters to create a Timeless Karui Emblem.",0,[],[],[],"","","",""
205,206,100,3,"","Combine 100 Splinters to create a Timeless Maraketh Emblem.",2897,"",[],"","",[],[],5000,"Combine 100 Splinters to create a Timeless Maraketh Emblem.",0,[],[],[],"","","",""
206,207,100,3,"","Combine 100 Splinters to create a Timeless Eternal Emblem.",2898,"",[],"","",[],[],5000,"Combine 100 Splinters to create a Timeless Eternal Emblem.",0,[],[],[],"","","",""
207,208,100,3,"","Combine 100 Splinters to create a Timeless Templar Emblem.",2899,"",[],"","",[],[],5000,"Combine 100 Splinters to create a Timeless Templar Emblem.",0,[],[],[],"","","",""
208,209,100,3,"","Combine 100 Splinters to create a Timeless Vaal Emblem.",2900,"",[],"","",[],[],5000,"Combine 100 Splinters to create a Timeless Vaal Emblem.",0,[],[],[],"","","",""
209,210,300,3,"","Combine 300 Splinters to create a Simulacrum.",2906,"",[],"","",[],[],5000,"Combine 300 Splinters to create a Simulacrum.",0,[],[],[],"","","",""
210,211,20,2,"remove_random_mod","Right click this item then left click on a magic or rare item to apply it.","","Removes a random modifier from an item",[10418],"","",[],[],5000,"<<xbox_button_a>> to select, then <<xbox_button_a>> on a magic or rare item to apply it.",0,[],[],[],"","","",""
211,212,20,2,"transmute_to_rare_with_sockets","Right click this item then left click a normal item to apply it.","","Upgrades a normal item to a rare item with up to four linked sockets",[],"","",[],[],5000,"<<xbox_button_a>> to select, then <<xbox_button_a>> on a normal item to apply it.",0,[],[],[],"","","",""
212,213,20,2,"reroll_map_type","Right click this item then left click a map to apply it.","","Reforges a map item as another of the same tier",[],"","",[],[],5000,"<<xbox_button_a>> to select, then <<xbox_button_a>> on a map to apply it.",0,[7008],[],[],"","","",""
213,214,20,2,"upgrade_map_tier","Right click this item then left click a map to apply it.","","Reforges a map item as another of a higher tier",[10155],"","",[],[],5000,"<<xbox_button_a>> to select, then <<xbox_button_a>> on a map to apply it.",0,[7009],[],[],"","","",""
214,215,20,2,"add_strongbox_quality","Right click this item then left click a Strongbox to apply it. Has greater effect on lower rarity Strongboxes. The maximum quality is 20%.","","Improves the quality of a Strongbox",[],"","",[],[],5000,"<<xbox_button_a>> to select, then <<xbox_button_a>> on a Strongbox to apply it. Has greater effect on lower rarity Strongboxes. The maximum quality is 20%.",0,[],[],[],"","","",""
215,216,20,2,"add_strongbox_quality_infused","Right click this item then left click a Strongbox to apply it.","","Greatly improves the quality and rewards of a Strongbox and strengthens its defenders",[],"","",[],[],5000,"<<xbox_button_a>> to select, then <<xbox_button_a>> on a Strongbox to apply it.",0,[],[],[],"","","",""
216,217,20,2,"reroll_unique","Right click this item then left click a unique item to apply it.","","Reforges a unique equipment as another of the same item class",[9163],"","",[],[],5000,"<<xbox_button_a>> to select, then <<xbox_button_a>> on a unique item to apply it.",0,[],[],[],"","","",""
217,218,20,2,"fracture_random_mod","Right click this item then left click a rare item to apply it. Cannot be used on Influenced, Synthesised or Fractured items.","","Fracture a random modifier on a rare item with at least 4 modifiers, locking it in place",[10501],"","",[],[],5000,"<<xbox_button_a>> to select, then <<xbox_button_a>> on a rare item to apply it. Cannot be used on Influenced, Synthesised or Fractured items.",0,[],[],[],"","","",""
218,219,20,3,"","A stack of 20 shards becomes an Orb of Annulment.",211,"",[],"","",[],[],0,"A stack of 20 shards becomes an Orb of Annulment",0,[],[],[],"","","",""
219,220,20,3,"","A stack of 20 shards becomes an Orb of Binding.",212,"",[],"","",[],[],0,"A stack of 20 shards becomes an Orb of Binding",0,[],[],[],"","","",""
220,221,20,3,"","A stack of 20 shards becomes an Orb of Horizons.",213,"",[],"","",[],[],0,"A stack of 20 shards becomes an Orb of Horizons",0,[],[],[],"","","",""
221,222,20,3,"","A stack of 20 shards becomes a Harbinger's Orb.",214,"",[],"","",[],[],0,"A stack of 20 shards becomes a Harbinger's Orb",0,[],[],[],"","","",""
222,223,20,3,"","A stack of 20 shards becomes an Engineer's Orb.",215,"",[],"","",[],[],0,"A stack of 20 shards becomes an Engineer's Orb",0,[],[],[],"","","",""
223,224,20,3,"","A stack of 20 shards becomes an Ancient Orb.",217,"",[],"","",[],[],0,"A stack of 20 shards becomes an Ancient Orb",0,[],[],[],"","","",""
224,225,20,3,"","A stack of 20 shards becomes a Chaos Orb.",2,"",[],"","",[],[],0,"A stack of 20 shards becomes a Chaos Orb",0,[],[],[],"","","",""
225,226,20,3,"","A stack of 20 shards becomes a Mirror of Kalandra.",5,"",[],"","",[],[],0,"A stack of 20 shards becomes a Mirror of Kalandra",0,[],[],[],"","","",""
226,227,20,3,"","A stack of 20 shards becomes an Exalted Orb.",13,"",[],"","",[],[],0,"A stack of 20 shards becomes an Exalted Orb",0,[],[],[],"","","",""
227,228,20,3,"","A stack of 20 shards becomes a Regal Orb.",14,"",[],"","",[],[],0,"A stack of 20 shards becomes a Regal Orb",0,[],[],[],"","","",""
228,229,20,3,"","A stack of 20 shards becomes a Fracturing Orb.",218,"",[],"","",[],[],0,"A stack of 20 shards becomes a Fracturing Orb",0,[],[],[],"","","",""
229,2835,10,3,"","Can be used in a personal Map Device.","","",[],"","",[],[],5000,"Can be used in a personal Map Device.",0,[],[],[],"","","",""
230,2836,10,3,"","Can be used in a personal Map Device.","","",[],"","",[],[],5000,"Can be used in a personal Map Device.",0,[],[],[],"","","",""
231,2837,10,3,"","Can be used in a personal Map Device.","","",[],"","",[],[],5000,"Can be used in a personal Map Device.",0,[],[],[],"","","",""
232,2838,10,3,"","Can be used in a personal Map Device.","","",[],"","",[],[],5000,"Can be used in a personal Map Device.",0,[],[],[],"","","",""
233,2840,10,3,"","Can be used in a personal Map Device.","","",[],"","",[],[],5000,"Can be used in a personal Map Device.",0,[],[],[],"","","",""
234,2841,10,3,"","Can be used in a personal Map Device.","","",[],"","",[],[],5000,"Can be used in a personal Map Device.",0,[],[],[],"","","",""
235,2842,10,3,"","Can be used in a personal Map Device.","","",[],"","",[],[],5000,"Can be used in a personal Map Device.",0,[],[],[],"","","",""
236,2843,10,3,"","Can be used in a personal Map Device.","","",[],"","",[],[],5000,"Can be used in a personal Map Device.",0,[],[],[],"","","",""
237,2845,10,3,"","Can be used in a personal Map Device.","","",[],"","",[],[],5000,"Can be used in a personal Map Device.",0,[],[],[],"","","",""
238,2846,10,3,"","Can be used in a personal Map Device.","","",[],"","",[],[],5000,"Can be used in a personal Map Device.",0,[],[],[],"","","",""
239,2847,10,3,"","Can be used in a personal Map Device.","","",[],"","",[],[],5000,"Can be used in a personal Map Device.",0,[],[],[],"","","",""
240,2848,10,3,"","Can be used in a personal Map Device.","","",[],"","",[],[],5000,"Can be used in a personal Map Device.",0,[],[],[],"","","",""
241,2850,10,3,"","Can be used in a personal Map Device.","","",[],"","",[],[],5000,"Can be used in a personal Map Device.",0,[],[],[],"","","",""
242,2851,10,3,"","Can be used in a personal Map Device.","","",[],"","",[],[],5000,"Can be used in a personal Map Device.",0,[],[],[],"","","",""
243,2852,10,3,"","Can be used in a personal Map Device.","","",[],"","",[],[],5000,"Can be used in a personal Map Device.",0,[],[],[],"","","",""
244,2853,10,3,"","Can be used in a personal Map Device.","","",[],"","",[],[],5000,"Can be used in a personal Map Device.",0,[],[],[],"","","",""
245,2855,10,3,"","Can be used in a personal Map Device.","","",[],"","",[],[],5000,"Can be used in a personal Map Device.",0,[],[],[],"","","",""
246,2856,10,3,"","Can be used in a personal Map Device.","","",[],"","",[],[],5000,"Can be used in a personal Map Device.",0,[],[],[],"","","",""
247,2857,10,3,"","Can be used in a personal Map Device.","","",[],"","",[],[],5000,"Can be used in a personal Map Device.",0,[],[],[],"","","",""
248,2858,10,3,"","Can be used in a personal Map Device.","","",[],"","",[],[],5000,"Can be used in a personal Map Device.",0,[],[],[],"","","",""
249,2860,10,3,"","Can be used in a personal Map Device.","","",[],"","",[],[],5000,"Can be used in a personal Map Device.",0,[],[],[],"","","",""
250,2861,10,3,"","Can be used in a personal Map Device.","","",[],"","",[],[],5000,"Can be used in a personal Map Device.",0,[],[],[],"","","",""
251,2862,10,3,"","Can be used in a personal Map Device.","","",[],"","",[],[],5000,"Can be used in a personal Map Device.",0,[],[],[],"","","",""
252,2863,10,3,"","Can be used in a personal Map Device.","","",[],"","",[],[],5000,"Can be used in a personal Map Device.",0,[],[],[],"","","",""
253,2865,10,3,"","Can be used in a personal Map Device.","","",[],"","",[],[],5000,"Can be used in a personal Map Device.",0,[],[],[],"","","",""
254,2866,10,3,"","Can be used in a personal Map Device.","","",[],"","",[],[],5000,"Can be used in a personal Map Device.",0,[],[],[],"","","",""
255,2867,10,3,"","Can be used in a personal Map Device.","","",[],"","",[],[],5000,"Can be used in a personal Map Device.",0,[],[],[],"","","",""
256,2868,10,3,"","Can be used in a personal Map Device.","","",[],"","",[],[],5000,"Can be used in a personal Map Device.",0,[],[],[],"","","",""
257,2870,1,3,"","Can be used in a personal Map Device, allowing you to capture the Soul of the Map's Boss. The Vessel containing the captured Soul can be retrieved from the Map Device. You must be in the Map when the boss is defeated.","","Unique Boss deals 10% increased Damage\r\nUnique Boss has 10% increased Attack and Cast Speed\r\nUnique Boss has 10% increased Life\r\nUnique Boss has 20% increased Area of Effect",[],"","",[],[],5000,"Can be used in a personal Map Device, allowing you to capture the Soul of the Map's Boss. The Vessel containing the captured Soul can be retrieved from the Map Device. You must be in the Map when the boss is defeated.",0,[],[],[],"","","",""
258,2871,1,3,"","Travel to Xoph's Domain by using this item in a personal Map Device. Can only be used once.","","Rare Monsters drop an additional Reward Type\r\nArea has 2 additional random Modifiers\r\n100% increased Experience Gain\r\nMonster Level: 81",[],"","",[],[],5000,"Travel to Xoph's Domain by using this item in a personal Map Device. Can only be used once.",0,[],[],[],1,"Area has 2 additional random Modifiers\r\n100% increased Experience Gain\r\nMonster Level: 81","",""
259,2872,1,3,"","Travel to Tul's Domain by using this item in a personal Map Device. Can only be used once.","","Rare Monsters drop an additional Reward Type\r\nArea has 2 additional random Modifiers\r\n100% increased Experience Gain\r\nMonster Level: 81",[],"","",[],[],5000,"Travel to Tul's Domain by using this item in a personal Map Device. Can only be used once.",0,[],[],[],1,"Area has 2 additional random Modifiers\r\n100% increased Experience Gain\r\nMonster Level: 81","",""
260,2873,1,3,"","Travel to Esh's Domain by using this item in a personal Map Device. Can only be used once.","","Rare Monsters drop an additional Reward Type\r\nArea has 2 additional random Modifiers\r\n100% increased Experience Gain\r\nMonster Level: 81",[],"","",[],[],5000,"Travel to Esh's Domain by using this item in a personal Map Device. Can only be used once.",0,[],[],[],1,"Area has 2 additional random Modifiers\r\n100% increased Experience Gain\r\nMonster Level: 81","",""
261,2874,1,3,"","Travel to Uul-Netol's Domain by using this item in a personal Map Device. Can only be used once.","","Rare Monsters drop an additional Reward Type\r\nArea has 2 additional random Modifiers\r\n150% increased Experience Gain\r\nMonster Level: 82",[],"","",[],[],5000,"Travel to Uul-Netol's Domain by using this item in a personal Map Device. Can only be used once.",0,[],[],[],1,"Area has 2 additional random Modifiers\r\n150% increased Experience Gain\r\nMonster Level: 82","",""
262,2875,1,3,"","Travel to Chayula's Domain by using this item in a personal Map Device. Can only be used once.","","Rare Monsters drop an additional Reward Type\r\nArea has 2 additional random Modifiers\r\n200% increased Experience Gain\r\nMonster Level: 83",[],"","",[],[],5000,"Travel to Chayula's Domain by using this item in a personal Map Device. Can only be used once.",0,[],[],[],1,"Area has 2 additional random Modifiers\r\n200% increased Experience Gain\r\nMonster Level: 83","",""
263,2876,1,3,"","Travel to Xoph's Domain by using this item in a personal Map Device. Can only be used once.","","Rare Monsters drop an additional Reward Type\r\nArea has 2 additional random Modifiers\r\n100% increased Experience Gain\r\n20% increased Rarity of Items found in this Area\r\n20% increased Pack Size\r\nMonster Level: 74",[],"","",[],[],5000,"Travel to Xoph's Domain by using this item in a personal Map Device. Can only be used once.",0,[],[],[],1,"Area has 2 additional random Modifiers\r\n100% increased Experience Gain\r\n10% increased Rarity of Items found in this Area\r\n10% increased Pack Size\r\nMonster Level: 74","",""
264,2877,1,3,"","Travel to Tul's Domain by using this item in a personal Map Device. Can only be used once.","","Rare Monsters drop an additional Reward Type\r\nArea has 2 additional random Modifiers\r\n100% increased Experience Gain\r\n20% increased Rarity of Items found in this Area\r\n20% increased Pack Size\r\nMonster Level: 74",[],"","",[],[],5000,"Travel to Tul's Domain by using this item in a personal Map Device. Can only be used once.",0,[],[],[],1,"Area has 2 additional random Modifiers\r\n100% increased Experience Gain\r\n10% increased Rarity of Items found in this Area\r\n10% increased Pack Size\r\nMonster Level: 74","",""
265,2878,1,3,"","Travel to Esh's Domain by using this item in a personal Map Device. Can only be used once.","","Rare Monsters drop an additional Reward Type\r\nArea has 2 additional random Modifiers\r\n100% increased Experience Gain\r\n20% increased Rarity of Items found in this Area\r\n20% increased Pack Size\r\nMonster Level: 74",[],"","",[],[],5000,"Travel to Esh's Domain by using this item in a personal Map Device. Can only be used once.",0,[],[],[],1,"Area has 2 additional random Modifiers\r\n100% increased Experience Gain\r\n10% increased Rarity of Items found in this Area\r\n10% increased Pack Size\r\nMonster Level: 74","",""
266,2879,1,3,"","Travel to Uul-Netol's Domain by using this item in a personal Map Device. Can only be used once.","","Rare Monsters drop an additional Reward Type\r\nArea has 2 additional random Modifiers\r\n150% increased Experience Gain\r\n20% increased Rarity of Items found in this Area\r\n20% increased Pack Size\r\nMonster Level: 78",[],"","",[],[],5000,"Travel to Uul-Netol's Domain by using this item in a personal Map Device. Can only be used once.",0,[],[],[],1,"Area has 2 additional random Modifiers\r\n150% increased Experience Gain\r\n10% increased Rarity of Items found in this Area\r\n10% increased Pack Size\r\nMonster Level: 78","",""
267,2880,1,3,"","Travel to Chayula's Domain by using this item in a personal Map Device. Can only be used once.","","Rare Monsters drop an additional Reward Type\r\nArea has 2 additional random Modifiers\r\n200% increased Experience Gain\r\n20% increased Rarity of Items found in this Area\r\n20% increased Pack Size\r\nMonster Level: 81",[],"","",[],[],5000,"Travel to Chayula's Domain by using this item in a personal Map Device. Can only be used once.",0,[],[],[],1,"Area has 2 additional random Modifiers\r\n200% increased Experience Gain\r\n10% increased Rarity of Items found in this Area\r\n10% increased Pack Size\r\nMonster Level: 81","",""
268,2881,1,3,"","Travel to Xoph's Domain by using this item in a personal Map Device. Can only be used once.","","Rare Monsters drop an additional Reward Type\r\nArea has 2 additional random Modifiers\r\n100% increased Experience Gain\r\n40% increased Rarity of Items found in this Area\r\n40% increased Pack Size\r\nMonster Level: 79",[],"","",[],[],5000,"Travel to Xoph's Domain by using this item in a personal Map Device. Can only be used once.",0,[],[],[],1,"Area has 2 additional random Modifiers\r\n100% increased Experience Gain\r\n20% increased Rarity of Items found in this Area\r\n20% increased Pack Size\r\nMonster Level: 79","",""
269,2882,1,3,"","Travel to Tul's Domain by using this item in a personal Map Device. Can only be used once.","","Rare Monsters drop an additional Reward Type\r\nArea has 2 additional random Modifiers\r\n100% increased Experience Gain\r\n40% increased Rarity of Items found in this Area\r\n40% increased Pack Size\r\nMonster Level: 79",[],"","",[],[],5000,"Travel to Tul's Domain by using this item in a personal Map Device. Can only be used once.",0,[],[],[],1,"Area has 2 additional random Modifiers\r\n100% increased Experience Gain\r\n20% increased Rarity of Items found in this Area\r\n20% increased Pack Size\r\nMonster Level: 79","",""
270,2883,1,3,"","Travel to Esh's Domain by using this item in a personal Map Device. Can only be used once.","","Rare Monsters drop an additional Reward Type\r\nArea has 2 additional random Modifiers\r\n100% increased Experience Gain\r\n40% increased Rarity of Items found in this Area\r\n40% increased Pack Size\r\nMonster Level: 79",[],"","",[],[],5000,"Travel to Esh's Domain by using this item in a personal Map Device. Can only be used once.",0,[],[],[],1,"Area has 2 additional random Modifiers\r\n100% increased Experience Gain\r\n20% increased Rarity of Items found in this Area\r\n20% increased Pack Size\r\nMonster Level: 79","",""
271,2884,1,3,"","Travel to Uul-Netol's Domain by using this item in a personal Map Device. Can only be used once.","","Rare Monsters drop an additional Reward Type\r\nArea has 2 additional random Modifiers\r\n150% increased Experience Gain\r\n40% increased Rarity of Items found in this Area\r\n40% increased Pack Size\r\nMonster Level: 81",[],"","",[],[],5000,"Travel to Uul-Netol's Domain by using this item in a personal Map Device. Can only be used once.",0,[],[],[],1,"Area has 2 additional random Modifiers\r\n150% increased Experience Gain\r\n20% increased Rarity of Items found in this Area\r\n20% increased Pack Size\r\nMonster Level: 81","",""
272,2885,1,3,"","Travel to Chayula's Domain by using this item in a personal Map Device. Can only be used once.","","Rare Monsters drop an additional Reward Type\r\nArea has 2 additional random Modifiers\r\n200% increased Experience Gain\r\n40% increased Rarity of Items found in this Area\r\n40% increased Pack Size\r\nMonster Level: 82",[],"","",[],[],5000,"Travel to Chayula's Domain by using this item in a personal Map Device. Can only be used once.",0,[],[],[],1,"Area has 2 additional random Modifiers\r\n200% increased Experience Gain\r\n20% increased Rarity of Items found in this Area\r\n20% increased Pack Size\r\nMonster Level: 82","",""
273,2886,1,3,"","Travel to Xoph's Domain by using this item in a personal Map Device. Can only be used once.","","Rare Monsters drop an additional Reward Type\r\nArea has 2 additional random Modifiers\r\n100% increased Experience Gain\r\n60% increased Rarity of Items found in this Area\r\n60% increased Pack Size\r\nMonster Level: 81",[],"","",[],[],5000,"Travel to Xoph's Domain by using this item in a personal Map Device. Can only be used once.",0,[],[],[],1,"Area has 2 additional random Modifiers\r\n100% increased Experience Gain\r\n30% increased Rarity of Items found in this Area\r\n30% increased Pack Size\r\nMonster Level: 81","",""
274,2887,1,3,"","Travel to Tul's Domain by using this item in a personal Map Device. Can only be used once.","","Rare Monsters drop an additional Reward Type\r\nArea has 2 additional random Modifiers\r\n100% increased Experience Gain\r\n60% increased Rarity of Items found in this Area\r\n60% increased Pack Size\r\nMonster Level: 81",[],"","",[],[],5000,"Travel to Tul's Domain by using this item in a personal Map Device. Can only be used once.",0,[],[],[],1,"Area has 2 additional random Modifiers\r\n100% increased Experience Gain\r\n30% increased Rarity of Items found in this Area\r\n30% increased Pack Size\r\nMonster Level: 81","",""
275,2888,1,3,"","Travel to Esh's Domain by using this item in a personal Map Device. Can only be used once.","","Rare Monsters drop an additional Reward Type\r\nArea has 2 additional random Modifiers\r\n100% increased Experience Gain\r\n60% increased Rarity of Items found in this Area\r\n60% increased Pack Size\r\nMonster Level: 81",[],"","",[],[],5000,"Travel to Esh's Domain by using this item in a personal Map Device. Can only be used once.",0,[],[],[],1,"Area has 2 additional random Modifiers\r\n100% increased Experience Gain\r\n30% increased Rarity of Items found in this Area\r\n30% increased Pack Size\r\nMonster Level: 81","",""
276,2889,1,3,"","Travel to Uul-Netol's Domain by using this item in a personal Map Device. Can only be used once.","","Rare Monsters drop an additional Reward Type\r\nArea has 2 additional random Modifiers\r\n150% increased Experience Gain\r\n60% increased Rarity of Items found in this Area\r\n60% increased Pack Size\r\nMonster Level: 82",[],"","",[],[],5000,"Travel to Uul-Netol's Domain by using this item in a personal Map Device. Can only be used once.",0,[],[],[],1,"Area has 2 additional random Modifiers\r\n150% increased Experience Gain\r\n30% increased Rarity of Items found in this Area\r\n30% increased Pack Size\r\nMonster Level: 82","",""
277,2890,1,3,"","Travel to Chayula's Domain by using this item in a personal Map Device. Can only be used once.","","Rare Monsters drop an additional Reward Type\r\nArea has 2 additional random Modifiers\r\n200% increased Experience Gain\r\n60% increased Rarity of Items found in this Area\r\n60% increased Pack Size\r\nMonster Level: 83",[],"","",[],[],5000,"Travel to Chayula's Domain by using this item in a personal Map Device. Can only be used once.",0,[],[],[],1,"Area has 2 additional random Modifiers\r\n200% increased Experience Gain\r\n30% increased Rarity of Items found in this Area\r\n30% increased Pack Size\r\nMonster Level: 83","",""
278,2891,1,3,"","Travel to Xoph's Domain by using this item in a personal Map Device. Can only be used once.","","Rare Monsters drop 2 additional Reward Types\r\nArea has 4 additional random Modifiers\r\n200% increased Experience Gain\r\n250% more Monster Life\r\n60% increased Rarity of Items found in this Area\r\n60% increased Pack Size\r\nMonster Level: 84",[],"","",[],[],5000,"Travel to Xoph's Domain by using this item in a personal Map Device. Can only be used once.",0,[],[],[],1,"Area has 4 additional random Modifiers\r\n200% increased Experience Gain\r\n250% more Monster Life\r\n30% increased Rarity of Items found in this Area\r\n30% increased Pack Size\r\nMonster Level: 84","",""
279,2892,1,3,"","Travel to Tul's Domain by using this item in a personal Map Device. Can only be used once.","","Rare Monsters drop 2 additional Reward Types\r\nArea has 4 additional random Modifiers\r\n200% increased Experience Gain\r\n250% more Monster Life\r\n60% increased Rarity of Items found in this Area\r\n60% increased Pack Size\r\nMonster Level: 84",[],"","",[],[],5000,"Travel to Tul's Domain by using this item in a personal Map Device. Can only be used once.",0,[],[],[],1,"Area has 4 additional random Modifiers\r\n200% increased Experience Gain\r\n250% more Monster Life\r\n30% increased Rarity of Items found in this Area\r\n30% increased Pack Size\r\nMonster Level: 84","",""
280,2893,1,3,"","Travel to Esh's Domain by using this item in a personal Map Device. Can only be used once.","","Rare Monsters drop 2 additional Reward Types\r\nArea has 4 additional random Modifiers\r\n200% increased Experience Gain\r\n250% more Monster Life\r\n60% increased Rarity of Items found in this Area\r\n60% increased Pack Size\r\nMonster Level: 84",[],"","",[],[],5000,"Travel to Esh's Domain by using this item in a personal Map Device. Can only be used once.",0,[],[],[],1,"Area has 4 additional random Modifiers\r\n200% increased Experience Gain\r\n250% more Monster Life\r\n30% increased Rarity of Items found in this Area\r\n30% increased Pack Size\r\nMonster Level: 84","",""
281,2894,1,3,"","Travel to Uul-Netol's Domain by using this item in a personal Map Device. Can only be used once.","","Rare Monsters drop 2 additional Reward Types\r\nArea has 4 additional random Modifiers\r\n200% increased Experience Gain\r\n250% more Monster Life\r\n60% increased Rarity of Items found in this Area\r\n60% increased Pack Size\r\nMonster Level: 84",[],"","",[],[],5000,"Travel to Uul-Netol's Domain by using this item in a personal Map Device. Can only be used once.",0,[],[],[],1,"Area has 4 additional random Modifiers\r\n200% increased Experience Gain\r\n250% more Monster Life\r\n30% increased Rarity of Items found in this Area\r\n30% increased Pack Size\r\nMonster Level: 84","",""
282,2895,1,3,"","Travel to Chayula's Domain by using this item in a personal Map Device. Can only be used once.","","Rare Monsters drop 2 additional Reward Types\r\nArea has 4 additional random Modifiers\r\n200% increased Experience Gain\r\n250% more Monster Life\r\n60% increased Rarity of Items found in this Area\r\n60% increased Pack Size\r\nMonster Level: 84",[],"","",[],[],5000,"Travel to Chayula's Domain by using this item in a personal Map Device. Can only be used once.",0,[],[],[],1,"Area has 4 additional random Modifiers\r\n200% increased Experience Gain\r\n250% more Monster Life\r\n30% increased Rarity of Items found in this Area\r\n30% increased Pack Size\r\nMonster Level: 84","",""
283,2896,1,3,"","Place two or more different Emblems in a Map Device to access the Domain of Timeless Conflict. Can only be used once.","","",[],"","",[],[],5000,"Place two or more different Emblems in a Map Device to access the Domain of Timeless Conflict. Can only be used once.",0,[],[],[],"","","",""
284,2897,1,3,"","Place two or more different Emblems in a Map Device to access the Domain of Timeless Conflict. Can only be used once.","","",[],"","",[],[],5000,"Place two or more different Emblems in a Map Device to access the Domain of Timeless Conflict. Can only be used once.",0,[],[],[],"","","",""
285,2898,1,3,"","Place two or more different Emblems in a Map Device to access the Domain of Timeless Conflict. Can only be used once.","","",[],"","",[],[],5000,"Place two or more different Emblems in a Map Device to access the Domain of Timeless Conflict. Can only be used once.",0,[],[],[],"","","",""
286,2899,1,3,"","Place two or more different Emblems in a Map Device to access the Domain of Timeless Conflict. Can only be used once.","","",[],"","",[],[],5000,"Place two or more different Emblems in a Map Device to access the Domain of Timeless Conflict. Can only be used once.",0,[],[],[],"","","",""
287,2900,1,3,"","Place two or more different Emblems in a Map Device to access the Domain of Timeless Conflict. Can only be used once.","","",[],"","",[],[],5000,"Place two or more different Emblems in a Map Device to access the Domain of Timeless Conflict. Can only be used once.",0,[],[],[],"","","",""
288,2901,1,3,"","Place two or more different Emblems in a Map Device to access the Domain of Timeless Conflict. Can only be used once.","","Monsters gain 10% increased Maximum Life each time they are Revived\r\nMonsters Regenerate 1% of Life per second for each time they have been Revived\r\nMonsters gain +20% chance to Avoid being Stunned for each time they are Revived\r\n10% increased Experience Gain\r\n10% improved Rewards",[],"","",[],[],5000,"Place two or more different Emblems in a Map Device to access the Domain of Timeless Conflict. Can only be used once.",0,[],[],[],"","","",""
289,2902,1,3,"","Place two or more different Emblems in a Map Device to access the Domain of Timeless Conflict. Can only be used once.","","Monsters gain 10% increased Maximum Life each time they are Revived\r\nMonsters gain 10% increased Attack and Cast Speed each time they are Revived\r\nMonsters gain 10% increased Movement Speed each time they are Revived\r\n10% increased Experience Gain\r\n10% improved Rewards",[],"","",[],[],5000,"Place two or more different Emblems in a Map Device to access the Domain of Timeless Conflict. Can only be used once.",0,[],[],[],"","","",""
290,2903,1,3,"","Place two or more different Emblems in a Map Device to access the Domain of Timeless Conflict. Can only be used once.","","Monsters gain 10% increased Maximum Life each time they are Revived\r\nMonsters gain 50% increased Critical Strike Chance each time they are Revived\r\nMonsters gain 3% additional Critical Strike Multiplier each time they are Revived\r\n10% increased Experience Gain\r\n10% improved Rewards",[],"","",[],[],5000,"Place two or more different Emblems in a Map Device to access the Domain of Timeless Conflict. Can only be used once.",0,[],[],[],"","","",""
291,2904,1,3,"","Place two or more different Emblems in a Map Device to access the Domain of Timeless Conflict. Can only be used once.","","Monsters gain 10% increased Maximum Life each time they are Revived\r\nMonsters gain 4% additional Physical Damage Reduction each time they are Revived\r\nMonsters gain 4% additional Resistances each time they are Revived\r\n10% increased Experience Gain\r\n10% improved Rewards",[],"","",[],[],5000,"Place two or more different Emblems in a Map Device to access the Domain of Timeless Conflict. Can only be used once.",0,[],[],[],"","","",""
292,2905,1,3,"","Place two or more different Emblems in a Map Device to access the Domain of Timeless Conflict. Can only be used once.","","Monsters gain 10% increased Maximum Life each time they are Revived\r\nMonsters deal 10% increased Damage for each time they have been Revived\r\n10% increased Experience Gain\r\n10% improved Rewards",[],"","",[],[],5000,"Place two or more different Emblems in a Map Device to access the Domain of Timeless Conflict. Can only be used once.",0,[],[],[],"","","",""
293,2907,1,3,"","Travel to the Aspirants' Plaza and spend this item to open the Eternal Labyrinth.","","",[],"","",[],[],5000,"Travel to the Aspirants' Plaza and spend this item to open the Eternal Labyrinth.",0,[],[],[],"","","",""
294,2908,1,3,"","Travel to the Aspirants' Plaza and spend this item to open the Eternal Labyrinth of Fortune.","","The Labyrinth's rewards have been enriched.",[],"","",[],[],5000,"Travel to the Aspirants' Plaza and spend this item to open the Eternal Labyrinth of Fortune.",0,[],[],[],"","","",""
295,2909,1,3,"","Travel to the Aspirants' Plaza and spend this item to open the Eternal Labyrinth of Opportunity.","","The Divine Font can be used additional times.",[],"","",[],[],5000,"Travel to the Aspirants' Plaza and spend this item to open the Eternal Labyrinth of Opportunity.",0,[],[],[],"","","",""
296,2910,1,3,"","Travel to the Aspirants' Plaza and spend this item to open the Eternal Labyrinth of Potential.","","The Divine Font will offer additional Corrupted Gem crafting options.",[],"","",[],[],5000,"Travel to the Aspirants' Plaza and spend this item to open the Eternal Labyrinth of Potential.",0,[],[],[],"","","",""
297,2906,1,3,"","Open a Delirium portal by using this item in a personal Map Device. Can only be used once.","","",[],"","",[],[],5000,"Open a Delirium portal by using this item in a personal Map Device. Can only be used once.",0,[],[],[],"","","",""
298,4002,1,3,"","Open a portal to Absence of Mercy and Empathy by using this item in a personal Map Device. Can only be used once.","","",[],"","",[],[],5000,"Open a portal to Absence of Mercy and Empathy by using this item in a personal Map Device. Can only be used once.",0,[],[],[],"","","",""
299,4003,10,3,"","Combine 10 Crescent Splinters to create The Maven's Writ.",4002,"",[],"","",[],[],0,"Combine 10 Crescent Splinters to create The Maven's Writ.",0,[],[],[],"","","",""
300,4004,1,3,"","Use five of these in a personal Map Device to open Portals to The Shaper's Realm. Can only be used once.","","The Shaper's Realm is level 85\r\nThe Shaper's full power is unleashed in The Shaper's Realm",[],"","",[],[],5000,"Use five of these in a personal Map Device to open Portals to The Shaper's Realm. Can only be used once.",0,[],[],[],"","","",""
301,4005,1,3,"","Use five of these in a personal Map Device to open Portals to The Shaper's Realm. Can only be used once.","","The Shaper's Realm is level 85\r\nThe Shaper's and The Elder's full power are unleashed in The Shaper's Realm",[],"","",[],[],5000,"Use five of these in a personal Map Device to open Portals to The Shaper's Realm. Can only be used once.",0,[],[],[],"","","",""
302,4006,1,3,"","Use five of these in a personal Map Device to open Portals to The Eye of the Storm. Can only be used once.","","The Eye of the Storm is level 85\r\nSirus' full power is unleashed in The Eye of the Storm",[],"","",[],[],5000,"Use five of these in a personal Map Device to open Portals to The Eye of the Storm. Can only be used once.",0,[],[],[],"","","",""
303,4007,1,3,"","Use five of these in a personal Map Device to open Portals to The Cortex. Can only be used once.","","The Cortex is level 85\r\nVenarius' full power is unleashed in the Cortex",[],"","",[],[],5000,"Use five of these in a personal Map Device to open Portals to The Cortex. Can only be used once.",0,[],[],[],"","","",""
304,4008,1,3,"","Use five of these in a personal Map Device to open Portals to The Absence of Mercy and Empathy. Can only be used once.","","The Absence of Mercy and Empathy is level 85\r\nThe Maven's full power is unleashed in The Absence of Mercy and Empathy",[],"","",[],[],5000,"Use five of these in a personal Map Device to open Portals to The Absence of Mercy and Empathy. Can only be used once.",0,[],[],[],"","","",""
305,4009,1,3,"","Use five of these in a personal Map Device to open Portals to The Absence of Symmetry and Harmony. Can only be used once.","","The Absence of Symmetry and Harmony is level 85\r\nThe Eater of Worlds' full power is unleashed in The Absence of Symmetry and Harmony",[],"","",[],[],5000,"Use five of these in a personal Map Device to open Portals to The Absence of Symmetry and Harmony. Can only be used once.",0,[],[],[],"","","",""
306,4010,1,3,"","Use five of these in a personal Map Device to open Portals to The Absence of Patience and Wisdom. Can only be used once.","","The Absence of Patience and Wisdom is level 85\r\nThe Searing Exarch's full power is unleashed in The Absence of Patience and Wisdom",[],"","",[],[],5000,"Use five of these in a personal Map Device to open Portals to The Absence of Patience and Wisdom. Can only be used once.",0,[],[],[],"","","",""
307,4037,1,3,"","Open a portal to the Sacred Grove by using this item in a personal Map Device. Can only be used once.","","",[],"","",[],[],5000,"Open a portal to the Sacred Grove by using this item in a personal Map Device. Can only be used once.",0,[],[],[],"","","",""
308,241,10,3,"","Sacrifice this item on the Altar of Sacrifice along with Architect's Hand to transform it. ","","",[],"","",[],[],5000,"",0,[],[],[],"","","",""
309,242,10,3,"","Sacrifice this item on the Altar of Sacrifice along with Mask of the Spirit Drinker to transform it. ","","",[],"","",[],[],5000,"",0,[],[],[],"","","",""
310,243,10,3,"","Sacrifice this item on the Altar of Sacrifice along with Apep's Slumber to transform it. ","","",[],"","",[],[],5000,"",0,[],[],[],"","","",""
311,244,10,3,"","Sacrifice this item on the Altar of Sacrifice along with Dance of the Offered to transform it. ","","",[],"","",[],[],5000,"",0,[],[],[],"","","",""
312,245,10,3,"","Sacrifice this item on the Altar of Sacrifice along with Story of the Vaal to transform it. ","","",[],"","",[],[],5000,"",0,[],[],[],"","","",""
313,246,10,3,"","Sacrifice this item on the Altar of Sacrifice along with Coward's Chains to transform it. ","","",[],"","",[],[],5000,"",0,[],[],[],"","","",""
314,247,10,3,"","Sacrifice this item on the Altar of Sacrifice along with Soul Catcher to transform it. ","","",[],"","",[],[],5000,"",0,[],[],[],"","","",""
315,248,10,3,"","Sacrifice this item on the Altar of Sacrifice along with any Tempered Flesh, Tempered Spirit or Tempered Mind to transform it. ","","",[],"","",[],[],5000,"",0,[],[],[],"","","",""
316,249,10,3,"","Sacrifice this item on the Altar of Sacrifice along with Sacrificial Heart to transform it. ","","",[],"","",[],[],5000,"",0,[],[],[],"","","",""
317,250,20,3,"","Place in a Resonator to influence item crafting.","","More Fire modifiers\r\nNo Cold modifiers",[],"","",[],[],5000,"",0,[],[],[],"","","",""
318,251,20,3,"","Place in a Resonator to influence item crafting.","","More Cold modifiers\r\nNo Fire modifiers",[],"","",[],[],5000,"",0,[],[],[],"","","",""
319,252,20,3,"","Place in a Resonator to influence item crafting.","","More Lightning modifiers\r\nNo Physical modifiers",[],"","",[],[],5000,"",0,[],[],[],"","","",""
320,253,20,3,"","Place in a Resonator to influence item crafting.","","More Physical modifiers\r\nNo Chaos modifiers",[],"","",[],[],5000,"",0,[],[],[],"","","",""
321,254,20,3,"","Place in a Resonator to influence item crafting.","","More Chaos modifiers\r\nNo Lightning modifiers",[],"","",[],[],5000,"",0,[],[],[],"","","",""
322,255,20,3,"","Place in a Resonator to influence item crafting.","","More Life modifiers\r\nNo Defence modifiers",[],"","",[],[],5000,"",0,[],[],[],"","","",""
323,256,20,3,"","Place in a Resonator to influence item crafting.","","More Defence modifiers\r\nNo Life Modifiers",[],"","",[],[],5000,"",0,[],[],[],"","","",""
324,257,20,3,"","Place in a Resonator to influence item crafting.","","More Physical Ailment or Chaos Ailment modifiers\r\nNo Elemental modifiers",[],"","",[],[],5000,"",0,[],[],[],"","","",""
325,258,20,3,"","Place in a Resonator to influence item crafting.","","More Elemental modifiers\r\nNo Physical Ailment or Chaos Ailment modifiers",[],"","",[],[],5000,"",0,[],[],[],"","","",""
326,259,20,3,"","Place in a Resonator to influence item crafting.","","More Caster modifiers\r\nFewer Attack modifiers",[],"","",[],[],5000,"",0,[],[],[],"","","",""
327,260,20,3,"","Place in a Resonator to influence item crafting.","","More Attack modifiers\r\nFewer Caster modifiers",[],"","",[],[],5000,"",0,[],[],[],"","","",""
328,261,20,3,"","Place in a Resonator to influence item crafting.","","More Mana modifiers\r\nNo Speed modifiers",[],"","",[],[],5000,"",0,[],[],[],"","","",""
329,262,20,3,"","Place in a Resonator to influence item crafting.","","More Speed modifiers\r\nNo Mana modifiers",[],"","",[],[],5000,"",0,[],[],[],"","","",""
330,263,20,3,"","Place in a Resonator to influence item crafting.","","More Minion, Aura or Curse modifiers",[],"","",[],[],5000,"",0,[],[],[],"","","",""
331,264,20,3,"","Place in a Resonator to influence item crafting.","","More Drop modifiers\r\nNo Tagless modifiers",[],"","",[],[],5000,"",0,[],[],[],"","","",""
332,265,20,3,"","Place in a Resonator to influence item crafting.","","More Critical modifiers\r\nNo Attribute modifiers",[],"","",[],[],5000,"",0,[],[],[],"","","",""
333,266,20,3,"","Place in a Resonator to influence item crafting.","","More Attribute modifiers\r\nNo Critical modifiers",[],"","",[],[],5000,"",0,[],[],[],"","","",""
334,267,10,3,"","Place in a Resonator to influence item crafting.","","More Gem modifiers",[],"","",[],[],5000,"",0,[],[],[],"","","",""
335,268,10,3,"","Place in a Resonator to influence item crafting.","","Corrupted\r\nHas a Corrupted implicit modifier",[],"","",[],[],5000,"",0,[],[],[],"","","",""
336,269,10,3,"","Place in a Resonator to influence item crafting.","","Has an Abyssal socket",[],"","",[],[],5000,"",0,[],[],[],"","","",""
337,270,10,3,"","Place in a Resonator to influence item crafting.","","Creates a split copy\r\nCannot be used to split Influenced,\r\nEnchanted, Fractured, or Synthesised items",[],"","",[],[],5000,"",0,[],[],[],"","","",""
338,271,10,3,"","Place in a Resonator to influence item crafting.","","Has a Corrupt Essence modifier",[],"","",[],[],5000,"",0,[],[],[],"","","",""
339,272,10,3,"","Place in a Resonator to influence item crafting.","","Makes a random modifier type much more likely and prevents \r\nanother random modifier type\r\nEffects revealed once resonator is fully socketed",[],"","",[],[],5000,"",0,[],[],[],"","","",""
340,273,10,3,"","Place in a Resonator to influence item crafting.","","Numeric modifier values are lucky\r\nHigh Level modifiers are more common",[],"","",[],[],5000,"",0,[],[],[],"","","",""
341,274,10,3,"","Place in a Resonator to influence item crafting.","","Item is overvalued by vendors",[],"","",[],[],5000,"",0,[],[],[],"","","",""
342,275,1,2,"delve_currency_upgrade","Right click this item then left click a normal item to apply it.","","Upgrades a normal item to a rare item",[],"","",[],[],0,"<<xbox_button_a>> to select, then <<xbox_button_a>> on a normal item to apply it.",0,[],[],[],"","","",""
343,276,1,2,"delve_currency_upgrade","Right click this item then left click a normal item to apply it.","","Upgrades a normal item to a rare item",[],"","",[],[],0,"<<xbox_button_a>> to select, then <<xbox_button_a>> on a normal item to apply it.",0,[],[],[],"","","",""
344,277,1,2,"delve_currency_upgrade","Right click this item then left click a normal item to apply it.","","Upgrades a normal item to a rare item",[],"","",[],[],0,"<<xbox_button_a>> to select, then <<xbox_button_a>> on a normal item to apply it.",0,[],[],[],"","","",""
345,278,1,2,"delve_currency_upgrade","Right click this item then left click a normal item to apply it.","","Upgrades a normal item to a rare item",[],"","",[],[],0,"<<xbox_button_a>> to select, then <<xbox_button_a>> on a normal item to apply it.",0,[],[],[],"","","",""
346,279,1,2,"delve_currency_reroll","Right click this item then left click a rare item to apply it.","","Reforges a rare item with new random modifiers",[],"","",[],[],0,"<<xbox_button_a>> to select, then <<xbox_button_a>> on a rare item to apply it.",0,[],[],[],"","","",""
347,280,1,2,"delve_currency_reroll","Right click this item then left click a rare item to apply it.","","Reforges a rare item with new random modifiers",[],"","",[],[],0,"<<xbox_button_a>> to select, then <<xbox_button_a>> on a rare item to apply it.",0,[],[],[],"","","",""
348,281,1,2,"delve_currency_reroll","Right click this item then left click a rare item to apply it.","","Reforges a rare item with new random modifiers",[9953],"","",[],[],0,"<<xbox_button_a>> to select, then <<xbox_button_a>> on a rare item to apply it.",0,[],[],[],"","","",""
349,282,1,2,"delve_currency_reroll","Right click this item then left click a rare item to apply it.","","Reforges a rare item with new random modifiers",[9953],"","",[],[],0,"<<xbox_button_a>> to select, then <<xbox_button_a>> on a rare item to apply it.",0,[],[],[],"","","",""
350,283,10,2,"delve_currency_upgrade","Right click this item then left click a normal item to apply it.","","Upgrades a normal item to a rare item","[7720,8322]","","",[],[],5000,"<<xbox_button_a>> to select, then <<xbox_button_a>> on a normal item to apply it.",0,[],[],[],"","","",""
351,284,10,2,"delve_currency_upgrade","Right click this item then left click a normal item to apply it.","","Upgrades a normal item to a rare item","[7720,8322]","","",[],[],5000,"<<xbox_button_a>> to select, then <<xbox_button_a>> on a normal item to apply it.",0,[],[],[],"","","",""
352,285,10,2,"delve_currency_upgrade","Right click this item then left click a normal item to apply it.","","Upgrades a normal item to a rare item","[7720,8322]","","",[],[],5000,"<<xbox_button_a>> to select, then <<xbox_button_a>> on a normal item to apply it.",0,[],[],[],"","","",""
353,286,10,2,"delve_currency_upgrade","Right click this item then left click a normal item to apply it.","","Upgrades a normal item to a rare item","[7720,8322]","","",[],[],5000,"<<xbox_button_a>> to select, then <<xbox_button_a>> on a normal item to apply it.",0,[],[],[],"","","",""
354,287,10,2,"delve_currency_reroll","Right click this item then left click a rare item to apply it.","","Reforges a rare item with new random modifiers","[7720,8322]","","",[],[],5000,"<<xbox_button_a>> to select, then <<xbox_button_a>> on a rare item to apply it.",0,[],[],[],"","","",""
355,288,10,2,"delve_currency_reroll","Right click this item then left click a rare item to apply it.","","Reforges a rare item with new random modifiers","[7720,8322]","","",[],[],5000,"<<xbox_button_a>> to select, then <<xbox_button_a>> on a rare item to apply it.",0,[],[],[],"","","",""
356,289,10,2,"delve_currency_reroll","Right click this item then left click a rare item to apply it.","","Reforges a rare item with new random modifiers","[7720,8322,9953]","","",[],[],5000,"<<xbox_button_a>> to select, then <<xbox_button_a>> on a rare item to apply it.",0,[],[],[],"","","",""
357,290,10,2,"delve_currency_reroll","Right click this item then left click a rare item to apply it.","","Reforges a rare item with new random modifiers","[7720,8322,9953]","","",[],[],5000,"<<xbox_button_a>> to select, then <<xbox_button_a>> on a rare item to apply it.",0,[],[],[],"","","",""
358,3388,1,2,"apply_incubator","Right click this item then left click an item to apply it. The Incubated item drops after killing a specific number of monsters.","","Adds an incubated Essence item to an equippable item\r\nItem drops after killing {0} monsters",[],"","",[],[],0,"<<xbox_button_a>> to select, then <<xbox_button_a>> on an item to apply it. The Incubated item drops after killing a specific number of monsters.",0,[],[],[],"","","",""
359,3389,1,2,"apply_incubator","Right click this item then left click an item to apply it. The Incubated item drops after killing a specific number of monsters.","","Adds an incubated Currency item to an equippable item\r\nItem drops after killing {0} monsters",[],"","",[],[],0,"<<xbox_button_a>> to select, then <<xbox_button_a>> on an item to apply it. The Incubated item drops after killing a specific number of monsters.",0,[],[],[],"","","",""
360,3390,1,2,"apply_incubator","Right click this item then left click an item to apply it. The Incubated item drops after killing a specific number of monsters.","","Adds an incubated Unique item to an equippable item\r\nItem drops after killing {0} monsters",[],"","",[],[],0,"<<xbox_button_a>> to select, then <<xbox_button_a>> on an item to apply it. The Incubated item drops after killing a specific number of monsters.",0,[],[],[],"","","",""
361,3391,1,2,"apply_incubator","Right click this item then left click an item to apply it. The Incubated item drops after killing a specific number of monsters.","","Adds an incubated Map item to an equippable item\r\nItem drops after killing {0} monsters",[],"","",[],[],0,"<<xbox_button_a>> to select, then <<xbox_button_a>> on an item to apply it. The Incubated item drops after killing a specific number of monsters.",0,[],[],[],"","","",""
362,3392,1,2,"apply_incubator","Right click this item then left click an item to apply it. The Incubated item drops after killing a specific number of monsters.","","Adds an incubated Unique Map item to an equippable item\r\nItem drops after killing {0} monsters",[],"","",[],[],0,"<<xbox_button_a>> to select, then <<xbox_button_a>> on an item to apply it. The Incubated item drops after killing a specific number of monsters.",0,[],[],[],"","","",""
363,3393,1,2,"apply_incubator","Right click this item then left click an item to apply it. The Incubated item drops after killing a specific number of monsters.","","Adds an incubated Rare Abyss item to an equippable item\r\nItem drops after killing {0} monsters",[],"","",[],[],0,"<<xbox_button_a>> to select, then <<xbox_button_a>> on an item to apply it. The Incubated item drops after killing a specific number of monsters.",0,[],[],[],"","","",""
364,3394,1,2,"apply_incubator","Right click this item then left click an item to apply it. The Incubated item drops after killing a specific number of monsters.","","Adds an incubated Fragment item to an equippable item\r\nItem drops after killing {0} monsters",[],"","",[],[],0,"<<xbox_button_a>> to select, then <<xbox_button_a>> on an item to apply it. The Incubated item drops after killing a specific number of monsters.",0,[],[],[],"","","",""
365,3395,1,2,"apply_incubator","Right click this item then left click an item to apply it. The Incubated item drops after killing a specific number of monsters.","","Adds an incubated Scarab item to an equippable item\r\nItem drops after killing {0} monsters",[],"","",[],[],0,"<<xbox_button_a>> to select, then <<xbox_button_a>> on an item to apply it. The Incubated item drops after killing a specific number of monsters.",0,[],[],[],"","","",""
366,3396,1,2,"apply_incubator","Right click this item then left click an item to apply it. The Incubated item drops after killing a specific number of monsters.","","Adds an incubated Essence item to an equippable item\r\nItem drops after killing {0} monsters",[],"","",[],[],0,"<<xbox_button_a>> to select, then <<xbox_button_a>> on an item to apply it. The Incubated item drops after killing a specific number of monsters.",0,[],[],[],"","","",""
367,3397,1,2,"apply_incubator","Right click this item then left click an item to apply it. The Incubated item drops after killing a specific number of monsters.","","Adds an incubated Fossil item to an equippable item\r\nItem drops after killing {0} monsters",[],"","",[],[],0,"<<xbox_button_a>> to select, then <<xbox_button_a>> on an item to apply it. The Incubated item drops after killing a specific number of monsters.",0,[],[],[],"","","",""
368,3398,1,2,"apply_incubator","Right click this item then left click an item to apply it. The Incubated item drops after killing a specific number of monsters.","","Adds an incubated Expedition item to an equippable item\r\nItem drops after killing {0} monsters",[],"","",[],[],0,"<<xbox_button_a>> to select, then <<xbox_button_a>> on an item to apply it. The Incubated item drops after killing a specific number of monsters.",0,[],[],[],"","","",""
369,3399,1,2,"apply_incubator","Right click this item then left click an item to apply it. The Incubated item drops after killing a specific number of monsters.","","Adds incubated Stacked Decks to an equippable item\r\nItem drops after killing {0} monsters",[],"","",[],[],0,"<<xbox_button_a>> to select, then <<xbox_button_a>> on an item to apply it. The Incubated item drops after killing a specific number of monsters.",0,[],[],[],"","","",""
370,3400,1,2,"apply_incubator","Right click this item then left click an item to apply it. The Incubated item drops after killing a specific number of monsters.","","Adds an incubated Talisman item to an equippable item\r\nItem drops after killing {0} monsters",[],"","",[],[],0,"<<xbox_button_a>> to select, then <<xbox_button_a>> on an item to apply it. The Incubated item drops after killing a specific number of monsters.",0,[],[],[],"","","",""
371,3401,1,2,"apply_incubator","Right click this item then left click an item to apply it. The Incubated item drops after killing a specific number of monsters.","","Adds an incubated Labyrinth item to an equippable item\r\nItem drops after killing {0} monsters",[],"","",[],[],0,"<<xbox_button_a>> to select, then <<xbox_button_a>> on an item to apply it. The Incubated item drops after killing a specific number of monsters.",0,[],[],[],"","","",""
372,3402,1,2,"apply_incubator","Right click this item then left click an item to apply it. The Incubated item drops after killing a specific number of monsters.","","Adds an incubated 6-Linked Armour item to an equippable item\r\nItem drops after killing {0} monsters",[],"","",[],[],0,"<<xbox_button_a>> to select, then <<xbox_button_a>> on an item to apply it. The Incubated item drops after killing a specific number of monsters.",0,[],[],[],"","","",""
373,3403,1,2,"apply_incubator","Right click this item then left click an item to apply it. The Incubated item drops after killing a specific number of monsters.","","Adds an incubated Currency item to an equippable item\r\nItem drops after killing {0} monsters",[],"","",[],[],0,"<<xbox_button_a>> to select, then <<xbox_button_a>> on an item to apply it. The Incubated item drops after killing a specific number of monsters.",0,[],[],[],"","","",""
374,3404,1,2,"apply_incubator","Right click this item then left click an item to apply it. The Incubated item drops after killing a specific number of monsters.","","Adds an incubated League-specific Unique item to an equippable item\r\nItem drops after killing {0} monsters",[],"","",[],[],0,"<<xbox_button_a>> to select, then <<xbox_button_a>> on an item to apply it. The Incubated item drops after killing a specific number of monsters.",0,[],[],[],"","","",""
375,3405,1,2,"apply_incubator","Right click this item then left click an item to apply it. The Incubated item drops after killing a specific number of monsters.","","Adds an incubated Shaper or Elder Armour item to an equippable item\r\nItem drops after killing {0} monsters",[],"","",[],[],0,"<<xbox_button_a>> to select, then <<xbox_button_a>> on an item to apply it. The Incubated item drops after killing a specific number of monsters.",0,[],[],[],"","","",""
376,3406,1,2,"apply_incubator","Right click this item then left click an item to apply it. The Incubated item drops after killing a specific number of monsters.","","Adds an incubated Shaper or Elder Weapon item to an equippable item\r\nItem drops after killing {0} monsters",[],"","",[],[],0,"<<xbox_button_a>> to select, then <<xbox_button_a>> on an item to apply it. The Incubated item drops after killing a specific number of monsters.",0,[],[],[],"","","",""
377,3407,1,2,"apply_incubator","Right click this item then left click an item to apply it. The Incubated item drops after killing a specific number of monsters.","","Adds an incubated Shaper or Elder Trinket item to an equippable item\r\nItem drops after killing {0} monsters",[],"","",[],[],0,"<<xbox_button_a>> to select, then <<xbox_button_a>> on an item to apply it. The Incubated item drops after killing a specific number of monsters.",0,[],[],[],"","","",""
378,3408,1,2,"apply_incubator","Right click this item then left click an item to apply it. The Incubated item drops after killing a specific number of monsters.","","Adds an incubated Elder Map item to an equippable item\r\nItem drops after killing {0} monsters",[],"","",[],[],0,"<<xbox_button_a>> to select, then <<xbox_button_a>> on an item to apply it. The Incubated item drops after killing a specific number of monsters.",0,[],[],[],"","","",""
379,3409,1,2,"apply_incubator","Right click this item then left click an item to apply it. The Incubated item drops after killing a specific number of monsters.","","Adds an incubated Breach item to an equippable item\r\nItem drops after killing {0} monsters",[],"","",[],[],0,"<<xbox_button_a>> to select, then <<xbox_button_a>> on an item to apply it. The Incubated item drops after killing a specific number of monsters.",0,[],[],[],"","","",""
380,3410,1,2,"apply_incubator","Right click this item then left click an item to apply it. The Incubated item drops after killing a specific number of monsters.","","Adds incubated valuable Currency Shards or a Harbinger item to an equippable item\r\nItem drops after killing {0} monsters",[],"","",[],[],0,"<<xbox_button_a>> to select, then <<xbox_button_a>> on an item to apply it. The Incubated item drops after killing a specific number of monsters.",0,[],[],[],"","","",""
381,3411,1,2,"apply_incubator","Right click this item then left click an item to apply it. The Incubated item drops after killing a specific number of monsters.","","Adds an incubated high level Corrupted Gem or valuable Gem item to an equippable item\r\nItem drops after killing {0} monsters",[],"","",[],[],0,"<<xbox_button_a>> to select, then <<xbox_button_a>> on an item to apply it. The Incubated item drops after killing a specific number of monsters.",0,[],[],[],"","","",""
382,3412,1,2,"apply_incubator","Right click this item then left click an item to apply it. The Incubated item drops after killing a specific number of monsters.","","Adds an incubated item to an equippable item\r\nItem drops after killing {0} monsters",[],"","",[],[],0,"<<xbox_button_a>> to select, then <<xbox_button_a>> on an item to apply it. The Incubated item drops after killing a specific number of monsters.",0,[],[],[],"","","",""
383,3413,1,2,"apply_incubator","Right click this item then left click an item to apply it. The Incubated item drops after killing a specific number of monsters.","","Adds an incubated Quality Gem item to an equippable item\r\nItem drops after killing {0} monsters",[],"","",[],[],0,"<<xbox_button_a>> to select, then <<xbox_button_a>> on an item to apply it. The Incubated item drops after killing a specific number of monsters.",0,[],[],[],"","","",""
384,3414,1,2,"apply_incubator","Right click this item then left click an item to apply it. The Incubated item drops after killing a specific number of monsters.","","Adds an incubated Bestiary item to an equippable item\r\nItem drops after killing {0} monsters",[],"","",[],[],0,"<<xbox_button_a>> to select, then <<xbox_button_a>> on an item to apply it. The Incubated item drops after killing a specific number of monsters.",0,[],[],[],"","","",""
385,3415,1,2,"apply_incubator","Right click this item then left click an item to apply it. The Incubated item drops after killing a specific number of monsters.","","Adds an incubated Blight item to an equippable item\r\nItem drops after killing {0} monsters",[],"","",[],[],0,"<<xbox_button_a>> to select, then <<xbox_button_a>> on an item to apply it. The Incubated item drops after killing a specific number of monsters.",0,[],[],[],"","","",""
386,3416,1,2,"apply_incubator","Right click this item then left click an item to apply it. The Incubated item drops after killing a specific number of monsters.","","Adds an incubated Ultimatum item to an equippable item\r\nItem drops after killing {0} monsters",[],"","",[],[],0,"<<xbox_button_a>> to select, then <<xbox_button_a>> on an item to apply it. The Incubated item drops after killing a specific number of monsters.",0,[],[],[],"","","",""
387,3417,1,2,"apply_incubator","Right click this item then left click an item to apply it. The Incubated item drops after killing a specific number of monsters.","","Adds an incubated Delirium item to an equippable item\r\nItem drops after killing {0} monsters",[],"","",[],[],0,"<<xbox_button_a>> to select, then <<xbox_button_a>> on an item to apply it. The Incubated item drops after killing a specific number of monsters.",0,[],[],[],"","","",""
388,3418,10,2,"apply_incubator","Right click this item then left click an item to apply it. The Incubated item drops after killing a specific number of monsters.","","Adds an incubated Essence item to an equippable item\r\nItem drops after killing {0} monsters",[],"","",[],[],5000,"<<xbox_button_a>> to select, then <<xbox_button_a>> on an item to apply it. The Incubated item drops after killing a specific number of monsters.",0,[],[],[],"","","",""
389,3419,10,2,"apply_incubator","Right click this item then left click an item to apply it. The Incubated item drops after killing a specific number of monsters.","","Adds an incubated Currency item to an equippable item\r\nItem drops after killing {0} monsters",[],"","",[],[],5000,"<<xbox_button_a>> to select, then <<xbox_button_a>> on an item to apply it. The Incubated item drops after killing a specific number of monsters.",0,[],[],[],"","","",""
390,3420,10,2,"apply_incubator","Right click this item then left click an item to apply it. The Incubated item drops after killing a specific number of monsters.","","Adds an incubated Unique item to an equippable item\r\nItem drops after killing {0} monsters",[],"","",[],[],5000,"<<xbox_button_a>> to select, then <<xbox_button_a>> on an item to apply it. The Incubated item drops after killing a specific number of monsters.",0,[],[],[],"","","",""
391,3421,10,2,"apply_incubator","Right click this item then left click an item to apply it. The Incubated item drops after killing a specific number of monsters.","","Adds an incubated Map item to an equippable item\r\nItem drops after killing {0} monsters",[],"","",[],[],5000,"<<xbox_button_a>> to select, then <<xbox_button_a>> on an item to apply it. The Incubated item drops after killing a specific number of monsters.",0,[],[],[],"","","",""
392,3422,10,2,"apply_incubator","Right click this item then left click an item to apply it. The Incubated item drops after killing a specific number of monsters.","","Adds an incubated Unique Map item to an equippable item\r\nItem drops after killing {0} monsters",[],"","",[],[],5000,"<<xbox_button_a>> to select, then <<xbox_button_a>> on an item to apply it. The Incubated item drops after killing a specific number of monsters.",0,[],[],[],"","","",""
393,3423,10,2,"apply_incubator","Right click this item then left click an item to apply it. The Incubated item drops after killing a specific number of monsters.","","Adds an incubated Rare Abyss item to an equippable item\r\nItem drops after killing {0} monsters",[],"","",[],[],5000,"<<xbox_button_a>> to select, then <<xbox_button_a>> on an item to apply it. The Incubated item drops after killing a specific number of monsters.",0,[],[],[],"","","",""
394,3424,10,2,"apply_incubator","Right click this item then left click an item to apply it. The Incubated item drops after killing a specific number of monsters.","","Adds an incubated Fragment item to an equippable item\r\nItem drops after killing {0} monsters",[],"","",[],[],5000,"<<xbox_button_a>> to select, then <<xbox_button_a>> on an item to apply it. The Incubated item drops after killing a specific number of monsters.",0,[],[],[],"","","",""
395,3425,10,2,"apply_incubator","Right click this item then left click an item to apply it. The Incubated item drops after killing a specific number of monsters.","","Adds an incubated Scarab item to an equippable item\r\nItem drops after killing {0} monsters",[],"","",[],[],5000,"<<xbox_button_a>> to select, then <<xbox_button_a>> on an item to apply it. The Incubated item drops after killing a specific number of monsters.",0,[],[],[],"","","",""
396,3426,10,2,"apply_incubator","Right click this item then left click an item to apply it. The Incubated item drops after killing a specific number of monsters.","","Adds an incubated Essence item to an equippable item\r\nItem drops after killing {0} monsters",[],"","",[],[],5000,"<<xbox_button_a>> to select, then <<xbox_button_a>> on an item to apply it. The Incubated item drops after killing a specific number of monsters.",0,[],[],[],"","","",""
397,3427,10,2,"apply_incubator","Right click this item then left click an item to apply it. The Incubated item drops after killing a specific number of monsters.","","Adds an incubated Fossil item to an equippable item\r\nItem drops after killing {0} monsters",[],"","",[],[],5000,"<<xbox_button_a>> to select, then <<xbox_button_a>> on an item to apply it. The Incubated item drops after killing a specific number of monsters.",0,[],[],[],"","","",""
398,3428,10,2,"apply_incubator","Right click this item then left click an item to apply it. The Incubated item drops after killing a specific number of monsters.","","Adds an incubated Expedition item to an equippable item \r\nItem drops after killing {0} monsters",[],"","",[],[],5000,"<<xbox_button_a>> to select, then <<xbox_button_a>> on an item to apply it. The Incubated item drops after killing a specific number of monsters.",0,[],[],[],"","","",""
399,3429,10,2,"apply_incubator","Right click this item then left click an item to apply it. The Incubated item drops after killing a specific number of monsters.","","Adds incubated Stacked Decks to an equippable item\r\nItem drops after killing {0} monsters",[],"","",[],[],5000,"<<xbox_button_a>> to select, then <<xbox_button_a>> on an item to apply it. The Incubated item drops after killing a specific number of monsters.",0,[],[],[],"","","",""
400,3430,10,2,"apply_incubator","Right click this item then left click an item to apply it. The Incubated item drops after killing a specific number of monsters.","","Adds an incubated Talisman item to an equippable item\r\nItem drops after killing {0} monsters",[],"","",[],[],5000,"<<xbox_button_a>> to select, then <<xbox_button_a>> on an item to apply it. The Incubated item drops after killing a specific number of monsters.",0,[],[],[],"","","",""
401,3431,10,2,"apply_incubator","Right click this item then left click an item to apply it. The Incubated item drops after killing a specific number of monsters.","","Adds an incubated Labyrinth item to an equippable item\r\nItem drops after killing {0} monsters",[],"","",[],[],5000,"<<xbox_button_a>> to select, then <<xbox_button_a>> on an item to apply it. The Incubated item drops after killing a specific number of monsters.",0,[],[],[],"","","",""
402,3432,10,2,"apply_incubator","Right click this item then left click an item to apply it. The Incubated item drops after killing a specific number of monsters.","","Adds an incubated 6-Linked Armour item to an equippable item\r\nItem drops after killing {0} monsters",[],"","",[],[],5000,"<<xbox_button_a>> to select, then <<xbox_button_a>> on an item to apply it. The Incubated item drops after killing a specific number of monsters.",0,[],[],[],"","","",""
403,3433,10,2,"apply_incubator","Right click this item then left click an item to apply it. The Incubated item drops after killing a specific number of monsters.","","Adds an incubated Currency item to an equippable item\r\nItem drops after killing {0} monsters",[],"","",[],[],5000,"<<xbox_button_a>> to select, then <<xbox_button_a>> on an item to apply it. The Incubated item drops after killing a specific number of monsters.",0,[],[],[],"","","",""
404,3434,10,2,"apply_incubator","Right click this item then left click an item to apply it. The Incubated item drops after killing a specific number of monsters.","","Adds an incubated League-specific Unique item to an equippable item\r\nItem drops after killing {0} monsters",[],"","",[],[],5000,"<<xbox_button_a>> to select, then <<xbox_button_a>> on an item to apply it. The Incubated item drops after killing a specific number of monsters.",0,[],[],[],"","","",""
405,3435,10,2,"apply_incubator","Right click this item then left click an item to apply it. The Incubated item drops after killing a specific number of monsters.","","Adds an incubated Shaper or Elder Armour item to an equippable item\r\nItem drops after killing {0} monsters",[],"","",[],[],5000,"<<xbox_button_a>> to select, then <<xbox_button_a>> on an item to apply it. The Incubated item drops after killing a specific number of monsters.",0,[],[],[],"","","",""
406,3436,10,2,"apply_incubator","Right click this item then left click an item to apply it. The Incubated item drops after killing a specific number of monsters.","","Adds an incubated Shaper or Elder Weapon item to an equippable item\r\nItem drops after killing {0} monsters",[],"","",[],[],5000,"<<xbox_button_a>> to select, then <<xbox_button_a>> on an item to apply it. The Incubated item drops after killing a specific number of monsters.",0,[],[],[],"","","",""
407,3437,10,2,"apply_incubator","Right click this item then left click an item to apply it. The Incubated item drops after killing a specific number of monsters.","","Adds an incubated Shaper or Elder Trinket item to an equippable item\r\nItem drops after killing {0} monsters",[],"","",[],[],5000,"<<xbox_button_a>> to select, then <<xbox_button_a>> on an item to apply it. The Incubated item drops after killing a specific number of monsters.",0,[],[],[],"","","",""
408,3438,10,2,"apply_incubator","Right click this item then left click an item to apply it. The Incubated item drops after killing a specific number of monsters.","","Adds an incubated Elder Map item to an equippable item\r\nItem drops after killing {0} monsters",[],"","",[],[],5000,"<<xbox_button_a>> to select, then <<xbox_button_a>> on an item to apply it. The Incubated item drops after killing a specific number of monsters.",0,[],[],[],"","","",""
409,3439,10,2,"apply_incubator","Right click this item then left click an item to apply it. The Incubated item drops after killing a specific number of monsters.","","Adds an incubated Breach item to an equippable item\r\nItem drops after killing {0} monsters",[],"","",[],[],5000,"<<xbox_button_a>> to select, then <<xbox_button_a>> on an item to apply it. The Incubated item drops after killing a specific number of monsters.",0,[],[],[],"","","",""
410,3440,10,2,"apply_incubator","Right click this item then left click an item to apply it. The Incubated item drops after killing a specific number of monsters.","","Adds incubated valuable Currency Shards or a Harbinger item to an equippable item\r\nItem drops after killing {0} monsters",[],"","",[],[],5000,"<<xbox_button_a>> to select, then <<xbox_button_a>> on an item to apply it. The Incubated item drops after killing a specific number of monsters.",0,[],[],[],"","","",""
411,3441,10,2,"apply_incubator","Right click this item then left click an item to apply it. The Incubated item drops after killing a specific number of monsters.","","Adds an incubated high level Corrupted Gem or valuable Gem item to an equippable item\r\nItem drops after killing {0} monsters",[],"","",[],[],5000,"<<xbox_button_a>> to select, then <<xbox_button_a>> on an item to apply it. The Incubated item drops after killing a specific number of monsters.",0,[],[],[],"","","",""
412,3442,10,2,"apply_incubator","Right click this item then left click an item to apply it. The Incubated item drops after killing a specific number of monsters.","","Adds an incubated item to an equippable item\r\nItem drops after killing {0} monsters",[],"","",[],[],5000,"<<xbox_button_a>> to select, then <<xbox_button_a>> on an item to apply it. The Incubated item drops after killing a specific number of monsters.",0,[],[],[],"","","",""
413,3443,10,2,"apply_incubator","Right click this item then left click an item to apply it. The Incubated item drops after killing a specific number of monsters.","","Adds an incubated Quality Gem item to an equippable item\r\nItem drops after killing {0} monsters",[],"","",[],[],5000,"<<xbox_button_a>> to select, then <<xbox_button_a>> on an item to apply it. The Incubated item drops after killing a specific number of monsters.",0,[],[],[],"","","",""
414,3444,10,2,"apply_incubator","Right click this item then left click an item to apply it. The Incubated item drops after killing a specific number of monsters.","","Adds an incubated Bestiary item to an equippable item\r\nItem drops after killing {0} monsters",[],"","",[],[],5000,"<<xbox_button_a>> to select, then <<xbox_button_a>> on an item to apply it. The Incubated item drops after killing a specific number of monsters.",0,[],[],[],"","","",""
415,3445,10,2,"apply_incubator","Right click this item then left click an item to apply it. The Incubated item drops after killing a specific number of monsters.","","Adds an incubated Blight item to an equippable item\r\nItem drops after killing {0} monsters",[],"","",[],[],5000,"<<xbox_button_a>> to select, then <<xbox_button_a>> on an item to apply it. The Incubated item drops after killing a specific number of monsters.",0,[],[],[],"","","",""
416,3446,10,2,"apply_incubator","Right click this item then left click an item to apply it. The Incubated item drops after killing a specific number of monsters.","","Adds an incubated Ultimatum item to an equippable item\r\nItem drops after killing {0} monsters",[],"","",[],[],5000,"<<xbox_button_a>> to select, then <<xbox_button_a>> on an item to apply it. The Incubated item drops after killing a specific number of monsters.",0,[],[],[],"","","",""
417,3447,10,2,"apply_incubator","Right click this item then left click an item to apply it. The Incubated item drops after killing a specific number of monsters.","","Adds an incubated Delirium item to an equippable item\r\nItem drops after killing {0} monsters",[],"","",[],[],5000,"<<xbox_button_a>> to select, then <<xbox_button_a>> on an item to apply it. The Incubated item drops after killing a specific number of monsters.",0,[],[],[],"","","",""
418,308,1,2,"add_gem_experience","Right click this item then left click a gem to apply it.","","Adds stored experience to a gem, up to its maximum level",[],"","",[],[],0,"<<xbox_button_a>> to select, then <<xbox_button_a>> on a gem to apply it.",0,[],[],[],"","","",""
419,309,1,2,"add_weapon_passive_tree_experience","Right click this item then left click an item with a Crucible Passive Skill Tree to apply it.","","Adds stored Crucible experience to an item",[],"","",[],[],0,"<<xbox_button_a>> to select, then <<xbox_button_a>> on an item with a Crucible Passive Skill Tree to apply it.",0,[],[],[],"","","",""
420,323,100,1,"grant_micro","","","",[],"","",[],[],0,"",0,[],[],[],"","","",""
421,324,100,1,"grant_micro","","","",[],"","",[],[],0,"",0,[],[],[],"","","",""
422,325,100,1,"grant_micro","","","",[],"","",[],[],0,"",0,[],[],[],"","","",""
423,326,100,1,"grant_micro","","","",[],"","",[],[],0,"",0,[],[],[],"","","",""
424,327,100,1,"grant_micro","","","",[],"","",[],[],0,"",0,[],[],[],"","","",""
425,328,1,1,"open_box","","","",[],"","",[],[],0,"",0,[],[],[],"","","",""
426,340,1,1,"open_box","Right click on this item to open it.","","",[],"","",[],[],0,"<<xbox_button_a>> to open.",0,[],[],[],"","","",""
427,341,1,1,"open_box","Right click on this item to open it.","","",[],"","",[],[],0,"<<xbox_button_a>> to open.",0,[],[],[],"","","",""
428,342,1,1,"open_box","Right click on this item to open it.","","",[],"","",[],[],0,"<<xbox_button_a>> to open.",0,[],[],[],"","","",""
429,343,1,1,"open_box","Right click on this item to open it.","","",[],"","",[],[],0,"<<xbox_button_a>> to open.",0,[],[],[],"","","",""
430,344,1,1,"open_box","Right click on this item to open it.","","",[],"","",[],[],0,"<<xbox_button_a>> to open.",0,[],[],[],"","","",""
431,345,1,1,"open_box","Right click on this item to open it.","","",[],"","",[],[],0,"<<xbox_button_a>> to open.",0,[],[],[],"","","",""
432,346,1,1,"open_box","Right click on this item to open it.","","",[],"","",[],[],0,"<<xbox_button_a>> to open.",0,[],[],[],"","","",""
433,347,1,1,"open_box","Right click on this item to open it.","","",[],"","",[],[],0,"<<xbox_button_a>> to open.",0,[],[],[],"","","",""
434,348,1,1,"open_box","Right click on this item to open it.","","",[],"","",[],[],0,"<<xbox_button_a>> to open.",0,[],[],[],"","","",""
435,349,1,1,"open_box","Right click on this item to open it.","","",[],"","",[],[],0,"<<xbox_button_a>> to open.",0,[],[],[],"","","",""
436,350,1,1,"open_box","Right click on this item to open it.","","",[],"","",[],[],0,"<<xbox_button_a>> to open.",0,[],[],[],"","","",""
437,3387,1,1,"open_box","","","Contains an unknown Leaguestone.",[],"","",[],[],0,"",0,[],[],[],"","","",""
438,2924,10,1,"add_snake_oil_buff","Right click on this item to use it. Cannot be removed from hideout.","","Exiles that consume Serpent Extract daily are sane exiles. ",[],"","",[],[],0,"<<xbox_button_a>> to use.",0,[],[],[],"","","",""
439,2925,7,3,"","","","<currencyitem>{3x Chaos Orb}",[],"","",[],[],5000,"",0,[],[],[],"","","",""
440,2926,8,3,"","","","<uniqueitem>{Headhunter}",[],"","",[],[],5000,"",0,[],[],[],"","","",""
441,2927,9,3,"","","","<uniqueitem>{Lifesprig}",[],"","",[],[],5000,"",0,[],[],[],"","","",""
442,2928,7,3,"","","","<rareitem>{Two-Stone Ring}",[],"","",[],[],5000,"",0,[],[],[],"","","",""
443,2929,6,3,"","","","<whiteitem>{Prismatic Ring}",[],"","",[],[],5000,"",0,[],[],[],"","","",""
444,2930,5,3,"","","","<uniqueitem>{Axe}",[],"","",[],[],5000,"",0,[],[],[],"","","",""
445,2931,5,3,"","","","<uniqueitem>{Nightmare Bascinet}",[],"","",[],[],5000,"",0,[],[],[],"","","",""
446,2932,3,3,"","","","<currencyitem>{40x Scroll of Wisdom}",[],"","",[],[],5000,"",0,[],[],[],"","","",""
447,2933,8,3,"","","","<uniqueitem>{Voll's Devotion}\r\n<corrupted>{Corrupted}",[],"","",[],[],5000,"",0,[],[],[],"","","",""
448,2934,9,3,"","","","<uniqueitem>{Blood of Corruption}\r\n<corrupted>{Corrupted}",[],"","",[],[],5000,"",0,[],[],[],"","","",""
449,2935,4,3,"","","","<magicitem>{Life Armour}",[],"","",[],[],5000,"",0,[],[],[],"","","",""
450,2936,5,3,"","","","<uniqueitem>{Prismatic Ring}\r\n<corrupted>{Corrupted}",[],"","",[],[],5000,"",0,[],[],[],"","","",""
451,2937,11,3,"","","","<uniqueitem>{Headhunter}\r\n<corrupted>{Corrupted}",[],"","",[],[],5000,"",0,[],[],[],"","","",""
452,2938,3,3,"","","","<uniqueitem>{The Goddess Bound}",[],"","",[],[],5000,"",0,[],[],[],"","","",""
453,2939,5,3,"","","","<currencyitem>{10x Orb of Regret}",[],"","",[],[],5000,"",0,[],[],[],"","","",""
454,2940,6,3,"","","","<gemitem>{Minion Gem}\r\n<default>{Quality:} <augmented>{+20%}",[],"","",[],[],5000,"",0,[],[],[],"","","",""
455,2941,13,3,"","","","<gemitem>{Level 21 Spell Gem}\r\n<corrupted>{Corrupted}",[],"","",[],[],5000,"",0,[],[],[],"","","",""
456,2942,9,3,"","","","<uniqueitem>{Taste of Hate}",[],"","",[],[],5000,"",0,[],[],[],"","","",""
457,2943,12,3,"","","","<currencyitem>{Exalted Orb}",[],"","",[],[],5000,"",0,[],[],[],"","","",""
458,2944,8,3,"","","","<uniqueitem>{Divination Distillate}",[],"","",[],[],5000,"",0,[],[],[],"","","",""
459,2945,7,3,"","","","<uniqueitem>{Rise of the Phoenix}",[],"","",[],[],5000,"",0,[],[],[],"","","",""
460,2946,4,3,"","","","<rareitem>{Amulet}\r\n<corrupted>{Corrupted}",[],"","",[],[],5000,"",0,[],[],[],"","","",""
461,2947,9,3,"","","","<uniqueitem>{Wake of Destruction}",[],"","",[],[],5000,"",0,[],[],[],"","","",""
462,2948,6,3,"","","","<whiteitem>{Six-Link Staff}\r\n<default>{Item Level:} <normal>{55}",[],"","",[],[],5000,"",0,[],[],[],"","","",""
463,2949,3,3,"","","","<currencyitem>{Gemcutter's Prism}",[],"","",[],[],5000,"",0,[],[],[],"","","",""
464,2950,5,3,"","","","<divination>{Divination Card}",[],"","",[],[],5000,"",0,[],[],[],"","","",""
465,2951,2,3,"","","","<rareitem>{Jewellery}\r\n<default>{Item Level:} <normal>{79}",[],"","",[],[],5000,"",0,[],[],[],"","","",""
466,2952,1,3,"","","","<currencyitem>{5x Chaos Orb}",[],"","",[],[],5000,"",0,[],[],[],"","","",""
467,2953,7,3,"","","","<magicitem>{Runic One-Hand Weapon}\r\n<default>{Item Level:} <normal>{100}",[],"","",[],[],5000,"",0,[],[],[],"","","",""
468,2954,12,3,"","","","<uniqueitem>{Mjölner}\r\n<corrupted>{Corrupted}",[],"","",[],[],5000,"",0,[],[],[],"","","",""
469,2955,5,3,"","","","<currencyitem>{5x Currency}",[],"","",[],[],5000,"",0,[],[],[],"","","",""
470,2956,10,3,"","","","<uniqueitem>{League-Specific Item}",[],"","",[],[],5000,"",0,[],[],[],"","","",""
471,2957,7,3,"","","","<currencyitem>{20x Orb of Fusing}",[],"","",[],[],5000,"",0,[],[],[],"","","",""
472,2958,5,3,"","","","<uniqueitem>{Romira's Banquet}\r\n<corrupted>{Corrupted}",[],"","",[],[],5000,"",0,[],[],[],"","","",""
473,2959,8,3,"","","","<currencyitem>{Chaos Orb}",[],"","",[],[],5000,"",0,[],[],[],"","","",""
474,2960,12,3,"","","","<uniqueitem>{Crown of Eyes}",[],"","",[],[],5000,"",0,[],[],[],"","","",""
475,2961,4,3,"","","","<uniqueitem>{The Whispering Ice}",[],"","",[],[],5000,"",0,[],[],[],"","","",""
476,2962,9,3,"","","","<currencyitem>{5x Regal Orb}",[],"","",[],[],5000,"",0,[],[],[],"","","",""
477,2963,8,3,"","","","<uniqueitem>{Kaom's Heart}",[],"","",[],[],5000,"",0,[],[],[],"","","",""
478,2964,5,3,"","","","<currencyitem>{3x Exalted Orb}",[],"","",[],[],5000,"",0,[],[],[],"","","",""
479,2965,7,3,"","","","<uniqueitem>{Windripper}",[],"","",[],[],5000,"",0,[],[],[],"","","",""
480,2966,9,3,"","","","<uniqueitem>{Pledge of Hands}",[],"","",[],[],5000,"",0,[],[],[],"","","",""
481,2967,3,3,"","","","<gemitem>{Gem}\r\n<default>{Quality:} <augmented>{+20%}",[],"","",[],[],5000,"",0,[],[],[],"","","",""
482,2968,6,3,"","","","<whiteitem>{Six-Link Astral Plate}",[],"","",[],[],5000,"",0,[],[],[],"","","",""
483,2969,11,3,"","","","<whiteitem>{Six-Link Body Armour}",[],"","",[],[],5000,"",0,[],[],[],"","","",""
484,2970,11,3,"","","","<gemitem>{Level 4 Enhance}\r\n<corrupted>{Corrupted}",[],"","",[],[],5000,"",0,[],[],[],"","","",""
485,2971,6,3,"","","","<currencyitem>{10x Vaal Orb}",[],"","",[],[],5000,"",0,[],[],[],"","","",""
486,2972,6,3,"","","","<uniqueitem>{Alpha's Howl}",[],"","",[],[],5000,"",0,[],[],[],"","","",""
487,2973,4,3,"","","","<uniqueitem>{Item}",[],"","",[],[],5000,"",0,[],[],[],"","","",""
488,2974,7,3,"","","","<currencyitem>{10x Gemcutter's Prism}",[],"","",[],[],5000,"",0,[],[],[],"","","",""
489,2975,16,3,"","","","<uniqueitem>{Atziri's Acuity}",[],"","",[],[],5000,"",0,[],[],[],"","","",""
490,2976,9,3,"","","","<uniqueitem>{Tabula Rasa}",[],"","",[],[],5000,"",0,[],[],[],"","","",""
491,2977,6,3,"","","","<rareitem>{Map}\r\n<corrupted>{Corrupted}",[],"","",[],[],5000,"",0,[],[],[],"","","",""
492,2978,4,3,"","","","<magicitem>{Dictator's Prophecy Wand}\r\n<default>{Item Level:} <normal>{100}",[],"","",[],[],5000,"",0,[],[],[],"","","",""
493,2979,9,3,"","","","<uniqueitem>{Maligaro's Virtuosity}",[],"","",[],[],5000,"",0,[],[],[],"","","",""
494,2980,5,3,"","","","<whiteitem>{Five-Link Staff}\r\n<default>{Item Level:} <normal>{66}",[],"","",[],[],5000,"",0,[],[],[],"","","",""
495,2981,7,3,"","","","<uniqueitem>{The Whispering Ice}\r\n<corrupted>{Corrupted}",[],"","",[],[],5000,"",0,[],[],[],"","","",""
496,2982,6,3,"","","","<uniqueitem>{Le Heup of All}\r\n<corrupted>{Corrupted}",[],"","",[],[],5000,"",0,[],[],[],"","","",""
497,2983,10,3,"","","","<uniqueitem>{Atziri's Disfavour}",[],"","",[],[],5000,"",0,[],[],[],"","","",""
498,2984,9,3,"","","","<uniqueitem>{Doedre Item}",[],"","",[],[],5000,"",0,[],[],[],"","","",""
499,2985,8,3,"","","","<uniqueitem>{Map}\r\n<corrupted>{Corrupted}",[],"","",[],[],5000,"",0,[],[],[],"","","",""
500,2986,8,3,"","","","<currencyitem>{10x Chaos Orb}",[],"","",[],[],5000,"",0,[],[],[],"","","",""
501,2987,5,3,"","","","<size:31>{<magicitem>{Bloodthirsty Eternal Sword}\r\n<default>{Item Level:} <normal>{66}}",[],"","",[],[],5000,"",0,[],[],[],"","","",""
502,2988,7,3,"","","","<rareitem>{Map}\r\n<default>{Map Tier:} <normal>{15}\r\n<corrupted>{Corrupted}",[],"","",[],[],5000,"",0,[],[],[],"","","",""
503,2989,4,3,"","","","<uniqueitem>{Sword}\r\n<corrupted>{Corrupted}",[],"","",[],[],5000,"",0,[],[],[],"","","",""
504,2990,9,3,"","","","<currencyitem>{Mirror of Kalandra}",[],"","",[],[],5000,"",0,[],[],[],"","","",""
505,2991,11,3,"","","","<gemitem>{Level 4 Enlighten}\r\n<corrupted>{Corrupted}",[],"","",[],[],5000,"",0,[],[],[],"","","",""
506,2992,3,3,"","","","<currencyitem>{Vaal Orb}",[],"","",[],[],5000,"",0,[],[],[],"","","",""
507,2993,7,3,"","","","<uniqueitem>{Song of the Sirens}",[],"","",[],[],5000,"",0,[],[],[],"","","",""
508,2994,9,3,"","","","<gemitem>{Level 20 Support Gem}",[],"","",[],[],5000,"",0,[],[],[],"","","",""
509,2995,11,3,"","","","<gemitem>{Level 4 Empower}\r\n<corrupted>{Corrupted}",[],"","",[],[],5000,"",0,[],[],[],"","","",""
510,2996,6,3,"","","","<gemitem>{Level 20 Gem}",[],"","",[],[],5000,"",0,[],[],[],"","","",""
511,2997,2,3,"","","","<gemitem>{Mirror Arrow}\r\n<default>{Quality:} <augmented>{+20%}",[],"","",[],[],5000,"",0,[],[],[],"","","",""
512,2998,3,3,"","","","<currencyitem>{7x Orb of Alchemy}",[],"","",[],[],5000,"",0,[],[],[],"","","",""
513,2999,4,3,"","","","<uniqueitem>{Mon'tregul's Grasp}",[],"","",[],[],5000,"",0,[],[],[],"","","",""
514,3000,6,3,"","","","<gemitem>{Summon Raging Spirit}\r\n<default>{Quality:} <augmented>{+20%}",[],"","",[],[],5000,"",0,[],[],[],"","","",""
515,3001,9,3,"","","","<size:31>{<magicitem>{Merciless One-Hand Weapon}\r\n<default>{Item Level:} <normal>{100}}",[],"","",[],[],5000,"",0,[],[],[],"","","",""
516,3002,5,3,"","","","<uniqueitem>{Shield}\r\n<corrupted>{Corrupted}",[],"","",[],[],5000,"",0,[],[],[],"","","",""
517,3003,4,3,"","","","<magicitem>{Seraphim's Armour}",[],"","",[],[],5000,"",0,[],[],[],"","","",""
518,3004,5,3,"","","","<currencyitem>{3x Orb of Fusing}",[],"","",[],[],5000,"",0,[],[],[],"","","",""
519,3005,8,3,"","","","<uniqueitem>{Kaom's Heart}\r\n<corrupted>{Corrupted}",[],"","",[],[],5000,"",0,[],[],[],"","","",""
520,3006,5,3,"","","","<uniqueitem>{Doryani's Fist}\r\n<corrupted>{Corrupted}",[],"","",[],[],5000,"",0,[],[],[],"","","",""
521,3007,9,3,"","","","<uniqueitem>{Dagger}",[],"","",[],[],5000,"",0,[],[],[],"","","",""
522,3008,8,3,"","","","<uniqueitem>{Bow}",[],"","",[],[],5000,"",0,[],[],[],"","","",""
523,3009,7,3,"","","","<uniqueitem>{Mao Kun}",[],"","",[],[],5000,"",0,[],[],[],"","","",""
524,3010,9,3,"","","","<uniqueitem>{Doryani's Fist}",[],"","",[],[],5000,"",0,[],[],[],"","","",""
525,3011,6,3,"","","","<uniqueitem>{Staff}",[],"","",[],[],5000,"",0,[],[],[],"","","",""
526,3012,8,3,"","","","<magicitem>{Gemini Claw of Celebration}\r\n<default>{Item Level:} <normal>{83}",[],"","",[],[],5000,"",0,[],[],[],"","","",""
527,3013,13,3,"","","","<uniqueitem>{Voltaxic Rift}\r\n<corrupted>{Corrupted}",[],"","",[],[],5000,"",0,[],[],[],"","","",""
528,3014,12,3,"","","","<uniqueitem>{Midnight Bargain}\r\n<corrupted>{Corrupted}",[],"","",[],[],5000,"",0,[],[],[],"","","",""
529,3015,8,3,"","","","<uniqueitem>{Shavronne's Revelation}\r\n<corrupted>{Corrupted}",[],"","",[],[],5000,"",0,[],[],[],"","","",""
530,3016,8,3,"","","","<uniqueitem>{Shavronne Item}",[],"","",[],[],5000,"",0,[],[],[],"","","",""
531,3017,6,3,"","","","<gemitem>{Level 3 Enlighten}",[],"","",[],[],5000,"",0,[],[],[],"","","",""
532,3018,3,3,"","","","<uniqueitem>{The Taming}",[],"","",[],[],5000,"",0,[],[],[],"","","",""
533,3019,5,3,"","","","<uniqueitem>{Drillneck}\r\n<corrupted>{Corrupted}",[],"","",[],[],5000,"",0,[],[],[],"","","",""
534,3020,4,3,"","","","<whiteitem>{Map}\r\n<default>{Map Tier:} <normal>{14}",[],"","",[],[],5000,"",0,[],[],[],"","","",""
535,3021,6,3,"","","","<whiteitem>{Six-Link Harbinger Bow}\r\n<default>{Item Level:} <normal>{91}",[],"","",[],[],5000,"",0,[],[],[],"","","",""
536,3022,4,3,"","","","<magicitem>{Surgeon's Flask}",[],"","",[],[],5000,"",0,[],[],[],"","","",""
537,3023,9,3,"","","","<gemitem>{Vaal Gem}\r\n<default>{Quality:} <augmented>{+20%}\r\n<corrupted>{Corrupted}",[],"","",[],[],5000,"",0,[],[],[],"","","",""
538,3024,3,3,"","","","<whiteitem>{Mortal Hope}",[],"","",[],[],5000,"",0,[],[],[],"","","",""
539,3025,5,3,"","","","<uniqueitem>{Ring}",[],"","",[],[],5000,"",0,[],[],[],"","","",""
540,3026,7,3,"","","","<uniqueitem>{Ring}\r\n<corrupted>{Corrupted}",[],"","",[],[],5000,"",0,[],[],[],"","","",""
541,3027,4,3,"","","","<size:31>{<magicitem>{Merciless Two-Hand Weapon}\r\n<default>{Item Level:} <normal>{100}}",[],"","",[],[],5000,"",0,[],[],[],"","","",""
542,3028,1,3,"","","","<currencyitem>{10x Cartographer's Chisel}",[],"","",[],[],5000,"",0,[],[],[],"","","",""
543,3029,6,3,"","","","<whiteitem>{Six-Link Coronal Maul}\r\n<default>{Item Level:} <normal>{83}",[],"","",[],[],5000,"",0,[],[],[],"","","",""
544,3030,5,3,"","","","<uniqueitem>{Death's Hand}",[],"","",[],[],5000,"",0,[],[],[],"","","",""
545,3031,4,3,"","","","<uniqueitem>{Wand}\r\n<corrupted>{Corrupted}",[],"","",[],[],5000,"",0,[],[],[],"","","",""
546,3032,8,3,"","","","<uniqueitem>{Shavronne's Wrappings}",[],"","",[],[],5000,"",0,[],[],[],"","","",""
547,3033,8,3,"","","","<whiteitem>{Map}\r\n<default>{Map Tier:} <normal>{15}",[],"","",[],[],5000,"",0,[],[],[],"","","",""
548,3034,6,3,"","","","<magicitem>{Ring of Bameth}\r\n<default>{Item Level:} <normal>{83}",[],"","",[],[],5000,"",0,[],[],[],"","","",""
549,3035,6,3,"","","","<uniqueitem>{Fertile Mind}\r\n<corrupted>{Corrupted}",[],"","",[],[],5000,"",0,[],[],[],"","","",""
550,3036,4,3,"","","","<uniqueitem>{Body Armour}",[],"","",[],[],5000,"",0,[],[],[],"","","",""
551,3037,3,3,"","","","<uniqueitem>{Pacifism}\r\n<corrupted>{Corrupted}",[],"","",[],[],5000,"",0,[],[],[],"","","",""
552,3038,8,3,"","","","<uniqueitem>{Gold Ring}",[],"","",[],[],5000,"",0,[],[],[],"","","",""
553,3039,7,3,"","","","<whiteitem>{Six-Link Vaal Regalia}",[],"","",[],[],5000,"",0,[],[],[],"","","",""
554,3040,10,3,"","","","<magicitem>{Perandus' Gold Ring}",[],"","",[],[],5000,"",0,[],[],[],"","","",""
555,3041,3,3,"","","","<magicitem>{Unassailable Amulet}",[],"","",[],[],5000,"",0,[],[],[],"","","",""
556,3042,6,3,"","","","<whiteitem>{Six-Link Body Armour}\r\n<default>{Item Level:} <normal>{100}",[],"","",[],[],5000,"",0,[],[],[],"","","",""
557,3043,4,3,"","","","<magicitem>{Malicious Gemini Claw}\r\n<default>{Item Level:} <normal>{83}",[],"","",[],[],5000,"",0,[],[],[],"","","",""
558,3044,9,3,"","","","<uniqueitem>{Soul Taker}",[],"","",[],[],5000,"",0,[],[],[],"","","",""
559,3045,5,3,"","","","<uniqueitem>{Lioneye Item}",[],"","",[],[],5000,"",0,[],[],[],"","","",""
560,3046,4,3,"","","","<uniqueitem>{Coruscating Elixir}",[],"","",[],[],5000,"",0,[],[],[],"","","",""
561,3047,8,3,"","","","<uniqueitem>{Rat's Nest}",[],"","",[],[],5000,"",0,[],[],[],"","","",""
562,3048,3,3,"","","","<uniqueitem>{Ventor's Gamble}",[],"","",[],[],5000,"",0,[],[],[],"","","",""
563,3049,7,3,"","","","<uniqueitem>{Voltaxic Rift}",[],"","",[],[],5000,"",0,[],[],[],"","","",""
564,3050,4,3,"","","","<whiteitem>{Sacrifice Fragment}",[],"","",[],[],5000,"",0,[],[],[],"","","",""
565,3051,7,3,"","","","<uniqueitem>{Vaults of Atziri}\r\n<corrupted>{Corrupted}",[],"","",[],[],5000,"",0,[],[],[],"","","",""
566,3052,5,3,"","","","<uniqueitem>{Granite Flask}",[],"","",[],[],5000,"",0,[],[],[],"","","",""
567,3053,3,3,"","","","<uniqueitem>{Hyaon's Fury}",[],"","",[],[],5000,"",0,[],[],[],"","","",""
568,3054,10,3,"","","","<whiteitem>{Map}\r\n<default>{Map Tier:} <normal>{12}",[],"","",[],[],5000,"",0,[],[],[],"","","",""
569,3055,11,3,"","","","<currencyitem>{10x Divine Orb}",[],"","",[],[],5000,"",0,[],[],[],"","","",""
570,3056,6,3,"","","","<uniqueitem>{Lioneye's Vision}",[],"","",[],[],5000,"",0,[],[],[],"","","",""
571,3057,5,3,"","","","<uniqueitem>{Storm Cloud}",[],"","",[],[],5000,"",0,[],[],[],"","","",""
572,3058,8,3,"","","","<gemitem>{Level 19 Transfigured Gem}\r\n<default>{Quality:} <augmented>{+19%}",[],"","",[],[],5000,"",0,[],[],[],"","","",""
573,3059,10,3,"","","","<divination>{House of Mirrors}",[],"","",[],[],5000,"",0,[],[],[],"","","",""
574,3061,4,3,"","","","<whiteitem>{Map}",[],"","",[],[],5000,"",0,[],[],[],"","","",""
575,3060,2,3,"","","","<uniqueitem>{Kaom's Roots}\r\n<corrupted>{Corrupted}",[],"","",[],[],5000,"",0,[],[],[],"","","",""
576,3062,8,3,"","","","<uniqueitem>{Atziri's Disfavour}\r\n<corrupted>{Corrupted}",[],"","",[],[],5000,"",0,[],[],[],"","","",""
577,3063,5,3,"","","","<rareitem>{Body Armour}\r\n<default>{Item Level:} <normal>{100}",[],"","",[],[],5000,"",0,[],[],[],"","","",""
578,3064,4,3,"","","","<magicitem>{Vivid Jewel}",[],"","",[],[],5000,"",0,[],[],[],"","","",""
579,3065,2,3,"","","","<uniqueitem>{Two-Stone Ring}",[],"","",[],[],5000,"",0,[],[],[],"","","",""
580,3066,9,3,"","","","<whiteitem>{Map}\r\n<default>{Map Tier:} <normal>{6}",[],"","",[],[],5000,"",0,[],[],[],"","","",""
581,3067,1,3,"","",""," ",[],"","",[],[],5000,"",0,[],[],[],"","","",""
582,3068,9,3,"","","","<magicitem>{Merciless Weapon}\r\n<default>{Item Level:} <normal>{100}",[],"","",[],[],5000,"",0,[],[],[],"","","",""
583,3069,8,3,"","","","<magicitem>{Weapon of Crafting}",[],"","",[],[],5000,"",0,[],[],[],"","","",""
584,3070,11,3,"","","","<uniqueitem>{The Harvest}",[],"","",[],[],5000,"",0,[],[],[],"","","",""
585,3071,5,3,"","","","<uniqueitem>{Sire of Shards}",[],"","",[],[],5000,"",0,[],[],[],"","","",""
586,3072,7,3,"","","","<whiteitem>{Six-Link Holy Chainmail}\r\n<default>{Item Level:} <normal>{60}",[],"","",[],[],5000,"",0,[],[],[],"","","",""
587,3073,8,3,"","","","<uniqueitem>{Rigwald's Curse}",[],"","",[],[],5000,"",0,[],[],[],"","","",""
588,3074,4,3,"","","","<uniqueitem>{Agnerod Staff}",[],"","",[],[],5000,"",0,[],[],[],"","","",""
589,3075,6,3,"","","","<uniqueitem>{Agate Amulet}\r\n<corrupted>{Corrupted}",[],"","",[],[],5000,"",0,[],[],[],"","","",""
590,3076,3,3,"","","","<normal>{Map}\r\n<default>{Map Tier:} <normal>{5}",[],"","",[],[],5000,"",0,[],[],[],"","","",""
591,3077,20,1,"create_random_divination_card","Right click to take a divination card out of the deck.","","A stack of unknown divination cards",[10170],"","",[],[],5000,"<<xbox_button_a>> to take a divination card out of the deck.",0,[],[],[],"","","",""
592,3078,9,3,"","","","<currencyitem>{10x Stacked Deck}",[],"","",[],[],5000,"",0,[],[],[],"","","",""
593,3079,2,3,"","","","<uniqueitem>{Crystal Sceptre}",[],"","",[],[],5000,"",0,[],[],[],"","","",""
594,3080,1,3,"","","","<uniqueitem>{Vaal Gauntlets}\r\n<corrupted>{Corrupted}",[],"","",[],[],5000,"",0,[],[],[],"","","",""
595,3081,4,3,"","","","<magicitem>{Vivid Crimson Jewel}",[],"","",[],[],5000,"",0,[],[],[],"","","",""
596,3082,5,3,"","","","<uniqueitem>{Unset Ring}",[],"","",[],[],5000,"",0,[],[],[],"","","",""
597,3083,5,3,"","","","<uniqueitem>{Rigwald Item}",[],"","",[],[],5000,"",0,[],[],[],"","","",""
598,3084,7,3,"","","","<size:31>{<gemitem>{Support Gem}\r\n<default>{Quality:} <augmented>{+23%}\r\n<corrupted>{Corrupted}}",[],"","",[],[],5000,"",0,[],[],[],"","","",""
599,3085,6,3,"","","","<uniqueitem>{Beyond Item}",[],"","",[],[],5000,"",0,[],[],[],"","","",""
600,3086,8,3,"","","","<uniqueitem>{Nemesis Item}",[],"","",[],[],5000,"",0,[],[],[],"","","",""
601,3087,7,3,"","","","<uniqueitem>{Varunastra}",[],"","",[],[],5000,"",0,[],[],[],"","","",""
602,3088,6,3,"","","","<uniqueitem>{Death's Oath}",[],"","",[],[],5000,"",0,[],[],[],"","","",""
603,3089,8,3,"","","","<uniqueitem>{Carcass Jack}",[],"","",[],[],5000,"",0,[],[],[],"","","",""
604,3090,16,3,"","","","<uniqueitem>{Eyes of the Greatwolf}",[],"","",[],[],5000,"",0,[],[],[],"","","",""
605,3091,6,3,"","","","<whiteitem>{Six-Link Short Bow}\r\n<default>{Item Level:} <normal>{50}",[],"","",[],[],5000,"",0,[],[],[],"","","",""
606,3092,8,3,"","","","<uniqueitem>{Lightning Coil}",[],"","",[],[],5000,"",0,[],[],[],"","","",""
607,3093,3,3,"","","","<uniqueitem>{Astramentis}",[],"","",[],[],5000,"",0,[],[],[],"","","",""
608,3094,4,3,"","","","<uniqueitem>{Claw}\r\n<corrupted>{Corrupted}",[],"","",[],[],5000,"",0,[],[],[],"","","",""
609,3095,5,3,"","","","<uniqueitem>{Gloves}",[],"","",[],[],5000,"",0,[],[],[],"","","",""
610,3096,6,3,"","","","<uniqueitem>{Belt}",[],"","",[],[],5000,"",0,[],[],[],"","","",""
611,3097,8,3,"","","","<uniqueitem>{Rigwald's Quills}",[],"","",[],[],5000,"",0,[],[],[],"","","",""
612,3098,3,3,"","","","<uniqueitem>{Rustic Sash}",[],"","",[],[],5000,"",0,[],[],[],"","","",""
613,3099,7,3,"","","","<uniqueitem>{Umbilicus Immortalis}",[],"","",[],[],5000,"",0,[],[],[],"","","",""
614,3100,4,3,"","","","<uniqueitem>{Jewel}",[],"","",[],[],5000,"",0,[],[],[],"","","",""
615,3101,16,3,"","","","<rareitem>{Vaal Temple Map}\r\n<default>{Item Level:} <normal>{83}\r\n<corrupted>{Corrupted}",[],"","",[],[],5000,"",0,[],[],[],"","","",""
616,3102,2,3,"","","","<uniqueitem>{Berek's Respite}",[],"","",[],[],5000,"",0,[],[],[],"","","",""
617,3103,10,3,"","","","<currencyitem>{2x Exalted Orb}",[],"","",[],[],5000,"",0,[],[],[],"","","",""
618,3104,5,3,"","","","<rareitem>{Tier 1 Talisman}\r\n<corrupted>{Corrupted}",[],"","",[],[],5000,"",0,[],[],[],"","","",""
619,3105,9,3,"","","","Disabled",[],"","",[],[],5000,"",0,[],[],[],"","","",""
620,3106,9,3,"","","","<uniqueitem>{Trypanon}",[],"","",[],[],5000,"",0,[],[],[],"","","",""
621,3107,5,3,"","","","<rareitem>{Ring}\r\n<default>{Item Level:} <normal>{100}",[],"","",[],[],5000,"",0,[],[],[],"","","",""
622,3108,3,3,"","","","<magicitem>{Electrocuting Jewellery}\r\n<default>{Item Level:} <normal>{76}",[],"","",[],[],5000,"",0,[],[],[],"","","",""
623,3109,4,3,"","","","<uniqueitem>{Weapon}\r\n<corrupted>{Corrupted}",[],"","",[],[],5000,"",0,[],[],[],"","","",""
624,3110,7,3,"","","","<uniqueitem>{Meginord's Girdle}\r\n<corrupted>{Corrupted}",[],"","",[],[],5000,"",0,[],[],[],"","","",""
625,3111,9,3,"","","","<currencyitem>{30x Orb of Scouring}",[],"","",[],[],5000,"",0,[],[],[],"","","",""
626,3112,5,3,"","","","<gemitem>{Portal}\r\n<default>{Quality:} <augmented>{+1-20%}",[],"","",[],[],5000,"",0,[],[],[],"","","",""
627,3113,10,3,"","","","<uniqueitem>{Jewel}\r\n<corrupted>{Corrupted}",[],"","",[],[],5000,"",0,[],[],[],"","","",""
628,3114,6,3,"","","","<uniqueitem>{Chin Sol}",[],"","",[],[],5000,"",0,[],[],[],"","","",""
629,3115,4,3,"","","","<rareitem>{Map}\r\n<default>{Map Tier:} <normal>{16}\r\n<corrupted>{Unidentified Corrupted}",[],"","",[],[],5000,"",0,[],[],[],"","","",""
630,3116,27,3,"","","","<uniqueitem>{Charan's Sword}",[],"","",[],[],5000,"",0,[],[],[],"","","",""
631,3117,3,3,"","","","<uniqueitem>{The Harvest}\r\n<corrupted>{Corrupted}",[],"","",[],[],5000,"",0,[],[],[],"","","",""
632,3118,7,3,"","","","<normal>{Breachstone}",[],"","",[],[],5000,"",0,[],[],[],"","","",""
633,3119,9,3,"","","","<currencyitem>{4x Tainted Mythic Orb}",[],"","",[],[],5000,"",0,[],[],[],"","","",""
634,3120,4,3,"","","","<uniqueitem>{Balefire}\r\n<corrupted>{Corrupted}",[],"","",[],[],5000,"",0,[],[],[],"","","",""
635,3121,4,3,"","","","<uniqueitem>{Breach Item}",[],"","",[],[],5000,"",0,[],[],[],"","","",""
636,3122,6,3,"","","","<uniqueitem>{Chayula Item}",[],"","",[],[],5000,"",0,[],[],[],"","","",""
637,3123,8,3,"","","","<uniqueitem>{Starforge}",[],"","",[],[],5000,"",0,[],[],[],"","","",""
638,3124,4,3,"","","","<uniqueitem>{Belt of the Deceiver}\r\n<corrupted>{Corrupted}",[],"","",[],[],5000,"",0,[],[],[],"","","",""
639,3125,3,3,"","","","<magicitem>{Elreon's Jewellery}\r\n<default>{Item Level:} <normal>{85}",[],"","",[],[],5000,"",0,[],[],[],"","","",""
640,3126,5,3,"","","","<currencyitem>{5x Breachstone Splinter}",[],"","",[],[],5000,"",0,[],[],[],"","","",""
641,3127,8,3,"","","","<uniqueitem>{Kiara's Determination}",[],"","",[],[],5000,"",0,[],[],[],"","","",""
642,3128,6,3,"","","","<whiteitem>{Six-Linked Body Armour}\r\n<default>{Influenced Item}",[],"","",[],[],5000,"",0,[],[],[],"","","",""
643,3129,5,3,"","","","<whiteitem>{Five-Linked Body Armour}\r\n<default>{Influenced Item}",[],"","",[],[],5000,"",0,[],[],[],"","","",""
644,3130,6,3,"","","","<uniqueitem>{Severed in Sleep}\r\n<corrupted>{Corrupted}",[],"","",[],[],5000,"",0,[],[],[],"","","",""
645,3131,4,3,"","","","Disabled",[],"","",[],[],5000,"",0,[],[],[],"","","",""
646,3132,8,3,"","","","<uniqueitem>{Lightpoacher}",[],"","",[],[],5000,"",0,[],[],[],"","","",""
647,3133,5,3,"","","","<uniqueitem>{Nemesis Item}\r\n<corrupted>{Corrupted}",[],"","",[],[],5000,"",0,[],[],[],"","","",""
648,3134,9,3,"","","","<uniqueitem>{Atziri Item}",[],"","",[],[],5000,"",0,[],[],[],"","","",""
649,3135,7,3,"","","","<uniqueitem>{Daresso's Salute}",[],"","",[],[],5000,"",0,[],[],[],"","","",""
650,3136,6,3,"","","","<uniqueitem>{Bloodbond}",[],"","",[],[],5000,"",0,[],[],[],"","","",""
651,3137,10,3,"","","","<whiteitem>{Opal Ring}\r\n<default>{Item Level:} <normal>{100}\r\n<default>{Shaper Item}",[],"","",[],[],5000,"",0,[],[],[],"","","",""
652,3138,5,3,"","","","<rareitem>{Jewellery}\r\n<default>{Item Level:} <normal>{100}\r\n<default>{Shaper Item}",[],"","",[],[],5000,"",0,[],[],[],"","","",""
653,3139,8,3,"","","","<uniqueitem>{Poorjoy's Asylum}",[],"","",[],[],5000,"",0,[],[],[],"","","",""
654,3140,9,3,"","","","<currencyitem>{9x Shrieking Essence}",[],"","",[],[],5000,"",0,[],[],[],"","","",""
655,3141,3,3,"","","","<uniqueitem>{Watcher's Eye}",[],"","",[],[],5000,"",0,[],[],[],"","","",""
656,3142,4,3,"","","","<rareitem>{Item}\r\n<default>{Item Level:} <normal>{100}\r\n<default>{Elder Item}",[],"","",[],[],5000,"",0,[],[],[],"","","",""
657,3143,5,3,"","","","<uniqueitem>{The Perandus Manor}\r\n<default>{Voidstone Count:} <normal>{4}",[],"","",[],[],5000,"",0,[],[],[],"","","",""
658,3144,8,3,"","","","<magicitem>{Merciless Vaal Axe}\r\n<default>{Item Level:} <normal>{100}\r\n<default>{Elder Item}",[],"","",[],[],5000,"",0,[],[],[],"","","",""
659,3145,5,3,"","","","<gemitem>{Level 21 Golem Gem}\r\n<corrupted>{Corrupted}",[],"","",[],[],5000,"",0,[],[],[],"","","",""
660,3146,3,3,"","","","<currencyitem>{3x Essence}",[],"","",[],[],5000,"",0,[],[],[],"","","",""
661,3147,4,3,"","","","<uniqueitem>{The Putrid Cloister}",[],"","",[],[],5000,"",0,[],[],[],"","","",""
662,3148,6,3,"","","","<uniqueitem>{Belly of the Beast}",[],"","",[],[],5000,"",0,[],[],[],"","","",""
663,3149,10,3,"","","","<currencyitem>{40x Orb of Regret}",[],"","",[],[],5000,"",0,[],[],[],"","","",""
664,3150,7,3,"","","","<gemitem>{Level 21 Aura Gem}\r\n<corrupted>{Corrupted}",[],"","",[],[],5000,"",0,[],[],[],"","","",""
665,3151,9,3,"","","","<uniqueitem>{Voidforge}",[],"","",[],[],5000,"",0,[],[],[],"","","",""
666,3152,5,3,"","","","<uniqueitem>{Atziri's Reflection}",[],"","",[],[],5000,"",0,[],[],[],"","","",""
667,3153,5,3,"","","","<size:28>{<rareitem>{Elder Guardian Occupied Map}\r\n<default>{Map Tier:} <normal>{14 to 16}\r\n<default>{Modifiers:} <normal>{8}\r\n<corrupted>{Corrupted}}",[],"","",[],[],5000,"",0,[],[],[],"","","",""
668,3154,6,3,"","","","<uniqueitem>{Bestiary Item}",[],"","",[],[],5000,"",0,[],[],[],"","","",""
669,3155,6,3,"","","","<uniqueitem>{The Twilight Temple}",[],"","",[],[],5000,"",0,[],[],[],"","","",""
670,3156,8,3,"","","","<currencyitem>{3x Deafening Essence}",[],"","",[],[],5000,"",0,[],[],[],"","","",""
671,3157,4,3,"","","","<whiteitem>{Six-Link Sacrificial Garb}\r\n<default>{Item Level:} <normal>{100}",[],"","",[],[],5000,"",0,[],[],[],"","","",""
672,3158,9,3,"","","","<uniqueitem>{The Poet's Pen}",[],"","",[],[],5000,"",0,[],[],[],"","","",""
673,3159,8,3,"","","","<divination>{The Doctor}",[],"","",[],[],5000,"",0,[],[],[],"","","",""
674,3160,5,3,"","","","<currencyitem>{20x Quality Currency}",[],"","",[],[],5000,"",0,[],[],[],"","","",""
675,3161,6,3,"","","","<uniqueitem>{Zerphi's Heart}",[],"","",[],[],5000,"",0,[],[],[],"","","",""
676,3162,9,3,"","","","<currencyitem>{3x Orb of Annulment}",[],"","",[],[],5000,"",0,[],[],[],"","","",""
677,3163,4,3,"","","","<uniqueitem>{Harbinger Piece}",[],"","",[],[],5000,"",0,[],[],[],"","","",""
678,3164,7,3,"","","","<uniqueitem>{Vaal Aspect}",[],"","",[],[],5000,"",0,[],[],[],"","","",""
679,3165,6,3,"","","","<whiteitem>{Offering to the Goddess}",[],"","",[],[],5000,"",0,[],[],[],"","","",""
680,3166,3,3,"","","","<currencyitem>{Harbinger's Orb}",[],"","",[],[],5000,"",0,[],[],[],"","","",""
681,3167,8,3,"","","","<uniqueitem>{Item}\r\n <corrupted>{Two-Implicit}\r\n <corrupted>{Corrupted}",[],"","",[],[],5000,"",0,[],[],[],"","","",""
682,3168,5,3,"","","","<uniqueitem>{The Beachhead}\r\n<default>{Map Tier:} <normal>{15}\r\n<corrupted>{Corrupted}",[],"","",[],[],5000,"",0,[],[],[],"","","",""
683,3169,6,3,"","","","<magicitem>{Jewel of Potency}",[],"","",[],[],5000,"",0,[],[],[],"","","",""
684,3170,13,3,"","","","<currencyitem>{Mirror Shard}",[],"","",[],[],5000,"",0,[],[],[],"","","",""
685,3171,7,3,"","","","<magicitem>{Flaring Eclipse Staff}\r\n<default>{Item Level:} <normal>{100}",[],"","",[],[],5000,"",0,[],[],[],"","","",""
686,3172,3,3,"","","","Disabled",[],"","",[],[],5000,"",0,[],[],[],"","","",""
687,3173,5,3,"","","","<uniqueitem>{Obliteration}",[],"","",[],[],5000,"",0,[],[],[],"","","",""
688,3174,5,3,"","","","<uniqueitem>{Delve Item}",[],"","",[],[],5000,"",0,[],[],[],"","","",""
689,3175,3,3,"","","","<whiteitem>{Mortal Fragment}",[],"","",[],[],5000,"",0,[],[],[],"","","",""
690,3176,4,3,"","","","<magicitem>{Sceptre of Celebration}\r\n<default>{Shaper Item}",[],"","",[],[],5000,"",0,[],[],[],"","","",""
691,3177,9,3,"","","","<uniqueitem>{Tabula Rasa}\r\n<corrupted>{Corrupted}",[],"","",[],[],5000,"",0,[],[],[],"","","",""
692,3178,22,3,"","","","<whiteitem>{Six-Link Imperial Bow}\r\n<default>{Item Level:} <normal>{100}",[],"","",[],[],5000,"",0,[],[],[],"","","",""
693,3179,6,3,"","","","<uniqueitem>{Xoph's Blood}\r\n<corrupted>{Corrupted}",[],"","",[],[],5000,"",0,[],[],[],"","","",""
694,3180,5,3,"","","","<uniqueitem>{Jewel}\r\n<magicitem>{Primordial}",[],"","",[],[],5000,"",0,[],[],[],"","","",""
695,3181,3,3,"","","","<uniqueitem>{Fidelitas' Spike}\r\n <corrupted>{Two-Implicit}\r\n <corrupted>{Corrupted}",[],"","",[],[],5000,"",0,[],[],[],"","","",""
696,3182,5,3,"","","","<uniqueitem>{Gluttony}",[],"","",[],[],5000,"",0,[],[],[],"","","",""
697,3183,7,3,"","","","<currencyitem>{10x Exalted Orb}",[],"","",[],[],5000,"",0,[],[],[],"","","",""
698,3184,4,3,"","","","<currencyitem>{20x Orb of Chance}",[],"","",[],[],5000,"",0,[],[],[],"","","",""
699,3185,7,3,"","","","<uniqueitem>{Farrul's Fur}",[],"","",[],[],5000,"",0,[],[],[],"","","",""
700,3186,5,3,"","","","<uniqueitem>{Tidebreaker}",[],"","",[],[],5000,"",0,[],[],[],"","","",""
701,3187,7,3,"","","","<magicitem>{Glyphic Prophecy Wand}\r\n<default>{Item Level:} <normal>{100}",[],"","",[],[],5000,"",0,[],[],[],"","","",""
702,3188,4,3,"","","","<rareitem>{Bone Helmet}\r\n<default>{Elder Item}",[],"","",[],[],5000,"",0,[],[],[],"","","",""
703,3189,3,3,"","","","<whiteitem>{Sulphite Scarab}",[],"","",[],[],5000,"",0,[],[],[],"","","",""
704,3190,7,3,"","","","<currencyitem>{Orb of Annulment}",[],"","",[],[],5000,"",0,[],[],[],"","","",""
705,3191,12,3,"","","","<rareitem>{Fishing Rod}\r\n<corrupted>{Two-Implicit}\r\n<corrupted>{Corrupted}",[],"","",[],[],5000,"",0,[],[],[],"","","",""
706,3192,4,3,"","","","<rareitem>{Bone Helmet}\r\n<default>{Item Level:} <normal>{100}\r\n<default>{Elder Item}",[],"","",[],[],5000,"",0,[],[],[],"","","",""
707,3193,5,3,"","","","<currencyitem>{20x Scouting Report}",[],"","",[],[],5000,"",0,[],[],[],"","","",""
708,3194,4,3,"","","","<uniqueitem>{Skin of the Loyal}\r\n<size:26>{<default>{Item Level:} <normal>{25}\r\n<corrupted>{Two-Implicit}\r\n<corrupted>{Corrupted}}",[],"","",[],[],5000,"",0,[],[],[],"","","",""
709,3195,1,3,"","","","<currencyitem>{17x Chromatic Orb}",[],"","",[],[],5000,"",0,[],[],[],"","","",""
710,3196,8,3,"","","","<uniqueitem>{Precursor's Emblem}\r\n<corrupted>{Corrupted}",[],"","",[],[],5000,"",0,[],[],[],"","","",""
711,3197,7,3,"","","","<whiteitem>{4x Scarab}",[],"","",[],[],5000,"",0,[],[],[],"","","",""
712,3198,5,3,"","","","<uniqueitem>{Doomfletch}",[],"","",[],[],5000,"",0,[],[],[],"","","",""
713,3199,5,3,"","","","Disabled",[],"","",[],[],5000,"",0,[],[],[],"","","",""
714,3200,9,3,"","","","<uniqueitem>{Prismatic Jewel}\r\n<corrupted>{Corrupted}",[],"","",[],[],5000,"",0,[],[],[],"","","",""
715,3201,6,3,"","","","<gemitem>{Level 1 Summon Skeletons}\r\n<default>{Quality:} <augmented>{+23%}\r\n<corrupted>{Corrupted}",[],"","",[],[],5000,"",0,[],[],[],"","","",""
716,3202,8,3,"","","","<whiteitem>{Chayula's Flawless Breachstone}",[],"","",[],[],5000,"",0,[],[],[],"","","",""
717,3203,10,3,"","","","<uniqueitem>{Headhunter}\r\n<corrupted>{Two-Implicit}\r\n<corrupted>{Corrupted}",[],"","",[],[],5000,"",0,[],[],[],"","","",""
718,3204,3,3,"","","","<uniqueitem>{Elegant Round Shield}\r\n<corrupted>{Two-Implicit}\r\n<corrupted>{Corrupted}",[],"","",[],[],5000,"",0,[],[],[],"","","",""
719,3205,6,3,"","","","<uniqueitem>{Soul Ripper}",[],"","",[],[],5000,"",0,[],[],[],"","","",""
720,3206,3,3,"","","","<magicitem>{Overpowering Opal Ring}\r\n<default>{Item Level:} <normal>{100}\r\n<default>{Elder Item}",[],"","",[],[],5000,"",0,[],[],[],"","","",""
721,3207,5,3,"","","","<whiteitem>{Cartography Scarab}",[],"","",[],[],5000,"",0,[],[],[],"","","",""
722,3208,4,3,"","","","<uniqueitem>{Vaults of Atziri}",[],"","",[],[],5000,"",0,[],[],[],"","","",""
723,3209,8,3,"","","","<uniqueitem>{Fishing Item}",[],"","",[],[],5000,"",0,[],[],[],"","","",""
724,3210,6,3,"","","","<uniqueitem>{Bottled Faith}",[],"","",[],[],5000,"",0,[],[],[],"","","",""
725,3211,4,3,"","","","Disabled",[],"","",[],[],5000,"",0,[],[],[],"","","",""
726,3212,5,3,"","","","<uniqueitem>{Seven-League Step}",[],"","",[],[],5000,"",0,[],[],[],"","","",""
727,3213,7,3,"","","","<gemitem>{Level 21 Trap Gem}\r\n<default>{Quality:} <augmented>{+23%}\r\n<corrupted>{Corrupted}",[],"","",[],[],5000,"",0,[],[],[],"","","",""
728,3214,5,3,"","","","<uniqueitem>{Skin of the Lords}\r\n<corrupted>{Corrupted}",[],"","",[],[],5000,"",0,[],[],[],"","","",""
729,3215,2,3,"","","","<whiteitem>{Scarab}",[],"","",[],[],5000,"",0,[],[],[],"","","",""
730,3216,1,3,"","","","<uniqueitem>{Grand Spectrum}\r\n<corrupted>{Corrupted}",[],"","",[],[],5000,"",0,[],[],[],"","","",""
731,3217,4,3,"","","","<whiteitem>{Albino Rhoa Feather}",[],"","",[],[],5000,"",0,[],[],[],"","","",""
732,3218,6,3,"","","","<gemitem>{Level 21 Vaal Summon Skeletons}\r\n<corrupted>{Corrupted}",[],"","",[],[],5000,"",0,[],[],[],"","","",""
733,3219,3,3,"","","","<uniqueitem>{Aul's Uprising}",[],"","",[],[],5000,"",0,[],[],[],"","","",""
734,3220,4,3,"","","","<uniqueitem>{Unending Hunger}",[],"","",[],[],5000,"",0,[],[],[],"","","",""
735,3221,9,3,"","","","<uniqueitem>{Rigwald's Quills}\r\n<corrupted>{Two-Implicit}\r\n<corrupted>{Corrupted}",[],"","",[],[],5000,"",0,[],[],[],"","","",""
736,3222,5,3,"","","","<uniqueitem>{Perandus Manor}\r\n<default>{Voidstone Count:} <normal>{4}\r\n<corrupted>{Corrupted}",[],"","",[],[],5000,"",0,[],[],[],"","","",""
737,3223,6,3,"","","","<uniqueitem>{Inspired Learning}\r\n<corrupted>{Corrupted}",[],"","",[],[],5000,"",0,[],[],[],"","","",""
738,3224,3,3,"","","","<size:30>{<gemitem>{Level 6 Awakened Support Gem}}\r\n<default>{Quality:} <augmented>{+20%}\r\n<corrupted>{Corrupted}",[],"","",[],[],5000,"",0,[],[],[],"","","",""
739,3225,5,3,"","","","<currencyitem>{5x Fossil}",[],"","",[],[],5000,"",0,[],[],[],"","","",""
740,3226,2,3,"","","","<rareitem>{Map}\r\n<default>{Map Tier:} <normal>{15}\r\n<default>{Modifiers:} <normal>{8}\r\n<corrupted>{Corrupted}",[],"","",[],[],5000,"",0,[],[],[],"","","",""
741,3227,2,3,"","","","<uniqueitem>{Dying Sun}",[],"","",[],[],5000,"",0,[],[],[],"","","",""
742,3228,4,3,"","","","<whiteitem>{Uber Elder Fragment}",[],"","",[],[],5000,"",0,[],[],[],"","","",""
743,3229,4,3,"","","","<uniqueitem>{Farrul Item}",[],"","",[],[],5000,"",0,[],[],[],"","","",""
744,3230,2,3,"","","","<size:30>{<magicitem>{Diamond Ring of Redemption}\r\n<default>{Item Level:} <normal>{100}\r\n<default>{Redeemer Item}}",[],"","",[],[],5000,"",0,[],[],[],"","","",""
745,3231,6,3,"","","","<uniqueitem>{Machina Mitts}\r\n<corrupted>{Two-Implicit}\r\n<corrupted>{Corrupted}",[],"","",[],[],5000,"",0,[],[],[],"","","",""
746,3232,5,3,"","","","<uniqueitem>{Asenath's Gentle Touch}\r\n<corrupted>{Two-Implicit}\r\n<corrupted>{Corrupted}",[],"","",[],[],5000,"",0,[],[],[],"","","",""
747,3233,4,3,"","","","<uniqueitem>{Asenath's Mark}",[],"","",[],[],5000,"",0,[],[],[],"","","",""
748,3234,10,3,"","","","<uniqueitem>{The Saviour}\r\n<corrupted>{Two-Implicit}\r\n<corrupted>{Corrupted}",[],"","",[],[],5000,"",0,[],[],[],"","","",""
749,3235,8,3,"","","","<whiteitem>{Six-Link Astral Plate}\r\n<default>{Item Level:} <normal>{100}\r\n<default>{Crusader Item}",[],"","",[],[],5000,"",0,[],[],[],"","","",""
750,3236,6,3,"","","","<rareitem>{One-Hand Weapon}\r\n<default>{Item Level:} <normal>{100}\r\n<default>{Double-Influenced Item}",[],"","",[],[],5000,"",0,[],[],[],"","","",""
751,3237,3,3,"","","","Disabled",[],"","",[],[],5000,"",0,[],[],[],"","","",""
752,3238,5,3,"","","","<uniqueitem>{Timeless Jewel}",[],"","",[],[],5000,"",0,[],[],[],"","","",""
753,3239,6,3,"","","","<rareitem>{Jewellery}\r\n<default>{Item Level:} <normal>{86}\r\n<default>{Double-Influenced Item}",[],"","",[],[],5000,"",0,[],[],[],"","","",""
754,3240,3,3,"","","","<magicitem>{Jewellery of Farrul}\r\n<default>{Item Level:} <normal>{100}\r\n<default>{Shaper + Hunter Item}",[],"","",[],[],5000,"",0,[],[],[],"","","",""
755,3241,4,3,"","","","<currencyitem>{Elderslayer's Exalted Orb}",[],"","",[],[],5000,"",0,[],[],[],"","","",""
756,3242,5,3,"","","","<uniqueitem>{Thread of Hope}\r\n<corrupted>{Two-Implicit}\r\n<corrupted>{Corrupted}",[],"","",[],[],5000,"",0,[],[],[],"","","",""
757,3243,3,3,"","","","<gemitem>{Level 21 Chaos Gem}\r\n<default>{Quality:} <augmented>{+23%}\r\n<corrupted>{Corrupted}",[],"","",[],[],5000,"",0,[],[],[],"","","",""
758,3244,13,3,"","","","<size:26>{<rareitem>{Map}}\r\n<size:26>{<default>{Map Tier:} <normal>{13}\r\n<default>{Quality:} <augmented>{+13%}\r\n<default>{Delirium:} <normal>{100%}\r\n<default>{Modifiers:} <normal>{8}\r\n<corrupted>{Corrupted}}",[],"","",[],[],5000,"",0,[],[],[],"","","",""
759,3245,16,3,"","","","<currencyitem>{19x Mirror Shard}",[],"","",[],[],5000,"",0,[],[],[],"","","",""
760,3246,6,3,"","","","<uniqueitem>{Jewellery}",[],"","",[],[],5000,"",0,[],[],[],"","","",""
761,3247,8,3,"","","","<uniqueitem>{Inspired Learning}",[],"","",[],[],5000,"",0,[],[],[],"","","",""
762,3248,9,3,"","","","<size:29>{<gemitem>{Level 6 Awakened Support Gem}}\r\n<default>{Quality:} <augmented>{+23%}\r\n<corrupted>{Corrupted}",[],"","",[],[],5000,"",0,[],[],[],"","","",""
763,3249,1,3,"","","","<currencyitem>{5x Exalted Orb}",[],"","",[],[],5000,"",0,[],[],[],"","","",""
764,3250,4,3,"","","","<uniqueitem>{Facebreaker}\r\n<corrupted>{Two-Implicit}\r\n<corrupted>{Corrupted}",[],"","",[],[],5000,"",0,[],[],[],"","","",""
765,3251,2,3,"","","","<size:29>{<uniqueitem>{Attribute Transforming Jewel}}\r\n<size:29>{<corrupted>{Corrupted}}",[],"","",[],[],5000,"",0,[],[],[],"","","",""
766,3252,13,3,"","","","<uniqueitem>{Maw of Mischief}",[],"","",[],[],5000,"",0,[],[],[],"","","",""
767,3253,10,3,"","","","<rareitem>{Helmet}\r\n<default>{Double-Veiled Item}",[],"","",[],[],5000,"",0,[],[],[],"","","",""
768,3254,4,3,"","","","<uniqueitem>{Metamorph Item}",[],"","",[],[],5000,"",0,[],[],[],"","","",""
769,3255,2,3,"","","","<currencyitem>{20x Orb of Alteration}",[],"","",[],[],5000,"",0,[],[],[],"","","",""
770,3256,8,3,"","","","<uniqueitem>{Cospri's Malice}",[],"","",[],[],5000,"",0,[],[],[],"","","",""
771,3257,1,3,"","","","<currencyitem>{10x Orb of Alteration}",[],"","",[],[],5000,"",0,[],[],[],"","","",""
772,3258,10,3,"","","","<rareitem>{Diamond Ring}\r\n<default>{Item Level:} <normal>{100}\r\n<default>{Shaper + Elder Item}",[],"","",[],[],5000,"",0,[],[],[],"","","",""
773,3259,9,3,"","","","<uniqueitem>{League-Specific Item}\r\n<default>{Double-Influenced Item}\r\n<default>{Item Level:} <normal>{97}\r\n<corrupted>{Two-Implicit}\r\n<corrupted>{Corrupted}",[],"","",[],[],5000,"",0,[],[],[],"","","",""
774,3260,7,3,"","","","<size:27>{<uniqueitem>{The Eternity Shroud}\r\n<corrupted>{Two-Implicit}\r\n<corrupted>{Corrupted}}",[],"","",[],[],5000,"",0,[],[],[],"","","",""
775,3261,7,3,"","","","<magicitem>{Eldritch Bone Helmet (Concentrated Effect)}\r\n<default>{Item Level:} <normal>{89}\r\n<default>{Elder Item}",[],"","",[],[],5000,"",0,[],[],[],"","","",""
776,3262,6,3,"","","","<uniqueitem>{Omeyocan}",[],"","",[],[],5000,"",0,[],[],[],"","","",""
777,3263,4,3,"","","","<uniqueitem>{Unnatural Instinct}\r\n<corrupted>{Two-Implicit}\r\n<corrupted>{Corrupted}",[],"","",[],[],5000,"",0,[],[],[],"","","",""
778,3264,5,3,"","","","<whiteitem>{Six-Link Astral Plate}\r\n<default>{Item Level:} <normal>{100}\r\n<default>{Influenced Item}",[],"","",[],[],5000,"",0,[],[],[],"","","",""
779,3265,8,3,"","","","<divination>{The Nurse}",[],"","",[],[],5000,"",0,[],[],[],"","","",""
780,3266,3,3,"","","","<uniqueitem>{The Fourth Vow}",[],"","",[],[],5000,"",0,[],[],[],"","","",""
781,3267,6,3,"","","","<magicitem>{Fecund Ursine Pelt}\r\n<default>{Warlord Item}",[],"","",[],[],5000,"",0,[],[],[],"","","",""
782,3268,5,3,"","","","<uniqueitem>{One With Nothing}\r\n<corrupted>{Corrupted}",[],"","",[],[],5000,"",0,[],[],[],"","","",""
783,3269,2,3,"","","","<uniqueitem>{Circle of Fear}\r\n<enchanted>{Three-Implicit}\r\n<enchanted>{Synthesised}",[],"","",[],[],5000,"",0,[],[],[],"","","",""
784,3270,3,3,"","","","Disabled",[],"","",[],[],5000,"",0,[],[],[],"","","",""
785,3271,3,3,"","","","<uniqueitem>{Victario's Influence}\r\n<corrupted>{Two-Implicit}\r\n<corrupted>{Corrupted}",[],"","",[],[],5000,"",0,[],[],[],"","","",""
786,3272,2,3,"","","","<whiteitem>{Diamond Ring}\r\n<default>{Item Level:} <normal>{87}\r\n<enchanted>{Two-Implicit}\r\n<enchanted>{Synthesised}",[],"","",[],[],5000,"",0,[],[],[],"","","",""
787,3273,5,3,"","","","<divination>{The Artist}",[],"","",[],[],5000,"",0,[],[],[],"","","",""
788,3274,6,3,"","","","<uniqueitem>{Torrent's Reclamation}\r\n<corrupted>{Two-Implicit}\r\n<corrupted>{Corrupted}",[],"","",[],[],5000,"",0,[],[],[],"","","",""
789,3275,6,3,"","","","<uniqueitem>{Victario's Influence}",[],"","",[],[],5000,"",0,[],[],[],"","","",""
790,3276,4,3,"","","","<uniqueitem>{Timeless Jewel}\r\n<corrupted>{Two-Implicit}\r\n<corrupted>{Corrupted}",[],"","",[],[],5000,"",0,[],[],[],"","","",""
791,3277,7,3,"","","","<uniqueitem>{Item}\r\n<default>{Influenced Item}",[],"","",[],[],5000,"",0,[],[],[],"","","",""
792,3278,1,3,"","","","<magicitem>{Quicksilver Flask of the Cheetah}\r\n<default>{Item Level:} <normal>{100}",[],"","",[],[],5000,"",0,[],[],[],"","","",""
793,3279,4,3,"","","","<whiteitem>{Divination Scarab}",[],"","",[],[],5000,"",0,[],[],[],"","","",""
794,3280,3,3,"","","","<uniqueitem>{Megalomaniac}\r\n<corrupted>{Corrupted}",[],"","",[],[],5000,"",0,[],[],[],"","","",""
795,3281,7,3,"","","","<uniqueitem>{Voices}\r\n<corrupted>{Corrupted}",[],"","",[],[],5000,"",0,[],[],[],"","","",""
796,3282,8,3,"","","","<gemitem>{Level 21 Transfigured Gem}\r\n<default>{Quality:} <augmented>{+23%}\r\n<corrupted>{Corrupted}",[],"","",[],[],5000,"",0,[],[],[],"","","",""
797,3283,6,3,"","","","<uniqueitem>{Bino's Kitchen Knife}",[],"","",[],[],5000,"",0,[],[],[],"","","",""
798,3284,6,3,"","","","<gemitem>{Vaal Breach}\r\n<default>{Quality:} <augmented>{+6%}\r\n<corrupted>{Corrupted}",[],"","",[],[],5000,"",0,[],[],[],"","","",""
799,3285,3,3,"","","","<currencyitem>{13x Orb of Alteration}",[],"","",[],[],5000,"",0,[],[],[],"","","",""
800,3286,9,3,"","","","<uniqueitem>{Ryslatha's Coil}",[],"","",[],[],5000,"",0,[],[],[],"","","",""
801,3287,5,3,"","","","<rareitem>{Vaal Temple Map}\r\n<default>{Map Tier:} <normal>{16}\r\n<default>{Delirium:} <normal>{100%}\r\n<corrupted>{Corrupted}",[],"","",[],[],5000,"",0,[],[],[],"","","",""
802,3288,7,3,"","","","<uniqueitem>{Astral Projector}",[],"","",[],[],5000,"",0,[],[],[],"","","",""
803,3289,8,3,"","","","<gemitem>{Level 21 Transfigured Golem Gem}\r\n<default>{Quality:} <augmented>{+23%}\r\n<corrupted>{Corrupted}",[],"","",[],[],5000,"",0,[],[],[],"","","",""
804,3290,4,3,"","","","<gemitem>{Level 21 Transfigured Gem}\r\n<corrupted>{Corrupted}",[],"","",[],[],5000,"",0,[],[],[],"","","",""
805,3291,6,3,"","","","<uniqueitem>{Item}\r\n<default>{Double-Influenced Item}",[],"","",[],[],5000,"",0,[],[],[],"","","",""
806,3292,3,3,"","","","<rareitem>{Jewel}\r\n<enchanted>{Implicit Modifier:} \r\n<magicitem>{Corrupted Blood cannot be inflicted on you}\r\n<corrupted>{Corrupted}",[],"","",[],[],5000,"",0,[],[],[],"","","",""
807,3293,11,3,"","","","<currencyitem>{10x Delirium Orb}",[],"","",[],[],5000,"",0,[],[],[],"","","",""
808,3294,4,3,"","","","<currencyitem>{Skittering Delirium Orb}",[],"","",[],[],5000,"",0,[],[],[],"","","",""
809,3295,3,3,"","","","<uniqueitem>{Prism Guardian}",[],"","",[],[],5000,"",0,[],[],[],"","","",""
810,3296,5,3,"","","","<uniqueitem>{Jewel}\r\n<magicitem>{Primordial}\r\n<corrupted>{1-2 Implicit}\r\n<corrupted>{Corrupted}",[],"","",[],[],5000,"",0,[],[],[],"","","",""
811,3297,12,3,"","","","<uniqueitem>{Vaal Jewel}\r\n<corrupted>{Two-Implicit}\r\n<corrupted>{Corrupted}",[],"","",[],[],5000,"",0,[],[],[],"","","",""
812,3298,8,3,"","","","<currencyitem>{10x Incursion Vial}",[],"","",[],[],5000,"",0,[],[],[],"","","",""
813,3299,4,3,"","","","<uniqueitem>{Synthesis Item}",[],"","",[],[],5000,"",0,[],[],[],"","","",""
814,3300,6,3,"","","","<uniqueitem>{Elegant Hubris}",[],"","",[],[],5000,"",0,[],[],[],"","","",""
815,3301,18,3,"","","","<whiteitem>{Fishing Rod}\r\n<enchanted>{Incubated}\r\n<default>{Item Level:} <normal>{99}",[],"","",[],[],5000,"",0,[],[],[],"","","",""
816,3302,4,3,"","","","<uniqueitem>{Replica Cortex}",[],"","",[],[],5000,"",0,[],[],[],"","","",""
817,3303,5,3,"","","","<currencyitem>{Delirium Orb}",[],"","",[],[],5000,"",0,[],[],[],"","","",""
818,3304,8,3,"","","","<currencyitem>{7x Exalted Orb}",[],"","",[],[],5000,"",0,[],[],[],"","","",""
819,3305,4,3,"","","","<whiteitem>{Shaper Guardian Map}",[],"","",[],[],5000,"",0,[],[],[],"","","",""
820,3306,6,3,"","","","<uniqueitem>{Leather Belt}\r\n<default>{Double-Influenced Item}",[],"","",[],[],5000,"",0,[],[],[],"","","",""
821,3307,7,3,"","","","<uniqueitem>{Bramblejack}\r\n<corrupted>{Two-Implicit}\r\n<corrupted>{Corrupted}",[],"","",[],[],5000,"",0,[],[],[],"","","",""
822,3308,5,3,"","","","<magicitem>{Item}\r\n<default>{Elevated Item}\r\n<default>{Influenced Item}",[],"","",[],[],5000,"",0,[],[],[],"","","",""
823,3309,9,3,"","","","<uniqueitem>{Forbidden Shako}",[],"","",[],[],5000,"",0,[],[],[],"","","",""
824,3310,3,3,"","","","<rareitem>{Cluster Jewel}\r\n<default>{Item Level:} <normal>{84}",[],"","",[],[],5000,"",0,[],[],[],"","","",""
825,3311,7,3,"","","","<uniqueitem>{The Pandemonius}",[],"","",[],[],5000,"",0,[],[],[],"","","",""
826,3312,6,3,"","","","<uniqueitem>{Shroud of the Lightless}",[],"","",[],[],5000,"",0,[],[],[],"","","",""
827,3313,8,3,"","","","<currencyitem>{10x Oil}",[],"","",[],[],5000,"",0,[],[],[],"","","",""
828,3314,5,3,"","","","<uniqueitem>{Synthesis Map}",[],"","",[],[],5000,"",0,[],[],[],"","","",""
829,3315,8,3,"","","","<currencyitem>{10x Incubator}\r\n<default>{Item Level:} <normal>{84}",[],"","",[],[],5000,"",0,[],[],[],"","","",""
830,3316,2,3,"","","","<whiteitem>{Body Armour}\r\n<default>{Item Level:} <normal>{100}\r\n<default>{Double-Influenced Item}",[],"","",[],[],5000,"",0,[],[],[],"","","",""
831,3317,7,3,"","","","<uniqueitem>{Replica Bated Breath}",[],"","",[],[],5000,"",0,[],[],[],"","","",""
832,3318,5,3,"","","","<currencyitem>{Tainted Mythic Orb}",[],"","",[],[],5000,"",0,[],[],[],"","","",""
833,3319,5,3,"","","","<whiteitem>{Item}\r\n<default>{Item Level:} <normal>{100}\r\n<enchanted>{Three-Implicit}\r\n<enchanted>{Synthesised}",[],"","",[],[],5000,"",0,[],[],[],"","","",""
834,3320,5,3,"","","","<rareitem>{Jewellery}\r\n<default>{Item Level:} <normal>{100}\r\n<enchanted>{Three-Implicit}\r\n<enchanted>{Synthesised}",[],"","",[],[],5000,"",0,[],[],[],"","","",""
835,3321,6,3,"","","","<gemitem>{Level 21 Vaal Molten Shell}\r\n<corrupted>{Corrupted}",[],"","",[],[],5000,"",0,[],[],[],"","","",""
836,3322,3,3,"","","","<currencyitem>{Simulacrum}",[],"","",[],[],5000,"",0,[],[],[],"","","",""
837,3323,4,3,"","","","<magicitem>{Helmet}\r\n<default>{Double-Influenced Item}\r\n<default>{Item Level:} <normal>{100}",[],"","",[],[],5000,"",0,[],[],[],"","","",""
838,3324,5,3,"","","","<magicitem>{Merciless Tornado Wand}\r\n<default>{Item Level:} <normal>{100}",[],"","",[],[],5000,"",0,[],[],[],"","","",""
839,3325,4,3,"","","","<uniqueitem>{Cortex}\r\n<corrupted>{Corrupted}",[],"","",[],[],5000,"",0,[],[],[],"","","",""
840,3326,9,3,"","","","<uniqueitem>{Watcher's Eye}\r\n<corrupted>{Two-Implicit}\r\n<corrupted>{Corrupted}",[],"","",[],[],5000,"",0,[],[],[],"","","",""
841,3327,4,3,"","","","<whiteitem>{Horned Scarab}",[],"","",[],[],5000,"",0,[],[],[],"","","",""
842,3328,6,3,"","","","<uniqueitem>{Replica Item}",[],"","",[],[],5000,"",0,[],[],[],"","","",""
843,3329,5,3,"","","","<uniqueitem>{Mageblood}",[],"","",[],[],5000,"",0,[],[],[],"","","",""
844,3330,3,3,"","","","<gemitem>{Exceptional Gem}\r\n<default>{Quality:} <augmented>{+1-20%}",[],"","",[],[],5000,"",0,[],[],[],"","","",""
845,3331,7,3,"","","","<uniqueitem>{Belt}\r\n<default>{Double-Influenced Item}",[],"","",[],[],5000,"",0,[],[],[],"","","",""
846,3332,8,3,"","","","<uniqueitem>{Ngamahu's Flame}\r\n<corrupted>{Two-Implicit}\r\n<corrupted>{Corrupted}",[],"","",[],[],5000,"",0,[],[],[],"","","",""
847,3333,3,3,"","","","<currencyitem>{5x Eldritch Chaos Orb}",[],"","",[],[],5000,"",0,[],[],[],"","","",""
848,3334,5,3,"","","","<uniqueitem>{Cold Iron Point}",[],"","",[],[],5000,"",0,[],[],[],"","","",""
849,3335,3,3,"","","","<gemitem>{Level 21 Transfigured Gem}\r\n<default>{Quality:} <augmented>{+20%}\r\n<corrupted>{Corrupted}",[],"","",[],[],5000,"",0,[],[],[],"","","",""
850,3336,7,3,"","","","<uniqueitem>{Maloney's Mechanism}",[],"","",[],[],5000,"",0,[],[],[],"","","",""
851,3337,8,3,"","","","<uniqueitem>{The Squire}",[],"","",[],[],5000,"",0,[],[],[],"","","",""
852,3338,6,3,"","","","<uniqueitem>{Stranglegasp}",[],"","",[],[],5000,"",0,[],[],[],"","","",""
853,3339,4,3,"","","","<magicitem>{Spiked Gloves of the Conquest (Culling Strike)}\r\n<default>{Item Level:} <normal>{86}\r\n<default>{Warlord Item}",[],"","",[],[],5000,"",0,[],[],[],"","","",""
854,3340,3,3,"","","","<uniqueitem>{Boots}\r\n<default>{Item Level:} <normal>{100}\r\n<corrupted>{Two-Implicit}\r\n<corrupted>{Corrupted}",[],"","",[],[],5000,"",0,[],[],[],"","","",""
855,3341,4,3,"","","","<magicitem>{Punishing Map}\r\n<default>{Map Tier:} <normal>{16}",[],"","",[],[],5000,"",0,[],[],[],"","","",""
856,3342,7,3,"","","","<uniqueitem>{Maven Item}\r\n<corrupted>{Two-Implicit}\r\n<corrupted>{Corrupted}",[],"","",[],[],5000,"",0,[],[],[],"","","",""
857,3343,7,3,"","","","<uniqueitem>{Mageblood}\r\n<default>{Quality:} <augmented>{+20%}\r\n<corrupted>{Two-Implicit}\r\n<corrupted>{Corrupted}",[],"","",[],[],5000,"",0,[],[],[],"","","",""
858,3344,5,3,"","","","<whiteitem>{Shield}\r\n<default>{Shaper Item}",[],"","",[],[],5000,"",0,[],[],[],"","","",""
859,3345,3,3,"","","","<gemitem>{Exceptional Gem}",[],"","",[],[],5000,"",0,[],[],[],"","","",""
860,3346,8,3,"","","","<currencyitem>{76x Simulacrum Splinter}",[],"","",[],[],5000,"",0,[],[],[],"","","",""
861,3347,6,3,"","","","<uniqueitem>{Nebulis}",[],"","",[],[],5000,"",0,[],[],[],"","","",""
862,3348,5,3,"","","","<whiteitem>{Blueprint}\r\n<default>{Area Level:} <normal>{83}\r\n<default>{Fully Revealed}",[],"","",[],[],5000,"",0,[],[],[],"","","",""
863,3349,3,3,"","","","<whiteitem>{Bestiary Scarab}",[],"","",[],[],5000,"",0,[],[],[],"","","",""
864,3350,6,3,"","","","<uniqueitem>{Queen of the Forest}",[],"","",[],[],5000,"",0,[],[],[],"","","",""
865,3351,4,3,"","","","<whiteitem>{Experimented Item}\r\n<default>{Item Level:} <normal>{100}\r\n<default>{Double-Influenced Item}",[],"","",[],[],5000,"",0,[],[],[],"","","",""
866,3352,12,3,"","","","<currencyitem>{7x Divine Orb}",[],"","",[],[],5000,"",0,[],[],[],"","","",""
867,3353,2,3,"","","","<uniqueitem>{Arakaali's Fang}",[],"","",[],[],5000,"",0,[],[],[],"","","",""
868,3354,9,3,"","","","<uniqueitem>{Mageblood}\r\n<default>{Item Level:} <normal>{84}\r\n<corrupted>{Corrupted}",[],"","",[],[],5000,"",0,[],[],[],"","","",""
869,3355,3,3,"","","","<currencyitem>{10x Orb of Unmaking}",[],"","",[],[],5000,"",0,[],[],[],"","","",""
870,3356,5,3,"","","","<rareitem>{Item}\r\n<default>{Item Level:} <normal>{100}\r\n<fractured>{Fractured}",[],"","",[],[],5000,"",0,[],[],[],"","","",""
871,3357,3,3,"","","","<uniqueitem>{Tavukai}",[],"","",[],[],5000,"",0,[],[],[],"","","",""
872,3358,2,3,"","","","<currencyitem>{1x Fertile Catalyst}",[],"","",[],[],5000,"",0,[],[],[],"","","",""
873,3359,1,3,"","This item will be used automatically when entering the next Izaro encounter. This item will drop on the ground when leaving the Labyrinth.","","The next Lieutenant you hit will be killed instantly",[],"","",[],[],0,"This item will be used automatically when entering the next Izaro encounter. This item will drop on the ground when leaving the Labyrinth.",0,[],[],[],"","","",""
874,3360,1,3,"","This item will be used automatically when entering the next Izaro encounter. This item will drop on the ground when leaving the Labyrinth.","","The next Gargoyle you hit will be killed instantly",[],"","",[],[],0,"This item will be used automatically when entering the next Izaro encounter. This item will drop on the ground when leaving the Labyrinth.",0,[],[],[],"","","",""
875,3361,1,3,"","This item will be used automatically when entering the next Izaro encounter. This item will drop on the ground when leaving the Labyrinth.","","The next Conduit you interact with will be disabled permanently",[],"","",[],[],0,"This item will be used automatically when entering the next Izaro encounter. This item will drop on the ground when leaving the Labyrinth.",0,[],[],[],"","","",""
876,3362,1,3,"","This item will be used automatically when entering the next Izaro encounter. This item will drop on the ground when leaving the Labyrinth.","","The next Essence you hit will be killed instantly",[],"","",[],[],0,"This item will be used automatically when entering the next Izaro encounter. This item will drop on the ground when leaving the Labyrinth.",0,[],[],[],"","","",""
877,3363,1,3,"","This item will be used automatically when entering the next Izaro encounter. This item will drop on the ground when leaving the Labyrinth.","","The next Font you hit will be killed instantly",[],"","",[],[],0,"This item will be used automatically when entering the next Izaro encounter. This item will drop on the ground when leaving the Labyrinth.",0,[],[],[],"","","",""
878,3364,1,3,"","This item will be used automatically when entering the next Izaro encounter. This item will drop on the ground when leaving the Labyrinth.","","NO LONGER USED",[],"","",[],[],0,"This item will be used automatically when entering the next Izaro encounter. This item will drop on the ground when leaving the Labyrinth.",0,[],[],[],"","","",""
879,3365,1,3,"","This item will be used automatically when entering the next Izaro encounter. This item will drop on the ground when leaving the Labyrinth.","","The next Idol you hit will no longer regenerate life",[],"","",[],[],0,"This item will be used automatically when entering the next Izaro encounter. This item will drop on the ground when leaving the Labyrinth.",0,[],[],[],"","","",""
880,3366,1,3,"","This item will be used automatically when entering the next Izaro encounter. This item will drop on the ground when leaving the Labyrinth.","","The next Charge Disruptor you use will reactivate after a short duration",[],"","",[],[],0,"This item will be used automatically when entering the next Izaro encounter. This item will drop on the ground when leaving the Labyrinth.",0,[],[],[],"","","",""
881,3367,1,3,"","This item will be used automatically when entering the next Izaro encounter. This item will drop on the ground when leaving the Labyrinth.","","NO LONGER USED",[],"","",[],[],0,"This item will be used automatically when entering the next Izaro encounter. This item will drop on the ground when leaving the Labyrinth.",0,[],[],[],"","","",""
882,3368,1,3,"","This item will be used automatically when entering the next Izaro encounter. This item will drop on the ground when leaving the Labyrinth.","","The next Portal you hit will be killed instantly",[],"","",[],[],0,"This item will be used automatically when entering the next Izaro encounter. This item will drop on the ground when leaving the Labyrinth.",0,[],[],[],"","","",""
883,230,100,1,"bestiary_change_net","","","Effective against Beasts of levels 1 to 13.\r\nActivate to use this type of Net when capturing Beasts.",[],"","",[],[],5000,"",0,[],[],[],"","","",""
884,231,100,1,"bestiary_change_net","","","Effective against Beasts of levels 7 to 23.\r\nActivate to use this type of Net when capturing Beasts.",[],"","",[],[],5000,"",0,[],[],[],"","","",""
885,232,100,1,"bestiary_change_net","","","Effective against Beasts of levels 15 to 35.\r\nActivate to use this type of Net when capturing Beasts.",[],"","",[],[],5000,"",0,[],[],[],"","","",""
886,233,100,1,"bestiary_change_net","","","Effective against Beasts of levels 25 to 46.\r\nActivate to use this type of Net when capturing Beasts.",[],"","",[],[],5000,"",0,[],[],[],"","","",""
887,234,100,1,"bestiary_change_net","","","Effective against Beasts of levels 37 to 56.\r\nActivate to use this type of Net when capturing Beasts.",[],"","",[],[],5000,"",0,[],[],[],"","","",""
888,235,100,1,"bestiary_change_net","","","Effective against Beasts of levels 48 to 66.\r\nActivate to use this type of Net when capturing Beasts.",[],"","",[],[],5000,"",0,[],[],[],"","","",""
889,236,100,1,"bestiary_change_net","","","Effective against Beasts of levels 58 to 70.\r\nActivate to use this type of Net when capturing Beasts.",[],"","",[],[],5000,"",0,[],[],[],"","","",""
890,237,100,1,"bestiary_change_net","","","Effective against Beasts of levels 60 to 75.\r\nActivate to use this type of Net when capturing Beasts.",[],"","",[],[],5000,"",0,[],[],[],"","","",""
891,238,100,1,"bestiary_change_net","","","Effective against Beasts of levels 64 and above.\r\nActivate to use this type of Net when capturing Beasts.",[],"","",[],[],5000,"",0,[],[],[],"","","",""
892,239,100,1,"bestiary_change_net","","","Effective against Beasts of levels 68 and above.\r\nActivate to use this type of Net when capturing Beasts.",[],"","",[],[],5000,"",0,[],[],[],"","","",""
893,240,100,1,"bestiary_change_net","","","Can be used on Beast corpses of all levels.\r\nActivate to use this type of Net when capturing Beasts.",[],"","",[],[],5000,"",0,[],[],[],"","","",""
894,3494,10,3,"","Can be used in a personal Map Device to add modifiers to a Map.","","Area contains an additional Breach",[],"","",[],[],5000,"Can be used in a personal Map Device to add modifiers to a Map.",0,[],[],[],1,"Area contains an additional Breach","",""
895,3495,10,3,"","Can be used in a personal Map Device to add modifiers to a Map.","","Area contains an additional Breach\r\nBreaches in Area contain an additional Breach Boss' Clasped Hand",[],"","",[],[],5000,"Can be used in a personal Map Device to add modifiers to a Map.",0,[],[],[],1,"Area contains an additional Breach","",""
896,3496,10,3,"","Can be used in a personal Map Device to add modifiers to a Map.","","Area contains an additional Breach\r\nBreaches in Area contain an additional Breach Boss' Clasped Hand\r\nBreach Hands in Area drop double Breach Splinters",[],"","",[],[],5000,"Can be used in a personal Map Device to add modifiers to a Map.",0,[],[],[],1,"Area contains an additional Breach","",""
897,3497,10,3,"","Can be used in a personal Map Device to add modifiers to a Map.","","Area contains 2 additional Breaches\r\nBreaches in Area contain an additional Breach Boss' Clasped Hand\r\nBreach Hands in Area drop double Breach Splinters",[],"","",[],[],5000,"Can be used in a personal Map Device to add modifiers to a Map.",0,[],[],[],1,"Area contains an additional Breach","",""
898,3498,20,3,"","Can be used in a personal Map Device to add modifiers to a Map.","","Area contains 2 additional Breaches",[],"","",[],[],5000,"Can be used in a personal Map Device to add modifiers to a Map.",0,[],[],[],1,"Area contains an additional Breach","",""
899,3499,20,3,"","Can be used in a personal Map Device to add modifiers to a Map.","","Breaches in Area will always belong to Chayula",[],"","",[],[],5000,"Can be used in a personal Map Device to add modifiers to a Map.",0,[],[],[],1,"Breaches in Area will always belong to Chayula","",""
900,3500,20,3,"","Can be used in a personal Map Device to add modifiers to a Map.","","Breaches in Area each contain a Breachlord",[],"","",[],[],5000,"Can be used in a personal Map Device to add modifiers to a Map.",0,[],[],[],1,"Breaches in Area each contain a Breachlord","",""
901,3501,20,3,"","Can be used in a personal Map Device to add modifiers to a Map.","","Breach Monsters in Area drop 50% more Breach Splinters\nClasped Hands in Area drop 50% more Breach Splinters",[],"","",[],[],5000,"Can be used in a personal Map Device to add modifiers to a Map.",0,[],[],[],1,"Breach Monsters in Area drop 50% more Breach Splinters\nClasped Hands in Area drop 50% more Breach Splinters","",""
902,3502,20,3,"","Can be used in a personal Map Device to add modifiers to a Map.","","Breaches in Area have 5 to 10 additional Clasped Hands\nClasped Hands in Area are guarded by a rare Breach Monster",[],"","",[],[],5000,"Can be used in a personal Map Device to add modifiers to a Map.",0,[],[],[],1,"Breaches in Area have 3 to 5 additional Clasped Hands\nClasped Hands in Area are guarded by a rare Breach Monster","",""
903,3503,20,3,"","Can be used in a personal Map Device to add modifiers to a Map.","","Breaches in Areas open and close 10% faster for each Breach already opened\nMonsters from Breaches in Areas have increased Difficulty and Reward for\neach Breach already opened",[],"","",[],[],5000,"Can be used in a personal Map Device to add modifiers to a Map.",0,[],[],[],1,"Breaches in Areas open and close 10% faster for each Breach already opened\nMonsters from Breaches in Areas have increased Difficulty and Reward for\neach Breach already opened","",""
904,3504,10,3,"","Can be used in a personal Map Device to add modifiers to a Map.","","20% increased Maps found in Area",[],"","",[],[],5000,"Can be used in a personal Map Device to add modifiers to a Map.",0,[],[],[],1,"20% increased Maps found in Area","",""
905,3505,10,3,"","Can be used in a personal Map Device to add modifiers to a Map.","","35% increased Maps found in Area",[],"","",[],[],5000,"Can be used in a personal Map Device to add modifiers to a Map.",0,[],[],[],1,"20% increased Maps found in Area","",""
906,3506,10,3,"","Can be used in a personal Map Device to add modifiers to a Map.","","50% increased Maps found in Area",[],"","",[],[],5000,"Can be used in a personal Map Device to add modifiers to a Map.",0,[],[],[],1,"20% increased Maps found in Area","",""
907,3507,10,3,"","Can be used in a personal Map Device to add modifiers to a Map.","","85% increased Maps found in Area",[],"","",[],[],5000,"Can be used in a personal Map Device to add modifiers to a Map.",0,[],[],[],1,"20% increased Maps found in Area","",""
908,3508,20,3,"","Can be used in a personal Map Device to add modifiers to a Map.","","10% increased Maps found in Area for each Map Modifier affecting Area",[],"","",[],[],5000,"Can be used in a personal Map Device to add modifiers to a Map.",0,[],[],[],1,"10% increased Maps found in Area for each Map Modifier affecting Area","",""
909,3509,20,3,"","Can be used in a personal Map Device to add modifiers to a Map.","","Area has an additional random Modifier",[],"","",[],[],5000,"Can be used in a personal Map Device to add modifiers to a Map.",0,[],[],[],1,"Area has an additional random Modifier","",""
910,3512,20,3,"","Can be used in a personal Map Device to add modifiers to a Map.","","Area contains 8 to 12 additional packs of\nDifficult and Rewarding Monsters which drop 300% increased Maps",[],"","",[],[],5000,"Can be used in a personal Map Device to add modifiers to a Map.",0,[],[],[],1,"Area contains 4 to 6 additional packs of\nDifficult and Rewarding Monsters which drop 300% increased Maps","",""
911,3511,20,3,"","Can be used in a personal Map Device to add modifiers to a Map.","","Non-Unique Maps found in Area are Corrupted with 8 Modifiers",[],"","",[],[],5000,"Can be used in a personal Map Device to add modifiers to a Map.",0,[],[],[],1,"Non-Unique Maps found in Area are Corrupted with 8 Modifiers","",""
912,3510,20,3,"","Can be used in a personal Map Device to add modifiers to a Map.","","A Unique Map will drop from the Final Map Boss",[],"","",[],[],5000,"Can be used in a personal Map Device to add modifiers to a Map.",0,[],[],[],1,"DISABLED","",""
913,3513,10,3,"","Can be used in a personal Map Device to add modifiers to a Map.","","50% increased Unique Items found in Area",[],"","",[],[],5000,"Can be used in a personal Map Device to add modifiers to a Map.",0,[],[],[],1,"50% more Unique Items found in Area","",""
914,3514,10,3,"","Can be used in a personal Map Device to add modifiers to a Map.","","100% increased Unique Items found in Area",[],"","",[],[],5000,"Can be used in a personal Map Device to add modifiers to a Map.",0,[],[],[],1,"50% more Unique Items found in Area","",""
915,3515,10,3,"","Can be used in a personal Map Device to add modifiers to a Map.","","150% increased Unique Items found in Area",[],"","",[],[],5000,"Can be used in a personal Map Device to add modifiers to a Map.",0,[],[],[],1,"50% more Unique Items found in Area","",""
916,3516,10,3,"","Can be used in a personal Map Device to add modifiers to a Map.","","250% increased Unique Items found in Area",[],"","",[],[],5000,"Can be used in a personal Map Device to add modifiers to a Map.",0,[],[],[],1,"50% more Unique Items found in Area","",""
917,3517,20,3,"","Can be used in a personal Map Device to add modifiers to a Map.","","Unique Monsters have 2% increased Toughness, Damage, Rarity and Quantity of items dropped per 1% increased Pack Size of Area",[],"","",[],[],5000,"Can be used in a personal Map Device to add modifiers to a Map.",0,[],[],[],1,"DISABLED","",""
918,3518,20,3,"","Can be used in a personal Map Device to add modifiers to a Map.","","Unique Monsters in Area have 2 additional Rewards\nUnique Monsters in Area have 30% increased Toughness",[],"","",[],[],5000,"Can be used in a personal Map Device to add modifiers to a Map.",0,[],[],[],1,"DISABLED","",""
919,3519,20,3,"","Can be used in a personal Map Device to add modifiers to a Map.","","Unique Monsters in Area have 2 additional Monster Modifiers",[],"","",[],[],5000,"Can be used in a personal Map Device to add modifiers to a Map.",0,[],[],[],1,"Unique Monsters in Area have 2 additional Monster Modifiers","",""
920,3520,10,3,"","Can be used in a personal Map Device to add modifiers to a Map.","","Area contains Einhar\r\nArea contains an additional Red Beast",[],"","",[],[],5000,"Can be used in a personal Map Device to add modifiers to a Map.",0,[],[],[],"","","",""
921,3521,10,3,"","Can be used in a personal Map Device to add modifiers to a Map.","","Area contains Einhar\r\nArea contains 2 additional Red Beasts",[],"","",[],[],5000,"Can be used in a personal Map Device to add modifiers to a Map.",0,[],[],[],"","","",""
922,3522,10,3,"","Can be used in a personal Map Device to add modifiers to a Map.","","Area contains Einhar\r\nArea contains 3 additional Red Beasts",[],"","",[],[],5000,"Can be used in a personal Map Device to add modifiers to a Map.",0,[],[],[],"","","",""
923,3523,10,3,"","Can be used in a personal Map Device to add modifiers to a Map.","","Area contains Einhar\r\nArea contains 5 additional Red Beasts",[],"","",[],[],5000,"Can be used in a personal Map Device to add modifiers to a Map.",0,[],[],[],"","","",""
924,3524,1,3,"","Can be used in a personal Map Device to add modifiers to a Map.","","Area contains Einhar\r\nArea contains 4 additional Red Beasts from The Wilds\r\nCannot be used alongside a Bestiary Scarab",[],"","",[],[],5000,"Can be used in a personal Map Device to add modifiers to a Map.",0,[],[],[],"","","",""
925,3525,1,3,"","Can be used in a personal Map Device to add modifiers to a Map.","","Area contains Einhar\r\nArea contains 4 additional Red Beasts from The Sands\r\nCannot be used alongside a Bestiary Scarab",[],"","",[],[],5000,"Can be used in a personal Map Device to add modifiers to a Map.",0,[],[],[],"","","",""
926,3526,1,3,"","Can be used in a personal Map Device to add modifiers to a Map.","","Area contains Einhar\r\nArea contains 4 additional Red Beasts from The Caverns\r\nCannot be used alongside a Bestiary Scarab",[],"","",[],[],5000,"Can be used in a personal Map Device to add modifiers to a Map.",0,[],[],[],"","","",""
927,3527,1,3,"","Can be used in a personal Map Device to add modifiers to a Map.","","Area contains Einhar\r\nArea contains 4 additional Red Beasts from The Deep\r\nCannot be used alongside a Bestiary Scarab",[],"","",[],[],5000,"Can be used in a personal Map Device to add modifiers to a Map.",0,[],[],[],"","","",""
928,3528,20,3,"","Can be used in a personal Map Device to add modifiers to a Map.","","Area contains Einhar",[],"","",[],[],5000,"Can be used in a personal Map Device to add modifiers to a Map.",0,[],[],[],1,"Area contains Einhar","",""
929,3530,20,3,"","Can be used in a personal Map Device to add modifiers to a Map.","","Create a copy of Beasts captured in Area",[],"","",[],[],5000,"Can be used in a personal Map Device to add modifiers to a Map.",0,[],[],[],1,"Create a copy of Beasts captured in Area","",""
930,3529,20,3,"","Can be used in a personal Map Device to add modifiers to a Map.","","Area contains 5 additional Red Beasts if it contains Einhar",[],"","",[],[],5000,"Can be used in a personal Map Device to add modifiers to a Map.",0,[],[],[],1,"Area contains 3 additional Red Beasts if it contains Einhar","",""
931,3531,20,3,"","Can be used in a personal Map Device to add modifiers to a Map.","","Area contains The Black Mórrigan if it contains Einhar",[],"","",[],[],5000,"Can be used in a personal Map Device to add modifiers to a Map.",0,[],[],[],1,"Area contains The Black Mórrigan if it contains Einhar","",""
932,3532,10,3,"","Can be used in a personal Map Device to add modifiers to a Map.","","Adds Shaper Influence outcome to Map Area\r\n30% more Rare Shaper Items found in Area",[],"","",[],[],5000,"Can be used in a personal Map Device to add modifiers to a Map.",0,[],[],[],1,"Adds Shaper Influence outcome to Map Area\r\n30% more Rare Shaper Items found in Area","",""
933,3533,10,3,"","Can be used in a personal Map Device to add modifiers to a Map.","","Adds Shaper Influence outcome to Map Area\r\n60% more Rare Shaper Items found in Area",[],"","",[],[],5000,"Can be used in a personal Map Device to add modifiers to a Map.",0,[],[],[],1,"Adds Shaper Influence outcome to Map Area\r\n30% more Rare Shaper Items found in Area","",""
934,3534,10,3,"","Can be used in a personal Map Device to add modifiers to a Map.","","Adds Shaper Influence outcome to Map Area\r\n90% more Rare Shaper Items found in Area",[],"","",[],[],5000,"Can be used in a personal Map Device to add modifiers to a Map.",0,[],[],[],1,"Adds Shaper Influence outcome to Map Area\r\n30% more Rare Shaper Items found in Area","",""
935,3535,10,3,"","Can be used in a personal Map Device to add modifiers to a Map.","","Adds Shaper Influence outcome to Map Area\r\n150% more Rare Shaper Items found in Area",[],"","",[],[],5000,"Can be used in a personal Map Device to add modifiers to a Map.",0,[],[],[],1,"Adds Shaper Influence outcome to Map Area\r\n30% more Rare Shaper Items found in Area","",""
936,3536,10,3,"","Can be used in a personal Map Device to add modifiers to a Map.","","Adds Elder Influence outcome to Map Area\r\n30% more Rare Elder Items found in Area",[],"","",[],[],5000,"Can be used in a personal Map Device to add modifiers to a Map.",0,[],[],[],1,"Adds Elder Influence outcome to Map Area\r\n30% more Rare Elder Items found in Area","",""
937,3537,10,3,"","Can be used in a personal Map Device to add modifiers to a Map.","","Adds Elder Influence outcome to Map Area\r\n60% more Rare Elder Items found in Area",[],"","",[],[],5000,"Can be used in a personal Map Device to add modifiers to a Map.",0,[],[],[],1,"Adds Elder Influence outcome to Map Area\r\n30% more Rare Elder Items found in Area","",""
938,3538,10,3,"","Can be used in a personal Map Device to add modifiers to a Map.","","Adds Elder Influence outcome to Map Area\r\n90% more Rare Elder Items found in Area",[],"","",[],[],5000,"Can be used in a personal Map Device to add modifiers to a Map.",0,[],[],[],1,"Adds Elder Influence outcome to Map Area\r\n30% more Rare Elder Items found in Area","",""
939,3539,10,3,"","Can be used in a personal Map Device to add modifiers to a Map.","","Adds Elder Influence outcome to Map Area\r\n150% more Rare Elder Items found in Area",[],"","",[],[],5000,"Can be used in a personal Map Device to add modifiers to a Map.",0,[],[],[],1,"Adds Elder Influence outcome to Map Area\r\n30% more Rare Elder Items found in Area","",""
940,3540,20,3,"","Can be used in a personal Map Device to add modifiers to a Map.","","Adds Shaper Influence outcome to Area",[],"","",[],[],5000,"Can be used in a personal Map Device to add modifiers to a Map.",0,[],[],[],1,"Adds Shaper Influence outcome to Area","",""
941,3541,20,3,"","Can be used in a personal Map Device to add modifiers to a Map.","","Adds Elder Influence outcome to Area",[],"","",[],[],5000,"Can be used in a personal Map Device to add modifiers to a Map.",0,[],[],[],1,"Adds Elder Influence outcome to Area","",""
942,3543,20,3,"","Can be used in a personal Map Device to add modifiers to a Map.","","Tier 14+ Maps found in Area have a chance to drop as Shaper Guardian, Elder Guardian, Conqueror or Unique Synthesised Maps instead",[],"","",[],[],5000,"Can be used in a personal Map Device to add modifiers to a Map.",0,[],[],[],1,"Tier 14+ Maps found in Area have a chance to drop as Shaper Guardian, Elder Guardian, Conqueror or Unique Synthesised Maps instead","",""
943,3542,20,3,"","Can be used in a personal Map Device to add modifiers to a Map.","","Influenced Monster Packs in Area have 40% increased Pack Size",[],"","",[],[],5000,"Can be used in a personal Map Device to add modifiers to a Map.",0,[],[],[],1,"Influenced Monster Packs in Area have 40% increased Pack Size","",""
944,3544,10,3,"","Can be used in a personal Map Device to add modifiers to a Map.","","Area contains Niko\r\nMap owner gains 20% more Sulphite",[],"","",[],[],5000,"Can be used in a personal Map Device to add modifiers to a Map.",0,[],[],[],"","","",""
945,3545,10,3,"","Can be used in a personal Map Device to add modifiers to a Map.","","Area contains Niko\r\nMap owner gains 40% more Sulphite",[],"","",[],[],5000,"Can be used in a personal Map Device to add modifiers to a Map.",0,[],[],[],"","","",""
946,3546,10,3,"","Can be used in a personal Map Device to add modifiers to a Map.","","Area contains Niko\r\nMap owner gains 60% more Sulphite",[],"","",[],[],5000,"Can be used in a personal Map Device to add modifiers to a Map.",0,[],[],[],"","","",""
947,3547,10,3,"","Can be used in a personal Map Device to add modifiers to a Map.","","Area contains Niko\r\nMap owner gains 100% more Sulphite",[],"","",[],[],5000,"Can be used in a personal Map Device to add modifiers to a Map.",0,[],[],[],"","","",""
948,3548,20,3,"","Can be used in a personal Map Device to add modifiers to a Map.","","Area contains Niko\nMap owner gains 150% more Sulphite",[],"","",[],[],5000,"Can be used in a personal Map Device to add modifiers to a Map.",0,[],[],[],1,"Area contains Niko\nMap owner gains 150% more Sulphite","",""
949,3549,20,3,"","Can be used in a personal Map Device to add modifiers to a Map.","","Map owner gains 150% more Sulphite",[],"","",[],[],5000,"Can be used in a personal Map Device to add modifiers to a Map.",0,[],[],[],1,"Map owner gains 150% more Sulphite","",""
950,3550,20,3,"","Can be used in a personal Map Device to add modifiers to a Map.","","Sulphite found in Map Area releases Enraging Fumes\nMonsters affected by Enraging Fumes have 50% increased Item Quantity\nSulphite in your maps is guarded by Monsters from the Azurite Mine",[],"","",[],[],5000,"Can be used in a personal Map Device to add modifiers to a Map.",0,[],[],[],1,"Sulphite found in Map Area releases Enraging Fumes\nMonsters affected by Enraging Fumes have 50% increased Item Quantity\nSulphite in your maps is guarded by Monsters from the Azurite Mine","",""
951,3551,10,3,"","Can be used in a personal Map Device to add modifiers to a Map.","","50% more Divination Cards found in Area",[],"","",[],[],5000,"Can be used in a personal Map Device to add modifiers to a Map.",0,[],[],[],"","","",""
952,3552,10,3,"","Can be used in a personal Map Device to add modifiers to a Map.","","100% more Divination Cards found in Area",[],"","",[],[],5000,"Can be used in a personal Map Device to add modifiers to a Map.",0,[],[],[],"","","",""
953,3553,10,3,"","Can be used in a personal Map Device to add modifiers to a Map.","","150% more Divination Cards found in Area",[],"","",[],[],5000,"Can be used in a personal Map Device to add modifiers to a Map.",0,[],[],[],"","","",""
954,3554,10,3,"","Can be used in a personal Map Device to add modifiers to a Map.","","250% more Divination Cards found in Area",[],"","",[],[],5000,"Can be used in a personal Map Device to add modifiers to a Map.",0,[],[],[],"","","",""
955,3555,20,3,"","Can be used in a personal Map Device to add modifiers to a Map.","","Area contains 8 to 12 additional packs of Doedre's Devoted\nDoedre's Devoted have 1% additional chance to drop a Stacked Deck",[],"","",[],[],5000,"Can be used in a personal Map Device to add modifiers to a Map.",0,[],[],[],1,"DISABLED","",""
956,3557,20,3,"","Can be used in a personal Map Device to add modifiers to a Map.","","Divination Cards which drop in Area are stolen by a Final Map Boss\nThat Final Map Boss becomes more Difficult and deals\nincreased Damage the more Divination Cards they have stolen\nThat Final Map Boss duplicates all stolen Divination Cards when defeated",[],"","",[],[],5000,"Can be used in a personal Map Device to add modifiers to a Map.",0,[],[],[],1,"DISABLED","",""
957,3556,20,3,"","Can be used in a personal Map Device to add modifiers to a Map.","","Area contains 3 additional Packs of Magic Monsters that\nhave 800% increased chance to drop Divination Cards",[],"","",[],[],5000,"Can be used in a personal Map Device to add modifiers to a Map.",0,[],[],[],1,"DISABLED","",""
958,3558,10,3,"","Can be used in a personal Map Device to add modifiers to a Map.","","Area is haunted by 3 additional Tormented Spirits",[],"","",[],[],5000,"Can be used in a personal Map Device to add modifiers to a Map.",0,[],[],[],1,"Area is haunted by 3 additional Tormented Spirits","",""
959,3559,10,3,"","Can be used in a personal Map Device to add modifiers to a Map.","","Area is haunted by 5 additional Tormented Spirits",[],"","",[],[],5000,"Can be used in a personal Map Device to add modifiers to a Map.",0,[],[],[],1,"Area is haunted by 3 additional Tormented Spirits","",""
960,3560,10,3,"","Can be used in a personal Map Device to add modifiers to a Map.","","Area is haunted by 7 additional Tormented Spirits",[],"","",[],[],5000,"Can be used in a personal Map Device to add modifiers to a Map.",0,[],[],[],1,"Area is haunted by 3 additional Tormented Spirits","",""
961,3561,10,3,"","Can be used in a personal Map Device to add modifiers to a Map.","","Area is haunted by 12 additional Tormented Spirits",[],"","",[],[],5000,"Can be used in a personal Map Device to add modifiers to a Map.",0,[],[],[],1,"Area is haunted by 3 additional Tormented Spirits","",""
962,3562,20,3,"","Can be used in a personal Map Device to add modifiers to a Map.","","Area is haunted by 3 additional Tormented Spirits\nTormented Spirits in Area have a 25% chance to\nbe set free when Possessed Monsters are slain",[],"","",[],[],5000,"Can be used in a personal Map Device to add modifiers to a Map.",0,[],[],[],1,"Area is haunted by 2 additional Tormented Spirits\nTormented Spirits in Area have a 25% chance to\nbe set free when Possessed Monsters are slain","",""
963,3563,20,3,"","Can be used in a personal Map Device to add modifiers to a Map.","","Tormented Spirits in Area are replaced with unusual variants",[],"","",[],[],5000,"Can be used in a personal Map Device to add modifiers to a Map.",0,[],[],[],1,"Tormented Spirits in Area are replaced with unusual variants","",""
964,3564,20,3,"","Can be used in a personal Map Device to add modifiers to a Map.","","Tormented Spirits in Area have a 25% chance to\nbe set free when Possessed Monsters are slain",[],"","",[],[],5000,"Can be used in a personal Map Device to add modifiers to a Map.",0,[],[],[],1,"Tormented Spirits in Area have a 25% chance to\nbe set free when Possessed Monsters are slain","",""
965,3565,20,3,"","Can be used in a personal Map Device to add modifiers to a Map.","","Rare Monsters in Area have a quarter chance to be Possessed by up to 1 Tormented Spirit",[],"","",[],[],5000,"Can be used in a personal Map Device to add modifiers to a Map.",0,[],[],[],1,"Rare Monsters in Area have a quarter chance to be Possessed by up to 1 Tormented Spirit","",""
966,3566,10,3,"","Can be used in a personal Map Device to add modifiers to a Map.","","Area contains 3 additional Strongboxes",[],"","",[],[],5000,"Can be used in a personal Map Device to add modifiers to a Map.",0,[],[],[],1,"Area contains 3 additional Strongboxes","",""
967,3567,10,3,"","Can be used in a personal Map Device to add modifiers to a Map.","","Area contains 4 additional Strongboxes",[],"","",[],[],5000,"Can be used in a personal Map Device to add modifiers to a Map.",0,[],[],[],1,"Area contains 3 additional Strongboxes","",""
968,3568,10,3,"","Can be used in a personal Map Device to add modifiers to a Map.","","Area contains 5 additional Strongboxes",[],"","",[],[],5000,"Can be used in a personal Map Device to add modifiers to a Map.",0,[],[],[],1,"Area contains 3 additional Strongboxes","",""
969,3569,10,3,"","Can be used in a personal Map Device to add modifiers to a Map.","","Area contains 9 additional Strongboxes",[],"","",[],[],5000,"Can be used in a personal Map Device to add modifiers to a Map.",0,[],[],[],1,"Area contains 3 additional Strongboxes","",""
970,3570,20,3,"","Can be used in a personal Map Device to add modifiers to a Map.","","Area contains 5 additional Strongboxes",[],"","",[],[],5000,"Can be used in a personal Map Device to add modifiers to a Map.",0,[],[],[],1,"Area contains 2 additional Strongboxes","",""
971,3571,20,3,"","Can be used in a personal Map Device to add modifiers to a Map.","","15% Chance for Strongboxes in Area to be openable again",[],"","",[],[],5000,"Can be used in a personal Map Device to add modifiers to a Map.",0,[],[],[],1,"15% Chance for Strongboxes in Area to be openable again","",""
972,3572,20,3,"","Can be used in a personal Map Device to add modifiers to a Map.","","75% Increased effect of Explicit Modifiers on Strongboxes in Area",[],"","",[],[],5000,"Can be used in a personal Map Device to add modifiers to a Map.",0,[],[],[],1,"75% Increased effect of Explicit Modifiers on Strongboxes in Area","",""
973,3573,20,3,"","Can be used in a personal Map Device to add modifiers to a Map.","","Area contains many additional Strongboxes\nArea's inhabitants are lying in ambush",[],"","",[],[],5000,"Can be used in a personal Map Device to add modifiers to a Map.",0,[],[],[],1,"Area contains many additional Strongboxes\nArea's inhabitants are lying in ambush","",""
974,3574,20,3,"","Can be used in a personal Map Device to add modifiers to a Map.","","Strongboxes in Area are more likely to be rarer varieties",[],"","",[],[],5000,"Can be used in a personal Map Device to add modifiers to a Map.",0,[],[],[],1,"Strongboxes in Area are more likely to be rarer varieties","",""
975,3575,10,3,"","Can be used in a personal Map Device to add modifiers to a Map.","","Area contains 2 additional Harbingers",[],"","",[],[],5000,"Can be used in a personal Map Device to add modifiers to a Map.",0,[],[],[],1,"Area contains 2 additional Harbingers","",""
976,3576,10,3,"","Can be used in a personal Map Device to add modifiers to a Map.","","Area contains 3 additional Harbingers",[],"","",[],[],5000,"Can be used in a personal Map Device to add modifiers to a Map.",0,[],[],[],1,"Area contains 2 additional Harbingers","",""
977,3577,10,3,"","Can be used in a personal Map Device to add modifiers to a Map.","","Area contains 4 additional Harbingers",[],"","",[],[],5000,"Can be used in a personal Map Device to add modifiers to a Map.",0,[],[],[],1,"Area contains 2 additional Harbingers","",""
978,3578,10,3,"","Can be used in a personal Map Device to add modifiers to a Map.","","Area contains 7 additional Harbingers",[],"","",[],[],5000,"Can be used in a personal Map Device to add modifiers to a Map.",0,[],[],[],1,"Area contains 2 additional Harbingers","",""
979,3579,20,3,"","Can be used in a personal Map Device to add modifiers to a Map.","","Area contains 3 additional Harbingers",[],"","",[],[],5000,"Can be used in a personal Map Device to add modifiers to a Map.",0,[],[],[],1,"Area contains 1 additional Harbinger","",""
980,3580,20,3,"","Can be used in a personal Map Device to add modifiers to a Map.","","Harbingers in Area spawn Empowered Obelisks\nEmpowered Obelisks drop Currency Shards when defeated",[],"","",[],[],5000,"Can be used in a personal Map Device to add modifiers to a Map.",0,[],[],[],1,"Harbingers in Area drop a single type of currency shard","",""
981,3582,20,3,"","Can be used in a personal Map Device to add modifiers to a Map.","","Currency shards dropped by Harbingers in Area are duplicated",[],"","",[],[],5000,"Can be used in a personal Map Device to add modifiers to a Map.",0,[],[],[],1,"Currency shards dropped by Harbingers in Area have a 25% chance to be duplicated","",""
982,3581,20,3,"","Can be used in a personal Map Device to add modifiers to a Map.","","Harbingers in Area have a 50% chance to be replaced by a powerful Harbinger Boss",[],"","",[],[],5000,"Can be used in a personal Map Device to add modifiers to a Map.",0,[],[],[],1,"Harbingers in Area have a 50% chance to be replaced by a powerful Harbinger Boss","",""
983,3583,10,3,"","Can be used in a personal Map Device to add modifiers to a Map.","","Area contains an additional Expedition Encounter",[],"","",[],[],5000,"Can be used in a personal Map Device to add modifiers to a Map.",0,[],[],[],1,"Area contains an additional Expedition Encounter","",""
984,3584,10,3,"","Can be used in a personal Map Device to add modifiers to a Map.","","Area contains an additional Expedition Encounter\r\nArea contains 25% increased number of Runic Monster Markers\r\n20% increased number of Explosives",[],"","",[],[],5000,"Can be used in a personal Map Device to add modifiers to a Map.",0,[],[],[],1,"Area contains an additional Expedition Encounter","",""
985,3585,10,3,"","Can be used in a personal Map Device to add modifiers to a Map.","","Area contains an additional Expedition Encounter\r\nArea contains 50% increased number of Runic Monster Markers\r\n20% increased number of Explosives",[],"","",[],[],5000,"Can be used in a personal Map Device to add modifiers to a Map.",0,[],[],[],1,"Area contains an additional Expedition Encounter","",""
986,3586,10,3,"","Can be used in a personal Map Device to add modifiers to a Map.","","Area contains an additional Expedition Encounter\r\nArea contains 50% increased number of Runic Monster Markers\r\n20% increased number of Explosives\r\nRemnants in area have an additional Suffix",[],"","",[],[],5000,"Can be used in a personal Map Device to add modifiers to a Map.",0,[],[],[],1,"Area contains an additional Expedition Encounter","",""
987,3587,20,3,"","Can be used in a personal Map Device to add modifiers to a Map.","","Area contains an Expedition Encounter",[],"","",[],[],5000,"Can be used in a personal Map Device to add modifiers to a Map.",0,[],[],[],"","Area contains an Expedition Encounter","",""
988,3588,20,3,"","Can be used in a personal Map Device to add modifiers to a Map.","","Expedition Encounters in Area have 100% increased\nnumber of Runic Monster Markers",[],"","",[],[],5000,"Can be used in a personal Map Device to add modifiers to a Map.",0,[],[],[],"","Expedition Encounters in Area have 100% increased\nnumber of Runic Monster Markers","",""
989,3589,20,3,"","Can be used in a personal Map Device to add modifiers to a Map.","","Expedition Encounters in Area have 20% increased number of Explosives\n80% increased Explosive Radius",[],"","",[],[],5000,"Can be used in a personal Map Device to add modifiers to a Map.",0,[],[],[],"","Expedition Encounters in Area have 20% increased number of Explosives\n80% increased Explosive Radius","",""
990,3591,20,3,"","Can be used in a personal Map Device to add modifiers to a Map.","","Remnants in Expedition Encounters in Area have 2 additional Suffixes and Prefixes",[],"","",[],[],5000,"Can be used in a personal Map Device to add modifiers to a Map.",0,[],[],[],"","Remnants in Expedition Encounters in Area have 1 additional Suffix and Prefix","",""
991,3590,20,3,"","Can be used in a personal Map Device to add modifiers to a Map.","","Expedition Encounters in Area are lead by Dannig",[],"","",[],[],5000,"Can be used in a personal Map Device to add modifiers to a Map.",0,[],[],[],"","Expedition Encounters in Area are lead by Dannig","",""
992,3592,10,3,"","Can be used in a personal Map Device to add modifiers to a Map.","","Area contains an additional Legion Encounter",[],"","",[],[],5000,"Can be used in a personal Map Device to add modifiers to a Map.",0,[],[],[],1,"Area contains an additional Legion Encounter","",""
993,3593,10,3,"","Can be used in a personal Map Device to add modifiers to a Map.","","Area contains an additional Legion Encounter\r\nEach Legion contains a War Hoard",[],"","",[],[],5000,"Can be used in a personal Map Device to add modifiers to a Map.",0,[],[],[],1,"Area contains an additional Legion Encounter","",""
994,3594,10,3,"","Can be used in a personal Map Device to add modifiers to a Map.","","Area contains an additional Legion Encounter\r\nEach Legion contains a War Hoard\r\nEach Legion is accompanied by a General",[],"","",[],[],5000,"Can be used in a personal Map Device to add modifiers to a Map.",0,[],[],[],1,"Area contains an additional Legion Encounter","",""
995,3595,10,3,"","Can be used in a personal Map Device to add modifiers to a Map.","","Area contains 2 additional Legion Encounters\r\nEach Legion contains a War Hoard\r\nEach Legion is accompanied by a General",[],"","",[],[],5000,"Can be used in a personal Map Device to add modifiers to a Map.",0,[],[],[],1,"Area contains an additional Legion Encounter","",""
996,3596,20,3,"","Can be used in a personal Map Device to add modifiers to a Map.","","Area contains an additional Legion Encounter",[],"","",[],[],5000,"Can be used in a personal Map Device to add modifiers to a Map.",0,[],[],[],1,"Area contains an additional Legion Encounter","",""
997,3597,20,3,"","Can be used in a personal Map Device to add modifiers to a Map.","","Legion Factions in Area have 5 additional Sergeants",[],"","",[],[],5000,"Can be used in a personal Map Device to add modifiers to a Map.",0,[],[],[],1,"Legion Factions in Area have 2 additional Sergeants","",""
998,3598,20,3,"","Can be used in a personal Map Device to add modifiers to a Map.","","Legion Factions in Area are accompanied by a General",[],"","",[],[],5000,"Can be used in a personal Map Device to add modifiers to a Map.",0,[],[],[],1,"Legion Factions in Area are accompanied by a General","",""
999,3599,20,3,"","Can be used in a personal Map Device to add modifiers to a Map.","","Legion Encounters in Area always contain the Maraketh Faction",[],"","",[],[],5000,"Can be used in a personal Map Device to add modifiers to a Map.",0,[],[],[],1,"Legion Encounters in Area always contain the Maraketh Faction","",""
1000,3600,20,3,"","Can be used in a personal Map Device to add modifiers to a Map.","","Legion Monsters in Area can be broken out of Stasis multiple times\nLegion Monsters in Area gain increased Difficulty and Reward for each time they are broken out",[],"","",[],[],5000,"Can be used in a personal Map Device to add modifiers to a Map.",0,[],[],[],1,"Legion Monsters in Area can be broken out of Stasis multiple times\nLegion Monsters in Area gain increased Difficulty and Reward for each time they are broken out","",""
1001,3601,10,3,"","Can be used in a personal Map Device to add modifiers to a Map.","","Area contains an Ultimatum Encounter",[],"","",[],[],5000,"Can be used in a personal Map Device to add modifiers to a Map.",0,[],[],[],1,"Area contains an Ultimatum Encounter","",""
1002,3602,10,3,"","Can be used in a personal Map Device to add modifiers to a Map.","","Area contains an Ultimatum Encounter\r\nUltimatum Monsters grant 100% increased Experience",[],"","",[],[],5000,"Can be used in a personal Map Device to add modifiers to a Map.",0,[],[],[],1,"Area contains an Ultimatum Encounter","",""
1003,3603,10,3,"","Can be used in a personal Map Device to add modifiers to a Map.","","Area contains an Ultimatum Encounter\r\nUltimatum Monsters grant 100% increased Experience\r\nUltimatum Encounters grant rewards as though you completed an additional Round",[],"","",[],[],5000,"Can be used in a personal Map Device to add modifiers to a Map.",0,[],[],[],1,"Area contains an Ultimatum Encounter","",""
1004,3604,10,3,"","Can be used in a personal Map Device to add modifiers to a Map.","","Area contains an Ultimatum Encounter\r\nUltimatum Monsters grant 200% increased Experience\r\nUltimatum Encounters grant rewards as though you completed 2 additional Rounds",[],"","",[],[],5000,"Can be used in a personal Map Device to add modifiers to a Map.",0,[],[],[],1,"Area contains an Ultimatum Encounter","",""
1005,3605,10,3,"","Can be used in a personal Map Device to add modifiers to a Map.","","Area contains a Blight Encounter",[],"","",[],[],5000,"Can be used in a personal Map Device to add modifiers to a Map.",0,[],[],[],1,"Area contains a Blight Encounter","",""
1006,3606,10,3,"","Can be used in a personal Map Device to add modifiers to a Map.","","Area contains a Blight Encounter\r\nBlight Encounters contain an additional Blight Boss",[],"","",[],[],5000,"Can be used in a personal Map Device to add modifiers to a Map.",0,[],[],[],1,"Area contains a Blight Encounter","",""
1007,3607,10,3,"","Can be used in a personal Map Device to add modifiers to a Map.","","Area contains a Blight Encounter\r\nBlight Encounters contain an additional Blight Boss\r\n50% chance for Blight Chests to contain an additional Reward",[],"","",[],[],5000,"Can be used in a personal Map Device to add modifiers to a Map.",0,[],[],[],1,"Area contains a Blight Encounter","",""
1008,3608,10,3,"","Can be used in a personal Map Device to add modifiers to a Map.","","Area contains a Blight Encounter\r\nBlight Encounters contain an additional Blight Boss\r\n50% chance for Blight Chests to contain an additional Reward\r\nLanes of Blight Encounters in Areas have an additional Reward Chest",[],"","",[],[],5000,"Can be used in a personal Map Device to add modifiers to a Map.",0,[],[],[],1,"Area contains a Blight Encounter","",""
1009,3609,10,3,"","Can be used in a personal Map Device to add modifiers to a Map.","","Area contains an additional Abyss",[],"","",[],[],5000,"Can be used in a personal Map Device to add modifiers to a Map.",0,[],[],[],1,"Area contains an additional Abyss","",""
1010,3610,10,3,"","Can be used in a personal Map Device to add modifiers to a Map.","","Area contains an additional Abyss\r\nAbysses in Area spawn 50% increased Monsters",[],"","",[],[],5000,"Can be used in a personal Map Device to add modifiers to a Map.",0,[],[],[],1,"Area contains an additional Abyss","",""
1011,3611,10,3,"","Can be used in a personal Map Device to add modifiers to a Map.","","Area contains an additional Abyss\r\nAbysses in Area spawn 50% increased Monsters\r\nAbysses in Area that do not lead to an Abyssal Depths lead to a Stygian Spire",[],"","",[],[],5000,"Can be used in a personal Map Device to add modifiers to a Map.",0,[],[],[],1,"Area contains an additional Abyss","",""
1012,3612,10,3,"","Can be used in a personal Map Device to add modifiers to a Map.","","Area contains 2 additional Abysses\r\nAbysses in Area spawn 50% increased Monsters\r\nAbysses in Area that do not lead to an Abyssal Depths lead to a Stygian Spire",[],"","",[],[],5000,"Can be used in a personal Map Device to add modifiers to a Map.",0,[],[],[],1,"Area contains an additional Abyss","",""
1013,3613,20,3,"","Can be used in a personal Map Device to add modifiers to a Map.","","Area contains an additional Abyss",[],"","",[],[],5000,"Can be used in a personal Map Device to add modifiers to a Map.",0,[],[],[],1,"Area contains an additional Abyss","",""
1014,3614,20,3,"","Can be used in a personal Map Device to add modifiers to a Map.","","Abysses in Area spawn 75% increased Monsters",[],"","",[],[],5000,"Can be used in a personal Map Device to add modifiers to a Map.",0,[],[],[],1,"Abysses in Area spawn 75% increased Monsters","",""
1015,3615,20,3,"","Can be used in a personal Map Device to add modifiers to a Map.","","Abysses in Area that do not lead to an Abyssal Depths lead to a Stygian Spire\nAbysses in Area spawn Hoards as they travel",[],"","",[],[],5000,"Can be used in a personal Map Device to add modifiers to a Map.",0,[],[],[],1,"Abysses in Area that do not lead to an Abyssal Depths lead to a Stygian Spire\nAbysses in Area spawn Hoards as they travel","",""
1016,3616,20,3,"","Can be used in a personal Map Device to add modifiers to a Map.","","Rare Abyss Monsters in Area have a 50% chance to drop\nan additional Rare item with an Abyssal socket",[],"","",[],[],5000,"Can be used in a personal Map Device to add modifiers to a Map.",0,[],[],[],1,"DISABLED","",""
1017,3617,20,3,"","Can be used in a personal Map Device to add modifiers to a Map.","","Monsters from Abysses in Areas have increased Difficulty and Reward for\neach prior Pit in that Abyss",[],"","",[],[],5000,"Can be used in a personal Map Device to add modifiers to a Map.",0,[],[],[],1,"Monsters from Abysses in Areas have increased Difficulty and Reward for\neach prior Pit in that Abyss","",""
1018,3618,20,3,"","Can be used in a personal Map Device to add modifiers to a Map.","","Area contains 4 additional Rogue Exiles",[],"","",[],[],5000,"Can be used in a personal Map Device to add modifiers to a Map.",0,[],[],[],1,"Area contains 2 additional Rogue Exiles","",""
1019,3619,20,3,"","Can be used in a personal Map Device to add modifiers to a Map.","","Wild Rogue Exiles in Area have a 30% chance to be replaced with a Rogue Giant",[],"","",[],[],5000,"Can be used in a personal Map Device to add modifiers to a Map.",0,[],[],[],1,"Wild Rogue Exiles in Area have a 30% chance to be replaced with a Rogue Giant","",""
1020,3620,20,3,"","Can be used in a personal Map Device to add modifiers to a Map.","","Wild Rogue Exiles in Area have a 50% chance to appear in pairs",[],"","",[],[],5000,"Can be used in a personal Map Device to add modifiers to a Map.",0,[],[],[],1,"Wild Rogue Exiles in Area have a 50% chance to appear in pairs","",""
1021,3621,20,3,"","Can be used in a personal Map Device to add modifiers to a Map.","","Area contains 2 additional Imprisoned Monsters",[],"","",[],[],5000,"Can be used in a personal Map Device to add modifiers to a Map.",0,[],[],[],1,"Area contains an additional Imprisoned Monster","",""
1022,3622,20,3,"","Can be used in a personal Map Device to add modifiers to a Map.","","Essences found in Area are a tier higher",[],"","",[],[],5000,"Can be used in a personal Map Device to add modifiers to a Map.",0,[],[],[],1,"Essences found in Area are a tier higher","",""
1023,3624,20,3,"","Can be used in a personal Map Device to add modifiers to a Map.","","Rare monsters that are natural inhabitants of the Area are imprisoned by Essences",[],"","",[],[],5000,"Can be used in a personal Map Device to add modifiers to a Map.",0,[],[],[],1,"Rare monsters that are natural inhabitants of the Area are imprisoned by Essences","",""
1024,3623,20,3,"","Can be used in a personal Map Device to add modifiers to a Map.","","Using a Remnant of Corruption in Area can only result in\nupgrading or transforming Essences",[],"","",[],[],5000,"Can be used in a personal Map Device to add modifiers to a Map.",0,[],[],[],1,"Using a Remnant of Corruption in Area can only result in\nupgrading or transforming Essences","",""
1025,3625,20,3,"","Can be used in a personal Map Device to add modifiers to a Map.","","Imprisoned Monsters released in Areas grant a random Essence Modifier to another Imprisoned Monster in the Area\nImprisoned Monsters in Areas have increased Difficulty and Reward for\neach Essence Modifier",[],"","",[],[],5000,"Can be used in a personal Map Device to add modifiers to a Map.",0,[],[],[],1,"Imprisoned Monsters released in Areas grant a random Essence Modifier to another Imprisoned Monster in the Area\nImprisoned Monsters in Areas have increased Difficulty and Reward for\neach Essence Modifier","",""
1026,3627,20,3,"","Can be used in a personal Map Device to add modifiers to a Map.","","Area contains 2 additional Apparition Shrines",[],"","",[],[],5000,"Can be used in a personal Map Device to add modifiers to a Map.",0,[],[],[],1,"Area contains an additional Apparition Shrine","",""
1027,3628,20,3,"","Can be used in a personal Map Device to add modifiers to a Map.","","Area contains an additional Evolving Shrine",[],"","",[],[],5000,"Can be used in a personal Map Device to add modifiers to a Map.",0,[],[],[],1,"Area contains an additional Evolving Shrine","",""
1028,3626,20,3,"","Can be used in a personal Map Device to add modifiers to a Map.","","Area contains 2 additional Shrines",[],"","",[],[],5000,"Can be used in a personal Map Device to add modifiers to a Map.",0,[],[],[],1,"Area contains 2 additional Shrines","",""
1029,3629,20,3,"","Can be used in a personal Map Device to add modifiers to a Map.","","Shrines in Area are guarded by an Atlas Boss\nModifiers to the Final Map Boss also apply to these Atlas Bosses",[],"","",[],[],5000,"Can be used in a personal Map Device to add modifiers to a Map.",0,[],[],[],1,"Shrines in Area are guarded by an Atlas Boss\nModifiers to the Final Map Boss also apply to this Atlas Boss","",""
1030,3630,20,3,"","Can be used in a personal Map Device to add modifiers to a Map.","","Rerolling Favours at Ritual Altars in Area has no cost the first 2 times\nRitual Altars in Area allow rerolling Favours 1 additional time",[],"","",[],[],5000,"Can be used in a personal Map Device to add modifiers to a Map.",0,[],[],[],1,"Rerolling Favours at Ritual Altars in Area has no cost the first 2 times\nRitual Altars in Area allow rerolling Favours 1 additional time","",""
1031,3631,20,3,"","Can be used in a personal Map Device to add modifiers to a Map.","","Ritual Altars in Area spawn a Wildwood Wisp\nWildwood Wisps grant 70% increased Tribute Gained to nearby Players",[],"","",[],[],5000,"Can be used in a personal Map Device to add modifiers to a Map.",0,[],[],[],1,"Ritual Altars in Area spawn a Wildwood Wisp\nWildwood Wisps grant 50% increased Tribute Gained to nearby Players","",""
1032,3632,20,3,"","Can be used in a personal Map Device to add modifiers to a Map.","","Rituals in Area offer 100% increased Favours",[],"","",[],[],5000,"Can be used in a personal Map Device to add modifiers to a Map.",0,[],[],[],1,"Rituals in Area offer 100% increased Favours","",""
1033,3633,20,3,"","Can be used in a personal Map Device to add modifiers to a Map.","","Area contains the Sacred Grove",[],"","",[],[],5000,"Can be used in a personal Map Device to add modifiers to a Map.",0,[],[],[],1,"Area contains the Sacred Grove","",""
1034,3635,20,3,"","Can be used in a personal Map Device to add modifiers to a Map.","","If Area contains the Sacred Grove, it will contain up to 1 additional Tier 4 seed of each type, if possible",[],"","",[],[],5000,"Can be used in a personal Map Device to add modifiers to a Map.",0,[],[],[],1,"If Area contains the Sacred Grove, it will contain up to 1 additional Tier 4 seed of each type, if possible","",""
1035,3634,20,3,"","Can be used in a personal Map Device to add modifiers to a Map.","","Lifeforce dropped by Harvest Monsters in Area is duplicated\nHarvest Monsters in Area have 100% more Life",[],"","",[],[],5000,"Can be used in a personal Map Device to add modifiers to a Map.",0,[],[],[],1,"Lifeforce dropped by Harvest Monsters in Area is duplicated\nHarvest Monsters in Area have 100% more Life","",""
1036,3636,20,3,"","Can be used in a personal Map Device to add modifiers to a Map.","","Area contains Alva",[],"","",[],[],5000,"Can be used in a personal Map Device to add modifiers to a Map.",0,[],[],[],1,"Area contains Alva","",""
1037,3637,20,3,"","Can be used in a personal Map Device to add modifiers to a Map.","","Area contains 12 to 16 additional packs of Incursion Monsters",[],"","",[],[],5000,"Can be used in a personal Map Device to add modifiers to a Map.",0,[],[],[],1,"Area contains 3 to 5 additional packs of Incursion Monsters","",""
1038,3639,20,3,"","Can be used in a personal Map Device to add modifiers to a Map.","","Final Architect slain in Area will drop an Itemised Temple\n Itemised Temples dropped in Area are generated based on current Temple layout, but with randomised room tiers",[],"","",[],[],5000,"Can be used in a personal Map Device to add modifiers to a Map.",0,[],[],[],1,"Final Architect slain in Area will drop an Itemised Temple\n Itemised Temples dropped in Area are generated based on current Temple layout, but with randomised room tiers","",""
1039,3638,20,3,"","Can be used in a personal Map Device to add modifiers to a Map.","","Incursions in Area have a 35% chance for all Monsters to be at least Magic\nIncursions in Area have 15% increased Pack Size",[],"","",[],[],5000,"Can be used in a personal Map Device to add modifiers to a Map.",0,[],[],[],1,"Incursions in Area have a 35% chance for all Monsters to be at least Magic","",""
1040,3640,20,3,"","Can be used in a personal Map Device to add modifiers to a Map.","","Area contains Jun",[],"","",[],[],5000,"Can be used in a personal Map Device to add modifiers to a Map.",0,[],[],[],1,"Area contains Jun","",""
1041,3641,20,3,"","Can be used in a personal Map Device to add modifiers to a Map.","","150% Increased Intelligence gained from\nImmortal Syndicate targets encountered in Area",[],"","",[],[],5000,"Can be used in a personal Map Device to add modifiers to a Map.",0,[],[],[],1,"150% Increased Intelligence gained from\nImmortal Syndicate targets encountered in Area","",""
1042,3643,20,3,"","Can be used in a personal Map Device to add modifiers to a Map.","","Defeated Immortal Syndicate targets in Area have a 50% chance\nto drop an additional Scarab",[],"","",[],[],5000,"Can be used in a personal Map Device to add modifiers to a Map.",0,[],[],[],1,"DISABLED","",""
1043,3642,20,3,"","Can be used in a personal Map Device to add modifiers to a Map.","","Immortal Syndicate Members in Area have 50% increased chance to be accompanied by reinforcements",[],"","",[],[],5000,"Can be used in a personal Map Device to add modifiers to a Map.",0,[],[],[],1,"Immortal Syndicate Members in Area have 50% increased chance to be accompanied by reinforcements","",""
1044,3644,20,3,"","Can be used in a personal Map Device to add modifiers to a Map.","","Slaying enemies close together in Area can attract monsters from Beyond this realm",[],"","",[],[],5000,"Can be used in a personal Map Device to add modifiers to a Map.",0,[],[],[],1,"Slaying enemies close together in Area can attract monsters from Beyond this realm","",""
1045,3645,20,3,"","Can be used in a personal Map Device to add modifiers to a Map.","","Items dropped by Beyond Demons in Area are Corrupted",[],"","",[],[],5000,"Can be used in a personal Map Device to add modifiers to a Map.",0,[],[],[],1,"Items dropped by Beyond Demons in Area are Corrupted","",""
1046,3646,20,3,"","Can be used in a personal Map Device to add modifiers to a Map.","","Beyond Portals in Area have 30% increased Merging Radius",[],"","",[],[],5000,"Can be used in a personal Map Device to add modifiers to a Map.",0,[],[],[],1,"Beyond Portals in Area have 30% increased Merging Radius","",""
1047,3648,20,3,"","Can be used in a personal Map Device to add modifiers to a Map.","","Rare and Unique Monsters slain in Area create 8 to 12 additional Beyond Portals",[],"","",[],[],5000,"Can be used in a personal Map Device to add modifiers to a Map.",0,[],[],[],1,"Rare and Unique Monsters slain in Area create 8 to 12 additional Beyond Portals","",""
1048,3647,20,3,"","Can be used in a personal Map Device to add modifiers to a Map.","","Beyond Bosses in Area are enraged on low life\nBeyond Bosses in Area drop 100% increased Tainted Currency\nBeyond Portals in Area have 30% increased chance to spawn a Unique Boss",[],"","",[],[],5000,"Can be used in a personal Map Device to add modifiers to a Map.",0,[],[],[],1,"Beyond Bosses in Area area are enraged on low life\nBeyond Bosses in Area drop 100% increased Tainted Currency\nBeyond Portals in Area have 30% increased chance to spawn a Unique Boss","",""
1049,3649,20,3,"","Can be used in a personal Map Device to add modifiers to a Map.","","Area contains an Ultimatum Encounter",[],"","",[],[],5000,"Can be used in a personal Map Device to add modifiers to a Map.",0,[],[],[],1,"Area contains an Ultimatum Encounter","",""
1050,3650,20,3,"","Can be used in a personal Map Device to add modifiers to a Map.","","Ultimatum Monsters grant 150% increased Experience\nUltimatum Encounters grant rewards as though you completed 2 additional Rounds",[],"","",[],[],5000,"Can be used in a personal Map Device to add modifiers to a Map.",0,[],[],[],1,"Ultimatum Monsters grant 150% increased Experience\nUltimatum Encounters grant rewards as though you completed 2 additional Rounds","",""
1051,3651,20,3,"","Can be used in a personal Map Device to add modifiers to a Map.","","Ultimatum Encounters in Area will always lead to a Unique Boss if possible",[],"","",[],[],5000,"Can be used in a personal Map Device to add modifiers to a Map.",0,[],[],[],1,"Ultimatum Encounters in Area will always lead to a Unique Boss if possible","",""
1052,3652,20,3,"","Can be used in a personal Map Device to add modifiers to a Map.","","Ultimatum Encounters in Area will only offer Catalysts\nas Rewards to the Map Owner",[],"","",[],[],5000,"Can be used in a personal Map Device to add modifiers to a Map.",0,[],[],[],1,"Ultimatum Encounters in Area will only offer Catalysts\nas Rewards to the Map Owner","",""
1053,3653,20,3,"","Can be used in a personal Map Device to add modifiers to a Map.","","Ultimatum Encounter rewards in Area offering Catalysts\nwill offer Inscribed Ultimatums to the Map Owner instead",[],"","",[],[],5000,"Can be used in a personal Map Device to add modifiers to a Map.",0,[],[],[],1,"DISABLED","",""
1054,3654,20,3,"","Can be used in a personal Map Device to add modifiers to a Map.","","Area contains a Mirror of Delirium",[],"","",[],[],5000,"Can be used in a personal Map Device to add modifiers to a Map.",0,[],[],[],1,"Area contains a Mirror of Delirium","",""
1055,3655,20,3,"","Can be used in a personal Map Device to add modifiers to a Map.","","Delirium Reward Meters fill 100% faster in Area\nDelirium in Area increases 50% faster with distance from the mirror",[],"","",[],[],5000,"Can be used in a personal Map Device to add modifiers to a Map.",0,[],[],[],1,"Delirium Reward Meters fill 100% faster in Area\nDelirium in Area increases 50% faster with distance from the mirror","",""
1056,3656,20,3,"","Can be used in a personal Map Device to add modifiers to a Map.","","Delirium Encounters in Area generate 2 additional Reward types",[],"","",[],[],5000,"Can be used in a personal Map Device to add modifiers to a Map.",0,[],[],[],1,"DISABLED","",""
1057,3657,20,3,"","Can be used in a personal Map Device to add modifiers to a Map.","","Delirium Encounters in Area contain all Unique Delirium Bosses\nCan only be used with Tier 11+ Maps",[],"","",[],[],5000,"Can be used in a personal Map Device to add modifiers to a Map.",0,[],[],[],1,"Delirium Encounters in Area contain all Unique Delirium Bosses\nCan only be used with Tier 11+ Maps","",""
1058,3658,20,3,"","Can be used in a personal Map Device to add modifiers to a Map.","","Maps found in Area have layers of Delirium",[],"","",[],[],5000,"Can be used in a personal Map Device to add modifiers to a Map.",0,[],[],[],1,"DISABLED","",""
1059,3659,20,3,"","Can be used in a personal Map Device to add modifiers to a Map.","","Area contains a Blight Encounter",[],"","",[],[],5000,"Can be used in a personal Map Device to add modifiers to a Map.",0,[],[],[],1,"Area contains a Blight Encounter","",""
1060,3660,20,3,"","Can be used in a personal Map Device to add modifiers to a Map.","","Blight Chests in Area have a 20% chance to be openable again",[],"","",[],[],5000,"Can be used in a personal Map Device to add modifiers to a Map.",0,[],[],[],1,"Blight Chests in Area have a 20% chance to be openable again","",""
1061,3661,20,3,"","Can be used in a personal Map Device to add modifiers to a Map.","","Blight Encounters in Area have one Blighted Chest\nBlight Encounters in Area spawn many more waves of Enemies\nBlighted Chests in Area grow larger and more\nrewarding the more Blighted Enemies are slain",[],"","",[],[],5000,"Can be used in a personal Map Device to add modifiers to a Map.",0,[],[],[],1,"Blight Encounters in Area have one Blighted Chest\nBlight Encounters in Area spawn many more waves of Enemies\nBlighted Chests in Area grow larger and more\nrewarding the more Blighted Enemies are slain","",""
1062,3662,20,3,"","Can be used in a personal Map Device to add modifiers to a Map.","","Blight Encounters in Area have up to 3 additional Unique Bosses\nUnique enemies in Blight Encounters have 100% increased life\nTier 14+ Blighted Maps found in Area drop as Blight-Ravaged Maps instead",[],"","",[],[],5000,"Can be used in a personal Map Device to add modifiers to a Map.",0,[],[],[],1,"DISABLED","",""
1063,3663,20,3,"","Can be used in a personal Map Device to add modifiers to a Map.","","Each Empowering Tower in Areas grants Blighted Monsters in\nrange increased Difficulty and Reward",[],"","",[],[],5000,"Can be used in a personal Map Device to add modifiers to a Map.",0,[],[],[],1,"Each Empowering Tower in Areas grants Blighted Monsters in\nrange increased Difficulty and Reward","",""
1064,3664,20,3,"","Can be used in a personal Map Device to add modifiers to a Map.","","40% increased Magic Pack Size",[],"","",[],[],5000,"Can be used in a personal Map Device to add modifiers to a Map.",0,[],[],[],1,"25% increased Magic Pack Size","",""
1065,3665,20,3,"","Can be used in a personal Map Device to add modifiers to a Map.","","Area contains 4 additional Packs with Mirrored Rare Monsters",[],"","",[],[],5000,"Can be used in a personal Map Device to add modifiers to a Map.",0,[],[],[],1,"Area contains 2 additional Packs with Mirrored Rare Monsters","",""
1066,3666,20,3,"","Can be used in a personal Map Device to add modifiers to a Map.","","Up to 2 additional Rare Monsters in Area will be Pantheon-Touched\nApparitions spawned by Pantheon-Touched Monsters deal 100% increased damage",[],"","",[],[],5000,"Can be used in a personal Map Device to add modifiers to a Map.",0,[],[],[],1,"Up to 1 additional Rare Monster in Area will be Pantheon-Touched\nApparitions spawned by Pantheon-Touched Monsters deal 100% increased damage","",""
1067,3667,20,3,"","Can be used in a personal Map Device to add modifiers to a Map.","","Area contains Hunted Traitors",[],"","",[],[],5000,"Can be used in a personal Map Device to add modifiers to a Map.",0,[],[],[],1,"Area contains Hunted Traitors","",""
1068,3668,20,3,"","Can be used in a personal Map Device to add modifiers to a Map.","","Portals to Area have a 50% chance to not be consumed on use",[],"","",[],[],5000,"Can be used in a personal Map Device to add modifiers to a Map.",0,[],[],[],1,"Portals to Area have a 50% chance to not be consumed on use","",""
1069,3669,20,3,"","Can be used in a personal Map Device to add modifiers to a Map.","","Grants an additional Kirac Mission on Map Completion",[],"","",[],[],5000,"Can be used in a personal Map Device to add modifiers to a Map.",0,[],[],[],1,"Grants an additional Kirac Mission on Map Completion","",""
1070,3670,20,3,"","Can be used in a personal Map Device to add modifiers to a Map.","","10 Monster Packs in Area are upgraded to Magic",[],"","",[],[],5000,"Can be used in a personal Map Device to add modifiers to a Map.",0,[],[],[],1,"10 Monster Packs in Area are upgraded to Magic","",""
1071,3671,20,3,"","Can be used in a personal Map Device to add modifiers to a Map.","","Monsters in Area have a chance to be Empowered by 2000 Wildwood Wisps",[],"","",[],[],5000,"Can be used in a personal Map Device to add modifiers to a Map.",0,[],[],[],1,"Monsters in Area have a chance to be Empowered by 2000 Wildwood Wisps","",""
1072,3672,20,3,"","Can be used in a personal Map Device to add modifiers to a Map.","","You can select the Nullify Prefixes or Nullify Suffixes crafting options on the Map Device",[],"","",[],[],5000,"Can be used in a personal Map Device to add modifiers to a Map.",0,[],[],[],1,"DISABLED","",""
1073,3673,20,3,"","Can be used in a personal Map Device to add modifiers to a Map.","","All Magic Monsters in Area are in a Union of Souls\nMonsters in Area get 1% more Rarity of items dropped for\neach Empowered Soul, up to 500%",[],"","",[],[],5000,"Can be used in a personal Map Device to add modifiers to a Map.",0,[],[],[],1,"All Magic Monsters in Area are in a Union of Souls\nMonsters in Area get 1% more Rarity of items dropped for\neach Empowered Soul, up to 500%","",""
1074,3674,20,3,"","Can be used in a personal Map Device to add modifiers to a Map.","","Area contains a Resplendent Tempest",[],"","",[],[],5000,"Can be used in a personal Map Device to add modifiers to a Map.",0,[],[],[],1,"Area contains a Resplendent Tempest","",""
1075,3675,20,3,"","Can be used in a personal Map Device to add modifiers to a Map.","","Area has 150% increased Magic Monsters",[],"","",[],[],5000,"Can be used in a personal Map Device to add modifiers to a Map.",0,[],[],[],1,"Area has 150% increased Magic Monsters","",""
1076,3676,20,3,"","Can be used in a personal Map Device to add modifiers to a Map.","","Rare Monsters in Area have 2 additional Modifiers",[],"","",[],[],5000,"Can be used in a personal Map Device to add modifiers to a Map.",0,[],[],[],1,"Rare Monsters in Area have 2 additional Modifiers","",""
1077,3677,20,3,"","Can be used in a personal Map Device to add modifiers to a Map.","","Other Scarabs are not consumed on use",[],"","",[],[],5000,"Can be used in a personal Map Device to add modifiers to a Map.",0,[],[],[],1,"Other Scarabs are not consumed on use","",""
1078,3678,20,3,"","Can be used in a personal Map Device to add modifiers to a Map.","","You can select one Imbued crafting option on the Map Device",[],"","",[],[],5000,"Can be used in a personal Map Device to add modifiers to a Map.",0,[],[],[],1,"DISABLED","",""
1079,3679,20,3,"","Can be used in a personal Map Device to add modifiers to a Map.","","All Rare and Unique Monsters in Area have dropped items\ntransformed by a Reward Modifier",[],"","",[],[],5000,"Can be used in a personal Map Device to add modifiers to a Map.",0,[],[],[],1,"DISABLED","",""
1080,3680,20,3,"","Can be used in a personal Map Device to add modifiers to a Map.","","Players in Area gain increased Item Rarity and Item Quantity for each Monster slain recently, up to 200% and 100% respectively",[],"","",[],[],5000,"Can be used in a personal Map Device to add modifiers to a Map.",0,[],[],[],1,"Players in Area gain increased Item Rarity and Item Quantity for each Monster slain recently, up to 200% and 100% respectively","",""
1081,3681,20,3,"","Can be used in a personal Map Device to add modifiers to a Map.","","Monster packs in Area have a 15% chance to be replaced by a random Atlas Boss\nModifiers to the Final Map Boss also apply to these Atlas Bosses",[],"","",[],[],5000,"Can be used in a personal Map Device to add modifiers to a Map.",0,[],[],[],1,"Monster packs in Area have a 15% chance to be replaced by a random Atlas Boss\nModifiers to the Final Map Boss also apply to these Atlas Bosses","",""
1082,3682,10,3,"","Can be combined with other Oils at Cassia to enchant corrupted Rings, Amulets or Blighted Maps.","","",[],"","",[],[],5000,"",0,[],[],[],"","","",""
1083,3683,10,3,"","Can be combined with other Oils at Cassia to enchant mirrored Rings, Amulets or Blighted Maps.","","",[],"","",[],[],5000,"",0,[],[],[],"","","",""
1084,3684,10,3,"","Can be combined with other Oils at Cassia to enchant Amulets.","","",[],"","",[],[],5000,"",0,[],[],[],"","","",""
1085,3685,10,3,"","Can be combined with other Oils at Cassia to Enchant Rings or Amulets, or to modify Blighted Maps.","","",[],"","",[],[],5000,"",0,[],[],[],"","","",""
1086,3686,10,3,"","Can be combined with other Oils at Cassia to Enchant Rings or Amulets, or to modify Blighted Maps.","","",[],"","",[],[],5000,"",0,[],[],[],"","","",""
1087,3687,10,3,"","Can be combined with other Oils at Cassia to Enchant Rings or Amulets, or to modify Blighted Maps.","","",[],"","",[],[],5000,"",0,[],[],[],"","","",""
1088,3688,10,3,"","Can be combined with other Oils at Cassia to Enchant Rings or Amulets, or to modify Blighted Maps.","","",[],"","",[],[],5000,"",0,[],[],[],"","","",""
1089,3689,10,3,"","Can be combined with other Oils at Cassia to Enchant Rings or Amulets, or to modify Blighted Maps.","","",[],"","",[],[],5000,"",0,[],[],[],"","","",""
1090,3690,10,3,"","Can be combined with other Oils at Cassia to Enchant Rings or Amulets, or to modify Blighted Maps.","","",[],"","",[],[],5000,"",0,[],[],[],"","","",""
1091,3691,10,3,"","Can be combined with other Oils at Cassia to Enchant Rings or Amulets, or to modify Blighted Maps.","","",[],"","",[],[],5000,"",0,[],[],[],"","","",""
1092,3692,10,3,"","Can be combined with other Oils at Cassia to Enchant Rings or Amulets, or to modify Blighted Maps.","","",[],"","",[],[],5000,"",0,[],[],[],"","","",""
1093,3693,10,3,"","Can be combined with other Oils at Cassia to Enchant Rings or Amulets, or to modify Blighted Maps.","","",[],"","",[],[],5000,"",0,[],[],[],"","","",""
1094,3694,10,3,"","Can be combined with other Oils at Cassia to Enchant Rings or Amulets, or to modify Blighted Maps.","","",[],"","",[],[],5000,"",0,[],[],[],"","","",""
1095,3695,10,3,"","Can be combined with other Oils at Cassia to Enchant Rings or Amulets, or to modify Blighted Maps.","","",[],"","",[],[],5000,"",0,[],[],[],"","","",""
1096,3696,10,3,"","Can be combined with other Oils at Cassia to Enchant Rings or Amulets, or to modify Blighted Maps.","","",[],"","",[],[],5000,"",0,[],[],[],"","","",""
1097,3697,10,3,"","Can be combined with other Oils at Cassia to Enchant Rings or Amulets, or to modify Blighted Maps.","","",[],"","",[],[],5000,"",0,[],[],[],"","","",""
1098,291,10,2,"add_jewellery_quality","Right click this item then left click a ring, amulet or belt to apply it. Has greater effect on lower item level, non-unique jewellery. The maximum quality is 20%.","","Adds quality that enhances Elemental Damage modifiers on a ring, amulet or belt\r\nReplaces other quality types",[10003],"","",[],[],5000,"<<xbox_button_a>> to select, then <<xbox_button_a>> on a ring, amulet or belt to apply it. Has greater effect on lower item level, non-unique jewellery. The maximum quality is 20%.",0,[],[],[],"","","",1
1099,292,10,2,"add_jewellery_quality","Right click this item then left click a ring, amulet or belt to apply it. Has greater effect on lower item level, non-unique jewellery. The maximum quality is 20%.","","Adds quality that enhances Caster modifiers on a ring, amulet or belt\r\nReplaces other quality types",[10003],"","",[],[],5000,"<<xbox_button_a>> to select, then <<xbox_button_a>> on a ring, amulet or belt to apply it. Has greater effect on lower item level, non-unique jewellery. The maximum quality is 20%.",0,[],[],[],"","","",1
1100,293,10,2,"add_jewellery_quality","Right click this item then left click a ring, amulet or belt to apply it. Has greater effect on lower item level, non-unique jewellery. The maximum quality is 20%.","","Adds quality that enhances Attack modifiers on a ring, amulet or belt\r\nReplaces other quality types",[10003],"","",[],[],5000,"<<xbox_button_a>> to select, then <<xbox_button_a>> on a ring, amulet or belt to apply it. Has greater effect on lower item level, non-unique jewellery. The maximum quality is 20%.",0,[],[],[],"","","",1
1101,294,10,2,"add_jewellery_quality","Right click this item then left click a ring, amulet or belt to apply it. Has greater effect on lower item level, non-unique jewellery. The maximum quality is 20%.","","Adds quality that enhances Defence modifiers on a ring, amulet or belt\r\nReplaces other quality types",[10003],"","",[],[],5000,"<<xbox_button_a>> to select, then <<xbox_button_a>> on a ring, amulet or belt to apply it. Has greater effect on lower item level, non-unique jewellery. The maximum quality is 20%.",0,[],[],[],"","","",1
1102,295,10,2,"add_jewellery_quality","Right click this item then left click a ring, amulet or belt to apply it. Has greater effect on lower item level, non-unique jewellery. The maximum quality is 20%.","","Adds quality that enhances Life and Mana modifiers on a ring, amulet or belt\r\nReplaces other quality types",[10003],"","",[],[],5000,"<<xbox_button_a>> to select, then <<xbox_button_a>> on a ring, amulet or belt to apply it. Has greater effect on lower item level, non-unique jewellery. The maximum quality is 20%.",0,[],[],[],"","","",1
1103,296,10,2,"add_jewellery_quality","Right click this item then left click a ring, amulet or belt to apply it. Has greater effect on lower item level, non-unique jewellery. The maximum quality is 20%.","","Adds quality that enhances Resistance modifiers on a ring, amulet or belt\r\nReplaces other quality types",[10003],"","",[],[],5000,"<<xbox_button_a>> to select, then <<xbox_button_a>> on a ring, amulet or belt to apply it. Has greater effect on lower item level, non-unique jewellery. The maximum quality is 20%.",0,[],[],[],"","","",1
1104,297,10,2,"add_jewellery_quality","Right click this item then left click a ring, amulet or belt to apply it. Has greater effect on lower item level, non-unique jewellery. The maximum quality is 20%.","","Adds quality that enhances Attribute modifiers on a ring, amulet or belt\r\nReplaces other quality types",[10003],"","",[],[],5000,"<<xbox_button_a>> to select, then <<xbox_button_a>> on a ring, amulet or belt to apply it. Has greater effect on lower item level, non-unique jewellery. The maximum quality is 20%.",0,[],[],[],"","","",1
1105,298,10,2,"add_jewellery_quality","Right click this item then left click a ring, amulet or belt to apply it. Has greater effect on lower item level, non-unique jewellery. The maximum quality is 20%.","","Adds quality that enhances Physical and Chaos Damage modifiers on a ring, amulet or belt\r\nReplaces other quality types",[10003],"","",[],[],5000,"<<xbox_button_a>> to select, then <<xbox_button_a>> on a ring, amulet or belt to apply it. Has greater effect on lower item level, non-unique jewellery. The maximum quality is 20%.",0,[],[],[],"","","",1
1106,299,10,2,"add_jewellery_quality","Right click this item then left click a ring, amulet or belt to apply it. Has greater effect on lower item level, non-unique jewellery. The maximum quality is 20%.","","Adds quality that enhances Speed modifiers on a ring, amulet or belt\r\nReplaces other quality types",[10003],"","",[],[],5000,"<<xbox_button_a>> to select, then <<xbox_button_a>> on a ring, amulet or belt to apply it. Has greater effect on lower item level, non-unique jewellery. The maximum quality is 20%.",0,[],[],[],"","","",1
1107,300,10,2,"add_jewellery_quality","Right click this item then left click a ring, amulet or belt to apply it. Has greater effect on lower item level, non-unique jewellery. The maximum quality is 20%.","","Adds quality that enhances Critical modifiers on a ring, amulet or belt\r\nReplaces other quality types",[10003],"","",[],[],5000,"<<xbox_button_a>> to select, then <<xbox_button_a>> on a ring, amulet or belt to apply it. Has greater effect on lower item level, non-unique jewellery. The maximum quality is 20%.",0,[],[],[],"","","",1
1108,301,10,2,"add_random_jewellery_quality","Right click this item then left click a Corrupted ring, amulet or belt to apply it. The maximum quality is 20%.","","Applies a random quality type and amount of quality to a Corrupted ring, amulet or belt\r\nReplaces other quality types","[10003,9921]","","",[],[],5000,"<<xbox_button_a>> to select, then <<xbox_button_a>> on a Corrupted ring, amulet or belt to apply it. The maximum quality is 20%.",0,[],[],[],"","","",""
1109,302,10,2,"upgrade_unique","Right click this item then left click an applicable Harbinger unique item to upgrade it.","","Upgrades The Flow Untethered to a more powerful version",[7118],"","",[],[],5000,"<<xbox_button_a>> to select, then <<xbox_button_a>> on an applicable Harbinger unique item to upgrade it.",0,[],[],[],"","","",""
1110,303,10,2,"upgrade_unique","Right click this item then left click an applicable Harbinger unique item to upgrade it.","","Upgrades The Fracturing Spinner to a more powerful version",[7118],"","",[],[],5000,"<<xbox_button_a>> to select, then <<xbox_button_a>> on an applicable Harbinger unique item to upgrade it.",0,[],[],[],"","","",""
1111,304,10,2,"upgrade_unique","Right click this item then left click an applicable Harbinger unique item to upgrade it.","","Upgrades The Tempest's Binding to a more powerful version",[7118],"","",[],[],5000,"<<xbox_button_a>> to select, then <<xbox_button_a>> on an applicable Harbinger unique item to upgrade it.",0,[],[],[],"","","",""
1112,305,10,2,"upgrade_unique","Right click this item then left click an applicable Harbinger unique item to upgrade it.","","Upgrades The Rippling Thoughts to a more powerful version",[7118],"","",[],[],5000,"<<xbox_button_a>> to select, then <<xbox_button_a>> on an applicable Harbinger unique item to upgrade it.",0,[],[],[],"","","",""
1113,306,10,2,"upgrade_unique","Right click this item then left click an applicable Harbinger unique item to upgrade it.","","Upgrades The Enmity Divine to a more powerful version",[7118],"","",[],[],5000,"<<xbox_button_a>> to select, then <<xbox_button_a>> on an applicable Harbinger unique item to upgrade it.",0,[],[],[],"","","",""
1114,307,10,2,"upgrade_unique","Right click this item then left click an applicable Harbinger unique item to upgrade it.","","Upgrades The Unshattered Will to a more powerful version",[7118],"","",[],[],5000,"<<xbox_button_a>> to select, then <<xbox_button_a>> on an applicable Harbinger unique item to upgrade it.",0,[],[],[],"","","",""
1115,3740,20,2,"add_influence_mod_to_rare","Right click this item then left click a high-level rare item with no influence to apply it. Rare items can have up to six random modifiers.","","Adds Crusader influence and a new Crusader modifier to a rare item",[10498],"","",[],[],5000,"<<xbox_button_a>> to select, then <<xbox_button_a>> on a high-level rare item with no influence to apply it. Rare items can have up to six random modifiers.",0,[],[],[],"","","",""
1116,3741,20,2,"add_influence_mod_to_rare","Right click this item then left click a high-level rare item with no influence to apply it. Rare items can have up to six random modifiers.","","Adds Redeemer influence and a new Redeemer modifier to a rare item",[10498],"","",[],[],5000,"<<xbox_button_a>> to select, then <<xbox_button_a>> on a high-level rare item with no influence to apply it. Rare items can have up to six random modifiers.",0,[],[],[],"","","",""
1117,3742,20,2,"add_influence_mod_to_rare","Right click this item then left click a high-level rare item with no influence to apply it. Rare items can have up to six random modifiers.","","Adds Hunter influence and a new Hunter modifier to a rare item",[10498],"","",[],[],5000,"<<xbox_button_a>> to select, then <<xbox_button_a>> on a high-level rare item with no influence to apply it. Rare items can have up to six random modifiers.",0,[],[],[],"","","",""
1118,3743,20,2,"add_influence_mod_to_rare","Right click this item then left click a high-level rare item with no influence to apply it. Rare items can have up to six random modifiers.","","Adds Warlord influence and a new Warlord modifier to a rare item",[10498],"","",[],[],5000,"<<xbox_button_a>> to select, then <<xbox_button_a>> on a high-level rare item with no influence to apply it. Rare items can have up to six random modifiers.",0,[],[],[],"","","",""
1119,3744,10,4,"transfer_item_influence","Right click this item, then left click the item you wish to take the influence from, then left click an item of the same item class you wish to apply it to.","","Destroys an item, applying its influence to another of the same item class\r\nThe second item is reforged as a rare item with both influence types and new modifiers",[10500],"","",[],[],5000,"<<xbox_button_a>> to select, then <<xbox_button_a>> on the item you wish to take the influence from, then <<xbox_button_a>> on an item of the same item class you wish to apply it to.",0,[],[],[],"","","",""
1120,3746,50000,1,"heist_coin","Right click on this item while in a Town or Hideout to use it.","","Creates a portal to the Rogue Harbour from a Town or Hideout\nUsed as Currency for services in the Rogue Harbour",[],"","",[],[],0,"<<xbox_button_a>> to use.",0,[],[],[],"","","",""
1121,310,100,3,"","Combine 100 Splinters to create a Ritual Vessel.",311,"",[],"","",[],[],0,"Combine 100 Splinters to create a Ritual Vessel.",0,[],[],[7534],"","","",""
1122,311,10,2,"ritual_stone","Right-click this item then left-click a Ritual Altar to store the monsters from the completed Ritual in this item. Cannot be used on a Ritual in a map opened with a Blood-Filled Vessel.","","Stores the monsters slain for the first time from a completed Ritual Altar for future use",[],"","",[],[],5000,"Use this item on a Ritual Altar to store the monsters from the completed Ritual in the item. Cannot be used on a Ritual in a map opened with a Blood-Filled Vessel.",0,[],[],[],"","","",""
1123,3940,10,2,"upgrade_influence_mod","Right click this item then left click an item with at least two Influenced Modifiers to apply it.","","Removes one Influenced Modifier from an item with at least two Influenced\r\nModifiers and upgrades another Influenced Modifier\r\nUpgrading a modifier of the highest tier transforms the\r\nmodifier into an Elevated Modifier\r\nAttempting to upgrade an Elevated Modifier rerolls its values\r\nCan be used on Body Armours, Boots, Gloves and Helmets",[10504],"","",[],[],5000,"<<xbox_button_a>> to select, then <<xbox_button_a>> on an item with at least two Influenced Modifiers to apply it.",0,[],[],[],"","","",""
1124,2923,1,3,"","Can be used in a personal Map Device alongside a Map to add the monsters stored from a previous Ritual Altar to a Ritual Altar in that Map.","","",[],"","",[],[],0,"Can be used in a personal Map Device alongside a Map to add the monsters stored from a previous Ritual Altar to a Ritual Altar in that Map.",0,[],[],[],"","","",""
1125,4039,20,2,"add_flask_seal","Right click this item then left click a flask to apply it.","","Adds an enchantment to a utility flask that will improve it\r\nbut prevent it from gaining charges during its effect\r\nReplaces any existing enchantment",[7966],"","",[],[],5000,"<<xbox_button_a>> to select, then <<xbox_button_a>> on a flask to apply it.",100,[],[],[],"","","",""
1126,4040,20,2,"add_flask_injector","Right click this item then left click a flask to apply it.","","Adds an enchantment to a utility flask that will cause\r\nit to be used when certain conditions are met\r\nReplaces any existing enchantment",[7967],"","",[],[],5000,"<<xbox_button_a>> to select, then <<xbox_button_a>> on a flask to apply it.",100,[],[],[],"","","",""
1127,4041,1000,3,"","These can be brought to Tujen to refresh his vendor inventory.","","",[],"","",[],[],1000,"",0,[],[],[],"","","",""
1128,4042,1000,3,"","These can be brought to Rog to refresh his vendor inventory.","","",[],"","",[],[],1000,"",0,[],[],[],"","","",""
1129,4043,1000,3,"","These can be brought to Gwennen to refresh her vendor inventory.","","",[],"","",[],[],1000,"",0,[],[],[],"","","",""
1130,4044,1000,3,"","These can be brought to Dannig to refresh his vendor inventory.","","",[],"","",[],[],1000,"",0,[],[],[],"","","",""
1131,4045,50000,3,"","These can be used to trade with Gwennen.","","",[],"","",[],[],50000,"",0,[],[],[],"","","",""
1132,4046,50000,3,"","These can be used to trade with Gwennen.","","",[],"","",[],[],50000,"",0,[],[],[],"","","",""
1133,4047,25000,3,"","These can be used to trade with Gwennen.","","",[],"","",[],[],25000,"",0,[],[],[],"","","",""
1134,4048,5000,3,"","These can be used to trade with Gwennen.","","",[],"","",[],[],5000,"",0,[],[],[],"","","",""
1135,4049,50000,3,"","These can be used to trade with Tujen.","","",[],"","",[],[],50000,"",0,[],[],[],"","","",""
1136,4050,50000,3,"","These can be used to trade with Tujen.","","",[],"","",[],[],50000,"",0,[],[],[],"","","",""
1137,4051,25000,3,"","These can be used to trade with Tujen.","","",[],"","",[],[],25000,"",0,[],[],[],"","","",""
1138,4052,5000,3,"","These can be used to trade with Tujen.","","",[],"","",[],[],5000,"",0,[],[],[],"","","",""
1139,4053,50000,3,"","These can be used to trade with Rog.","","",[],"","",[],[],50000,"",0,[],[],[],"","","",""
1140,4054,50000,3,"","These can be used to trade with Rog.","","",[],"","",[],[],50000,"",0,[],[],[],"","","",""
1141,4055,25000,3,"","These can be used to trade with Rog.","","",[],"","",[],[],25000,"",0,[],[],[],"","","",""
1142,4056,5000,3,"","These can be used to trade with Rog.","","",[],"","",[],[],5000,"",0,[],[],[],"","","",""
1143,4057,50000,3,"","These can be used to trade with Dannig.","","",[],"","",[],[],50000,"",0,[],[],[],"","","",""
1144,4058,50000,3,"","These can be used to trade with Dannig.","","",[],"","",[],[],50000,"",0,[],[],[],"","","",""
1145,4059,25000,3,"","These can be used to trade with Dannig.","","",[],"","",[],[],25000,"",0,[],[],[],"","","",""
1146,4060,5000,3,"","These can be used to trade with Dannig.","","",[],"","",[],[],5000,"",0,[],[],[],"","","",""
1147,4061,20,2,"reroll_socket_colours_hellscape","Right click this item then left click a corrupted socketed item to apply it.","","Unpredictably reforges the colour of sockets on a corrupted item","[9154,9921]","","",[],[],5000,"<<xbox_button_a>> to select, then <<xbox_button_a>> on a corrupted socketed item to apply it.",100,[],[],[],"","","",""
1148,4062,20,2,"reroll_socket_links_hellscape","Right click this item then left click a corrupted socketed item to apply it.","","Unpredictably adds or removes a link to the largest group of linked sockets on a corrupted item","[9154,9921]","","",[],[],5000,"<<xbox_button_a>> to select, then <<xbox_button_a>> on a corrupted socketed item to apply it.",100,[],[],[],"","","",1
1149,4063,20,2,"reroll_socket_numbers_hellscape","Right click this item then left click a corrupted socketed item to apply it.","","Unpredictably adds or removes a socket on a corrupted item","[9154,9921]","","",[],[],5000,"<<xbox_button_a>> to select, then <<xbox_button_a>> on a corrupted socketed item to apply it.",100,[],[],[],"","","",1
1150,4064,20,2,"reroll_rare_hellscape","Right click this item then left click a corrupted rare item to apply it.","","Unpredictably either reforges a corrupted rare item with new random modifiers or removes all of its modifiers","[9154,10004,9921]","","",[],[],5000,"<<xbox_button_a>> to select, then <<xbox_button_a>> on a corrupted rare item to apply it.",100,[],[],[],"","","",""
1151,4065,20,2,"add_mod_to_rare_hellscape","Right click this item then left click a corrupted rare item to apply it. Rare items can have up to six random modifiers.","","Unpredictably adds or removes a modifier on a corrupted rare item","[9209,9154,10004,9921]","","",[],[],5000,"<<xbox_button_a>> to select, then <<xbox_button_a>> on a corrupted rare item to apply it. Rare items can have up to six random modifiers.",100,[],[],[],"","","",""
1152,4066,20,2,"upgrade_to_unique_hellscape","Right click this item then left click a corrupted item to apply it. Cannot apply to Maps.","","Unpredictably either upgrades a corrupted item to unique rarity or destroys it","[9154,9921]","","",[],[],5000,"<<xbox_button_a>> to select, then <<xbox_button_a>> on an corrupted item to apply it. Cannot apply to Maps.",100,[],[],[],"","","",""
1153,4067,40,2,"add_armour_quality_hellscape","Right click this item then left click a corrupted armour to apply it. The maximum random quality is 20%.","","Randomises the quality of a corrupted armour","[9154,9921]","","",[],[],5000,"<<xbox_button_a>> to select, then <<xbox_button_a>> on a corrupted armour to apply it. The maximum random quality is 20%.",100,[],[],[],"","","",""
1154,4068,20,2,"add_weapon_quality_hellscape","Right click this item then left click a corrupted weapon to apply it. The maximum random quality is 20%.","","Randomises the quality of a corrupted weapon","[9154,9921]","","",[],[],5000,"<<xbox_button_a>> to select, then <<xbox_button_a>> on a corrupted weapon to apply it. The maximum random quality is 20%.",100,[],[],[],"","","",""
1155,4069,10,2,"upgrade_mod_tier_hellscape","Right click this item then left click a corrupted rare item to apply it.","","Unpredictably raises or lowers the tier of each modifier on a corrupted rare item",[10505],"","",[],[],5000,"<<xbox_button_a>> to select, then <<xbox_button_a>> on a corrupted rare item to apply it.",100,[],[],[],"","","",""
1156,312,10,2,"add_cleansing_fire_implicit_1","Right click this item then left click a normal, magic or rare item to apply it. Cannot be used on Shaper, Elder or Elderslayer influenced items.","","Adds a Lesser Searing Exarch implicit modifier to\r\na Body Armour, Boots, Gloves or Helmet\r\nThis replaces any existing implicit modifiers other than Eater of Worlds implicit modifiers",[8537],"","",[],[],5000,"<<xbox_button_a>> to select, then <<xbox_button_a>> on a normal, magic or rare item to apply it. Cannot be used on Shaper, Elder or Elderslayer influenced items.",100,[],[],[],"","","",""
1157,313,10,2,"add_cleansing_fire_implicit_2","Right click this item then left click a normal, magic or rare item to apply it. Cannot be used on Shaper, Elder or Elderslayer influenced items.","","Adds a Greater Searing Exarch implicit modifier to\r\na Body Armour, Boots, Gloves or Helmet\r\nThis replaces any existing implicit modifiers other than Eater of Worlds implicit modifiers",[8538],"","",[],[],5000,"<<xbox_button_a>> to select, then <<xbox_button_a>> on a normal, magic or rare item to apply it. Cannot be used on Shaper, Elder or Elderslayer influenced items.",100,[],[],[],"","","",""
1158,314,10,2,"add_cleansing_fire_implicit_3","Right click this item then left click a normal, magic or rare item to apply it. Cannot be used on Shaper, Elder or Elderslayer influenced items.","","Adds a Grand Searing Exarch implicit modifier to\r\na Body Armour, Boots, Gloves or Helmet\r\nThis replaces any existing implicit modifiers other than Eater of Worlds implicit modifiers",[8539],"","",[],[],5000,"<<xbox_button_a>> to select, then <<xbox_button_a>> on a normal, magic or rare item to apply it. Cannot be used on Shaper, Elder or Elderslayer influenced items.",100,[],[],[],"","","",""
1159,315,10,2,"add_cleansing_fire_implicit_4","Right click this item then left click a normal, magic or rare item to apply it. Cannot be used on Shaper, Elder or Elderslayer influenced items.","","Adds an Exceptional Searing Exarch implicit modifier to\r\na Body Armour, Boots, Gloves or Helmet\r\nThis replaces any existing implicit modifiers other than Eater of Worlds implicit modifiers",[8586],"","",[],[],5000,"<<xbox_button_a>> to select, then <<xbox_button_a>> on a normal, magic or rare item to apply it. Cannot be used on Shaper, Elder or Elderslayer influenced items.",100,[],[],[],"","","",""
1160,316,10,2,"add_great_tangle_implicit_1","Right click this item then left click a normal, magic or rare item to apply it. Cannot be used on Shaper, Elder or Elderslayer influenced items.","","Adds a Lesser Eater of Worlds implicit modifier to\r\na Body Armour, Boots, Gloves or Helmet\r\nThis replaces any existing implicit modifiers other than Searing Exarch implicit modifiers",[8534],"","",[],[],5000,"<<xbox_button_a>> to select, then <<xbox_button_a>> on a normal, magic or rare item to apply it. Cannot be used on Shaper, Elder or Elderslayer influenced items.",100,[],[],[],"","","",""
1161,317,10,2,"add_great_tangle_implicit_2","Right click this item then left click a normal, magic or rare item to apply it. Cannot be used on Shaper, Elder or Elderslayer influenced items.","","Adds a Greater Eater of Worlds implicit modifier to\r\na Body Armour, Boots, Gloves or Helmet\r\nThis replaces any existing implicit modifiers other than Searing Exarch implicit modifiers",[8535],"","",[],[],5000,"<<xbox_button_a>> to select, then <<xbox_button_a>> on a normal, magic or rare item to apply it. Cannot be used on Shaper, Elder or Elderslayer influenced items.",100,[],[],[],"","","",""
1162,318,10,2,"add_great_tangle_implicit_3","Right click this item then left click a normal, magic or rare item to apply it. Cannot be used on Shaper, Elder or Elderslayer influenced items.","","Adds a Grand Eater of Worlds implicit modifier to\r\na Body Armour, Boots, Gloves or Helmet\r\nThis replaces any existing implicit modifiers other than Searing Exarch implicit modifiers",[8536],"","",[],[],5000,"<<xbox_button_a>> to select, then <<xbox_button_a>> on a normal, magic or rare item to apply it. Cannot be used on Shaper, Elder or Elderslayer influenced items.",100,[],[],[],"","","",""
1163,319,10,2,"add_great_tangle_implicit_4","Right click this item then left click a normal, magic or rare item to apply it. Cannot be used on Shaper, Elder or Elderslayer influenced items.","","Adds an Exceptional Eater of Worlds implicit modifier to\r\na Body Armour, Boots, Gloves or Helmet\r\nThis replaces any existing implicit modifiers other than Searing Exarch implicit modifiers",[8587],"","",[],[],5000,"<<xbox_button_a>> to select, then <<xbox_button_a>> on a normal, magic or rare item to apply it. Cannot be used on Shaper, Elder or Elderslayer influenced items.",100,[],[],[],"","","",""
1164,320,10,2,"conflict_orb","Right click this item then left click a non-unique item to apply it. Can only be used on items that have both a Searing Exarch and an Eater of Worlds implicit modifier. The chance of raising or lowering a modifier depends on its relative strength.","","Unpredictably raise the strength of one Searing Exarch or Eater of Worlds modifier on an item and lower the strength of another\r\nLesser modifiers that have their strength lowered will be removed",[10506],"","",[],[],5000,"<<xbox_button_a>> to select, then <<xbox_button_a>> on a non-unique item to apply it. Can only be used on items that have both a Searing Exarch and Eater of Worlds implicit modifier. The chance of raising or lowering a modifier depends on its relative strength.",100,[],[],[],"","","",""
1165,321,1,3,"","Trade this in to Siosa inside the Library for a Skill Gem","","",[],"","",[],[],0,"",0,[],[],[],"","","",""
1166,322,10,1,"create_random_reliquary_map","Right click to open.","","Contains a Mysterious Map with a Foil Unique Reward",[],"","",[],[],5000,"<<xbox_button_a>> to open.",0,[],[],[],"","","",""
1167,4072,1,3,"","","","",[],"","",[],[],0,"",0,[],[],[],"","","",""
1168,4073,1,3,"","","","",[],"","",[],[],0,"",0,[],[],[],"","","",""
1169,4074,1,3,"","","","",[],"","",[],[],0,"",0,[],[],[],"","","",""
1170,4075,1,3,"","","","",[],"","",[],[],0,"",0,[],[],[],"","","",""
1171,4076,1,3,"","","","",[],"","",[],[],0,"",0,[],[],[],"","","",""
1172,4077,1,3,"","","","",[],"","",[],[],0,"",0,[],[],[],"","","",""
1173,4078,1,3,"","","","",[],"","",[],[],0,"",0,[],[],[],"","","",""
1174,4079,1,3,"","","","",[],"","",[],[],0,"",0,[],[],[],"","","",""
1175,4080,1,3,"","","","",[],"","",[],[],0,"",0,[],[],[],"","","",""
1176,4081,1,3,"","","","",[],"","",[],[],0,"",0,[],[],[],"","","",""
1177,4082,1,3,"","","","",[],"","",[],[],0,"",0,[],[],[],"","","",""
1178,4083,1,3,"","","","",[],"","",[],[],0,"",0,[],[],[],"","","",""
1179,4084,1,3,"","","","",[],"","",[],[],0,"",0,[],[],[],"","","",""
1180,4085,1,3,"","","","",[],"","",[],[],0,"",0,[],[],[],"","","",""
1181,4086,1,3,"","","","",[],"","",[],[],0,"",0,[],[],[],"","","",""
1182,4087,1,3,"","","","",[],"","",[],[],0,"",0,[],[],[],"","","",""
1183,4088,1,3,"","","","",[],"","",[],[],0,"",0,[],[],[],"","","",""
1184,4089,1,3,"","","","",[],"","",[],[],0,"",0,[],[],[],"","","",""
1185,4090,1,3,"","","","",[],"","",[],[],0,"",0,[],[],[],"","","",""
1186,4091,1,3,"","","","",[],"","",[],[],0,"",0,[],[],[],"","","",""
1187,4092,1,3,"","","","",[],"","",[],[],0,"",0,[],[],[],"","","",""
1188,4093,1,3,"","","","",[],"","",[],[],0,"",0,[],[],[],"","","",""
1189,4094,1,3,"","","","",[],"","",[],[],0,"",0,[],[],[],"","","",""
1190,4095,1,3,"","","","",[],"","",[],[],0,"",0,[],[],[],"","","",""
1191,4096,1,3,"","","","",[],"","",[],[],0,"",0,[],[],[],"","","",""
1192,4097,1,3,"","","","",[],"","",[],[],0,"",0,[],[],[],"","","",""
1193,4098,1,3,"","","","",[],"","",[],[],0,"",0,[],[],[],"","","",""
1194,4099,1,3,"","","","",[],"","",[],[],0,"",0,[],[],[],"","","",""
1195,4100,1,3,"","","","",[],"","",[],[],0,"",0,[],[],[],"","","",""
1196,4101,1,3,"","","","",[],"","",[],[],0,"",0,[],[],[],"","","",""
1197,4102,1,3,"","","","",[],"","",[],[],0,"",0,[],[],[],"","","",""
1198,4103,1,3,"","","","",[],"","",[],[],0,"",0,[],[],[],"","","",""
1199,4104,1,3,"","","","",[],"","",[],[],0,"",0,[],[],[],"","","",""
1200,4105,1,3,"","","","",[],"","",[],[],0,"",0,[],[],[],"","","",""
1201,4106,1,3,"","","","",[],"","",[],[],0,"",0,[],[],[],"","","",""
1202,4107,1,3,"","","","",[],"","",[],[],0,"",0,[],[],[],"","","",""
1203,4108,1,3,"","","","",[],"","",[],[],0,"",0,[],[],[],"","","",""
1204,4109,1,3,"","","","",[],"","",[],[],0,"",0,[],[],[],"","","",""
1205,4110,1,3,"","","","",[],"","",[],[],0,"",0,[],[],[],"","","",""
1206,4111,1,3,"","","","",[],"","",[],[],0,"",0,[],[],[],"","","",""
1207,4112,1,3,"","","","",[],"","",[],[],0,"",0,[],[],[],"","","",""
1208,4113,1,3,"","","","",[],"","",[],[],0,"",0,[],[],[],"","","",""
1209,4114,1,3,"","","","",[],"","",[],[],0,"",0,[],[],[],"","","",""
1210,4115,1,3,"","","","",[],"","",[],[],0,"",0,[],[],[],"","","",""
1211,4116,1,3,"","","","",[],"","",[],[],0,"",0,[],[],[],"","","",""
1212,4117,1,3,"","","","",[],"","",[],[],0,"",0,[],[],[],"","","",""
1213,4118,1,3,"","","","",[],"","",[],[],0,"",0,[],[],[],"","","",""
1214,4119,1,3,"","","","",[],"","",[],[],0,"",0,[],[],[],"","","",""
1215,4120,1,3,"","","","",[],"","",[],[],0,"",0,[],[],[],"","","",""
1216,4121,1,3,"","","","",[],"","",[],[],0,"",0,[],[],[],"","","",""
1217,4122,1,3,"","","","",[],"","",[],[],0,"",0,[],[],[],"","","",""
1218,4123,1,3,"","","","",[],"","",[],[],0,"",0,[],[],[],"","","",""
1219,4124,1,3,"","","","",[],"","",[],[],0,"",0,[],[],[],"","","",""
1220,4125,1,3,"","","","",[],"","",[],[],0,"",0,[],[],[],"","","",""
1221,4126,1,3,"","","","",[],"","",[],[],0,"",0,[],[],[],"","","",""
1222,4127,1,3,"","","","",[],"","",[],[],0,"",0,[],[],[],"","","",""
1223,4128,1,3,"","","","",[],"","",[],[],0,"",0,[],[],[],"","","",""
1224,4129,1,3,"","","","",[],"","",[],[],0,"",0,[],[],[],"","","",""
1225,4130,1,3,"","","","",[],"","",[],[],0,"",0,[],[],[],"","","",""
1226,4131,1,3,"","","","",[],"","",[],[],0,"",0,[],[],[],"","","",""
1227,4132,1,3,"","","","",[],"","",[],[],0,"",0,[],[],[],"","","",""
1228,4133,1,3,"","","","",[],"","",[],[],0,"",0,[],[],[],"","","",""
1229,4134,1,3,"","","","",[],"","",[],[],0,"",0,[],[],[],"","","",""
1230,4135,1,3,"","","","",[],"","",[],[],0,"",0,[],[],[],"","","",""
1231,4136,1,3,"","","","",[],"","",[],[],0,"",0,[],[],[],"","","",""
1232,4137,1,3,"","","","",[],"","",[],[],0,"",0,[],[],[],"","","",""
1233,4138,1,3,"","","","",[],"","",[],[],0,"",0,[],[],[],"","","",""
1234,4139,1,3,"","","","",[],"","",[],[],0,"",0,[],[],[],"","","",""
1235,4140,1,3,"","","","",[],"","",[],[],0,"",0,[],[],[],"","","",""
1236,4141,1,3,"","","","",[],"","",[],[],0,"",0,[],[],[],"","","",""
1237,4142,1,3,"","","","",[],"","",[],[],0,"",0,[],[],[],"","","",""
1238,4143,1,3,"","","","",[],"","",[],[],0,"",0,[],[],[],"","","",""
1239,4144,1,3,"","","","",[],"","",[],[],0,"",0,[],[],[],"","","",""
1240,4145,1,3,"","","","",[],"","",[],[],0,"",0,[],[],[],"","","",""
1241,4146,1,3,"","","","",[],"","",[],[],0,"",0,[],[],[],"","","",""
1242,4147,1,3,"","","","",[],"","",[],[],0,"",0,[],[],[],"","","",""
1243,4148,1,3,"","","","",[],"","",[],[],0,"",0,[],[],[],"","","",""
1244,4149,1,3,"","","","",[],"","",[],[],0,"",0,[],[],[],"","","",""
1245,4150,1,3,"","","","",[],"","",[],[],0,"",0,[],[],[],"","","",""
1246,4151,1,3,"","","","",[],"","",[],[],0,"",0,[],[],[],"","","",""
1247,4152,1,3,"","","","",[],"","",[],[],0,"",0,[],[],[],"","","",""
1248,4153,1,3,"","","","",[],"","",[],[],0,"",0,[],[],[],"","","",""
1249,4154,1,3,"","","","",[],"","",[],[],0,"",0,[],[],[],"","","",""
1250,4155,1,3,"","","","",[],"","",[],[],0,"",0,[],[],[],"","","",""
1251,4156,1,3,"","","","",[],"","",[],[],0,"",0,[],[],[],"","","",""
1252,4157,1,3,"","","","",[],"","",[],[],0,"",0,[],[],[],"","","",""
1253,4158,1,3,"","","","",[],"","",[],[],0,"",0,[],[],[],"","","",""
1254,4159,1,3,"","","","",[],"","",[],[],0,"",0,[],[],[],"","","",""
1255,4160,1,3,"","","","",[],"","",[],[],0,"",0,[],[],[],"","","",""
1256,4161,1,3,"","","","",[],"","",[],[],0,"",0,[],[],[],"","","",""
1257,4162,1,3,"","","","",[],"","",[],[],0,"",0,[],[],[],"","","",""
1258,4163,1,3,"","","","",[],"","",[],[],0,"",0,[],[],[],"","","",""
1259,4164,1,3,"","","","",[],"","",[],[],0,"",0,[],[],[],"","","",""
1260,4165,1,3,"","","","",[],"","",[],[],0,"",0,[],[],[],"","","",""
1261,4166,1,3,"","","","",[],"","",[],[],0,"",0,[],[],[],"","","",""
1262,4167,1,3,"","","","",[],"","",[],[],0,"",0,[],[],[],"","","",""
1263,4168,1,3,"","","","",[],"","",[],[],0,"",0,[],[],[],"","","",""
1264,4169,1,3,"","","","",[],"","",[],[],0,"",0,[],[],[],"","","",""
1265,4170,1,3,"","","","",[],"","",[],[],0,"",0,[],[],[],"","","",""
1266,4171,1,3,"","","","",[],"","",[],[],0,"",0,[],[],[],"","","",""
1267,4172,1,3,"","","","",[],"","",[],[],0,"",0,[],[],[],"","","",""
1268,4173,1,3,"","","","",[],"","",[],[],0,"",0,[],[],[],"","","",""
1269,4174,1,3,"","","","",[],"","",[],[],0,"",0,[],[],[],"","","",""
1270,4175,1,3,"","","","",[],"","",[],[],0,"",0,[],[],[],"","","",""
1271,4176,1,3,"","","","",[],"","",[],[],0,"",0,[],[],[],"","","",""
1272,4177,1,3,"","","","",[],"","",[],[],0,"",0,[],[],[],"","","",""
1273,4178,1,3,"","","","",[],"","",[],[],0,"",0,[],[],[],"","","",""
1274,4179,1,3,"","","","",[],"","",[],[],0,"",0,[],[],[],"","","",""
1275,4180,1,3,"","","","",[],"","",[],[],0,"",0,[],[],[],"","","",""
1276,4181,1,3,"","","","",[],"","",[],[],0,"",0,[],[],[],"","","",""
1277,4182,1,3,"","","","",[],"","",[],[],0,"",0,[],[],[],"","","",""
1278,4183,1,3,"","","","",[],"","",[],[],0,"",0,[],[],[],"","","",""
1279,4184,1,3,"","","","",[],"","",[],[],0,"",0,[],[],[],"","","",""
1280,4185,1,3,"","","","",[],"","",[],[],0,"",0,[],[],[],"","","",""
1281,4186,1,3,"","","","",[],"","",[],[],0,"",0,[],[],[],"","","",""
1282,4187,1,3,"","","","",[],"","",[],[],0,"",0,[],[],[],"","","",""
1283,4188,1,3,"","","","",[],"","",[],[],0,"",0,[],[],[],"","","",""
1284,4189,1,3,"","","","",[],"","",[],[],0,"",0,[],[],[],"","","",""
1285,4190,1,3,"","","","",[],"","",[],[],0,"",0,[],[],[],"","","",""
1286,4191,1,3,"","","","",[],"","",[],[],0,"",0,[],[],[],"","","",""
1287,4192,1,3,"","","","",[],"","",[],[],0,"",0,[],[],[],"","","",""
1288,4193,1,3,"","","","",[],"","",[],[],0,"",0,[],[],[],"","","",""
1289,4194,1,3,"","","","",[],"","",[],[],0,"",0,[],[],[],"","","",""
1290,4195,1,3,"","","","",[],"","",[],[],0,"",0,[],[],[],"","","",""
1291,4196,1,3,"","","","",[],"","",[],[],0,"",0,[],[],[],"","","",""
1292,4197,1,3,"","","","",[],"","",[],[],0,"",0,[],[],[],"","","",""
1293,4198,1,3,"","","","",[],"","",[],[],0,"",0,[],[],[],"","","",""
1294,4199,1,3,"","","","",[],"","",[],[],0,"",0,[],[],[],"","","",""
1295,4200,1,3,"","","","",[],"","",[],[],0,"",0,[],[],[],"","","",""
1296,4201,1,3,"","","","",[],"","",[],[],0,"",0,[],[],[],"","","",""
1297,4202,1,3,"","","","",[],"","",[],[],0,"",0,[],[],[],"","","",""
1298,4203,1,3,"","","","",[],"","",[],[],0,"",0,[],[],[],"","","",""
1299,4204,1,3,"","","","",[],"","",[],[],0,"",0,[],[],[],"","","",""
1300,4205,1,3,"","","","",[],"","",[],[],0,"",0,[],[],[],"","","",""
1301,4206,1,3,"","","","",[],"","",[],[],0,"",0,[],[],[],"","","",""
1302,4207,1,3,"","","","",[],"","",[],[],0,"",0,[],[],[],"","","",""
1303,4208,1,3,"","","","",[],"","",[],[],0,"",0,[],[],[],"","","",""
1304,4209,1,3,"","","","",[],"","",[],[],0,"",0,[],[],[],"","","",""
1305,4210,1,3,"","","","",[],"","",[],[],0,"",0,[],[],[],"","","",""
1306,4211,1,3,"","","","",[],"","",[],[],0,"",0,[],[],[],"","","",""
1307,4212,1,3,"","","","",[],"","",[],[],0,"",0,[],[],[],"","","",""
1308,4213,1,3,"","","","",[],"","",[],[],0,"",0,[],[],[],"","","",""
1309,4214,1,3,"","","","",[],"","",[],[],0,"",0,[],[],[],"","","",""
1310,4215,1,3,"","","","",[],"","",[],[],0,"",0,[],[],[],"","","",""
1311,4216,1,3,"","","","",[],"","",[],[],0,"",0,[],[],[],"","","",""
1312,4217,1,3,"","","","",[],"","",[],[],0,"",0,[],[],[],"","","",""
1313,4218,1,3,"","","","",[],"","",[],[],0,"",0,[],[],[],"","","",""
1314,4219,1,3,"","","","",[],"","",[],[],0,"",0,[],[],[],"","","",""
1315,4220,1,3,"","","","",[],"","",[],[],0,"",0,[],[],[],"","","",""
1316,4221,1,3,"","","","",[],"","",[],[],0,"",0,[],[],[],"","","",""
1317,4222,1,3,"","","","",[],"","",[],[],0,"",0,[],[],[],"","","",""
1318,4223,1,3,"","","","",[],"","",[],[],0,"",0,[],[],[],"","","",""
1319,4224,1,3,"","","","",[],"","",[],[],0,"",0,[],[],[],"","","",""
1320,4225,1,3,"","","","",[],"","",[],[],0,"",0,[],[],[],"","","",""
1321,4226,1,3,"","","","",[],"","",[],[],0,"",0,[],[],[],"","","",""
1322,4227,1,3,"","","","",[],"","",[],[],0,"",0,[],[],[],"","","",""
1323,4228,1,3,"","","","",[],"","",[],[],0,"",0,[],[],[],"","","",""
1324,4229,1,3,"","","","",[],"","",[],[],0,"",0,[],[],[],"","","",""
1325,4230,1,3,"","","","",[],"","",[],[],0,"",0,[],[],[],"","","",""
1326,4231,1,3,"","","","",[],"","",[],[],0,"",0,[],[],[],"","","",""
1327,4232,1,3,"","","","",[],"","",[],[],0,"",0,[],[],[],"","","",""
1328,4233,1,3,"","","","",[],"","",[],[],0,"",0,[],[],[],"","","",""
1329,4234,1,3,"","","","",[],"","",[],[],0,"",0,[],[],[],"","","",""
1330,4235,1,3,"","","","",[],"","",[],[],0,"",0,[],[],[],"","","",""
1331,4236,1,3,"","","","",[],"","",[],[],0,"",0,[],[],[],"","","",""
1332,4237,1,3,"","","","",[],"","",[],[],0,"",0,[],[],[],"","","",""
1333,4238,1,3,"","","","",[],"","",[],[],0,"",0,[],[],[],"","","",""
1334,4239,1,3,"","","","",[],"","",[],[],0,"",0,[],[],[],"","","",""
1335,4240,1,3,"","","","",[],"","",[],[],0,"",0,[],[],[],"","","",""
1336,4241,1,3,"","","","",[],"","",[],[],0,"",0,[],[],[],"","","",""
1337,4242,1,3,"","","","",[],"","",[],[],0,"",0,[],[],[],"","","",""
1338,4243,1,3,"","","","",[],"","",[],[],0,"",0,[],[],[],"","","",""
1339,4244,1,3,"","","","",[],"","",[],[],0,"",0,[],[],[],"","","",""
1340,4245,1,3,"","","","",[],"","",[],[],0,"",0,[],[],[],"","","",""
1341,4246,1,3,"","","","",[],"","",[],[],0,"",0,[],[],[],"","","",""
1342,4247,1,3,"","","","",[],"","",[],[],0,"",0,[],[],[],"","","",""
1343,4248,1,3,"","","","",[],"","",[],[],0,"",0,[],[],[],"","","",""
1344,4249,1,3,"","","","",[],"","",[],[],0,"",0,[],[],[],"","","",""
1345,4250,1,3,"","","","",[],"","",[],[],0,"",0,[],[],[],"","","",""
1346,4251,1,3,"","","","",[],"","",[],[],0,"",0,[],[],[],"","","",""
1347,4252,1,3,"","","","",[],"","",[],[],0,"",0,[],[],[],"","","",""
1348,4253,1,3,"","","","",[],"","",[],[],0,"",0,[],[],[],"","","",""
1349,4254,1,3,"","","","",[],"","",[],[],0,"",0,[],[],[],"","","",""
1350,4255,1,3,"","","","",[],"","",[],[],0,"",0,[],[],[],"","","",""
1351,4256,1,3,"","","","",[],"","",[],[],0,"",0,[],[],[],"","","",""
1352,4257,1,3,"","","","",[],"","",[],[],0,"",0,[],[],[],"","","",""
1353,4258,1,3,"","","","",[],"","",[],[],0,"",0,[],[],[],"","","",""
1354,4259,1,3,"","","","",[],"","",[],[],0,"",0,[],[],[],"","","",""
1355,4260,1,3,"","","","",[],"","",[],[],0,"",0,[],[],[],"","","",""
1356,4261,1,3,"","","","",[],"","",[],[],0,"",0,[],[],[],"","","",""
1357,4262,1,3,"","","","",[],"","",[],[],0,"",0,[],[],[],"","","",""
1358,4263,1,3,"","","","",[],"","",[],[],0,"",0,[],[],[],"","","",""
1359,4264,1,3,"","","","",[],"","",[],[],0,"",0,[],[],[],"","","",""
1360,4265,1,3,"","","","",[],"","",[],[],0,"",0,[],[],[],"","","",""
1361,4266,1,3,"","","","",[],"","",[],[],0,"",0,[],[],[],"","","",""
1362,4267,1,3,"","","","",[],"","",[],[],0,"",0,[],[],[],"","","",""
1363,4268,1,3,"","","","",[],"","",[],[],0,"",0,[],[],[],"","","",""
1364,4269,1,3,"","","","",[],"","",[],[],0,"",0,[],[],[],"","","",""
1365,4270,1,3,"","","","",[],"","",[],[],0,"",0,[],[],[],"","","",""
1366,4271,1,3,"","","","",[],"","",[],[],0,"",0,[],[],[],"","","",""
1367,4272,1,3,"","","","",[],"","",[],[],0,"",0,[],[],[],"","","",""
1368,4273,1,3,"","","","",[],"","",[],[],0,"",0,[],[],[],"","","",""
1369,4274,1,3,"","","","",[],"","",[],[],0,"",0,[],[],[],"","","",""
1370,4275,1,3,"","","","",[],"","",[],[],0,"",0,[],[],[],"","","",""
1371,4276,1,3,"","","","",[],"","",[],[],0,"",0,[],[],[],"","","",""
1372,4277,1,3,"","","","",[],"","",[],[],0,"",0,[],[],[],"","","",""
1373,4278,1,3,"","","","",[],"","",[],[],0,"",0,[],[],[],"","","",""
1374,4279,1,3,"","","","",[],"","",[],[],0,"",0,[],[],[],"","","",""
1375,4280,1,3,"","","","",[],"","",[],[],0,"",0,[],[],[],"","","",""
1376,4281,1,3,"","","","",[],"","",[],[],0,"",0,[],[],[],"","","",""
1377,4282,1,3,"","","","",[],"","",[],[],0,"",0,[],[],[],"","","",""
1378,4283,1,3,"","","","",[],"","",[],[],0,"",0,[],[],[],"","","",""
1379,4284,1,3,"","","","",[],"","",[],[],0,"",0,[],[],[],"","","",""
1380,4285,1,3,"","","","",[],"","",[],[],0,"",0,[],[],[],"","","",""
1381,4286,1,3,"","","","",[],"","",[],[],0,"",0,[],[],[],"","","",""
1382,4287,1,3,"","","","",[],"","",[],[],0,"",0,[],[],[],"","","",""
1383,4288,1,3,"","","","",[],"","",[],[],0,"",0,[],[],[],"","","",""
1384,4289,1,3,"","","","",[],"","",[],[],0,"",0,[],[],[],"","","",""
1385,4290,1,3,"","","","",[],"","",[],[],0,"",0,[],[],[],"","","",""
1386,4291,1,3,"","","","",[],"","",[],[],0,"",0,[],[],[],"","","",""
1387,4292,1,3,"","","","",[],"","",[],[],0,"",0,[],[],[],"","","",""
1388,4293,1,3,"","","","",[],"","",[],[],0,"",0,[],[],[],"","","",""
1389,4294,1,3,"","","","",[],"","",[],[],0,"",0,[],[],[],"","","",""
1390,4295,1,3,"","","","",[],"","",[],[],0,"",0,[],[],[],"","","",""
1391,4296,1,3,"","","","",[],"","",[],[],0,"",0,[],[],[],"","","",""
1392,4297,1,3,"","","","",[],"","",[],[],0,"",0,[],[],[],"","","",""
1393,4298,1,3,"","","","",[],"","",[],[],0,"",0,[],[],[],"","","",""
1394,4299,1,3,"","","","",[],"","",[],[],0,"",0,[],[],[],"","","",""
1395,4300,1,3,"","","","",[],"","",[],[],0,"",0,[],[],[],"","","",""
1396,4301,1,3,"","","","",[],"","",[],[],0,"",0,[],[],[],"","","",""
1397,4302,1,3,"","","","",[],"","",[],[],0,"",0,[],[],[],"","","",""
1398,4303,1,3,"","","","",[],"","",[],[],0,"",0,[],[],[],"","","",""
1399,4304,1,3,"","","","",[],"","",[],[],0,"",0,[],[],[],"","","",""
1400,4305,1,3,"","","","",[],"","",[],[],0,"",0,[],[],[],"","","",""
1401,4306,1,3,"","","","",[],"","",[],[],0,"",0,[],[],[],"","","",""
1402,4307,1,3,"","","","",[],"","",[],[],0,"",0,[],[],[],"","","",""
1403,4308,1,3,"","","","",[],"","",[],[],0,"",0,[],[],[],"","","",""
1404,4309,1,3,"","","","",[],"","",[],[],0,"",0,[],[],[],"","","",""
1405,4310,1,3,"","","","",[],"","",[],[],0,"",0,[],[],[],"","","",""
1406,4311,1,3,"","","","",[],"","",[],[],0,"",0,[],[],[],"","","",""
1407,4312,1,3,"","","","",[],"","",[],[],0,"",0,[],[],[],"","","",""
1408,4313,1,3,"","","","",[],"","",[],[],0,"",0,[],[],[],"","","",""
1409,4314,1,3,"","","","",[],"","",[],[],0,"",0,[],[],[],"","","",""
1410,4315,1,3,"","","","",[],"","",[],[],0,"",0,[],[],[],"","","",""
1411,4316,1,3,"","","","",[],"","",[],[],0,"",0,[],[],[],"","","",""
1412,4317,1,3,"","","","",[],"","",[],[],0,"",0,[],[],[],"","","",""
1413,4318,1,3,"","","","",[],"","",[],[],0,"",0,[],[],[],"","","",""
1414,4319,1,3,"","","","",[],"","",[],[],0,"",0,[],[],[],"","","",""
1415,4320,1,3,"","","","",[],"","",[],[],0,"",0,[],[],[],"","","",""
1416,4321,1,3,"","","","",[],"","",[],[],0,"",0,[],[],[],"","","",""
1417,4322,1,3,"","","","",[],"","",[],[],0,"",0,[],[],[],"","","",""
1418,4323,1,3,"","","","",[],"","",[],[],0,"",0,[],[],[],"","","",""
1419,4324,1,3,"","","","",[],"","",[],[],0,"",0,[],[],[],"","","",""
1420,4325,1,3,"","","","",[],"","",[],[],0,"",0,[],[],[],"","","",""
1421,4326,1,3,"","","","",[],"","",[],[],0,"",0,[],[],[],"","","",""
1422,4327,1,3,"","","","",[],"","",[],[],0,"",0,[],[],[],"","","",""
1423,4328,1,3,"","","","",[],"","",[],[],0,"",0,[],[],[],"","","",""
1424,4329,1,3,"","","","",[],"","",[],[],0,"",0,[],[],[],"","","",""
1425,4330,1,3,"","","","",[],"","",[],[],0,"",0,[],[],[],"","","",""
1426,4331,1,3,"","","","",[],"","",[],[],0,"",0,[],[],[],"","","",""
1427,4332,1,3,"","","","",[],"","",[],[],0,"",0,[],[],[],"","","",""
1428,4333,1,3,"","","","",[],"","",[],[],0,"",0,[],[],[],"","","",""
1429,4334,1,3,"","","","",[],"","",[],[],0,"",0,[],[],[],"","","",""
1430,4335,1,3,"","","","",[],"","",[],[],0,"",0,[],[],[],"","","",""
1431,4336,1,3,"","","","",[],"","",[],[],0,"",0,[],[],[],"","","",""
1432,4337,1,3,"","","","",[],"","",[],[],0,"",0,[],[],[],"","","",""
1433,4338,1,3,"","","","",[],"","",[],[],0,"",0,[],[],[],"","","",""
1434,4339,1,3,"","","","",[],"","",[],[],0,"",0,[],[],[],"","","",""
1435,4340,1,3,"","","","",[],"","",[],[],0,"",0,[],[],[],"","","",""
1436,4341,1,3,"","","","",[],"","",[],[],0,"",0,[],[],[],"","","",""
1437,4342,1,3,"","","","",[],"","",[],[],0,"",0,[],[],[],"","","",""
1438,4343,1,3,"","","","",[],"","",[],[],0,"",0,[],[],[],"","","",""
1439,4344,1,3,"","","","",[],"","",[],[],0,"",0,[],[],[],"","","",""
1440,4345,1,3,"","","","",[],"","",[],[],0,"",0,[],[],[],"","","",""
1441,4346,1,3,"","","","",[],"","",[],[],0,"",0,[],[],[],"","","",""
1442,4347,1,3,"","","","",[],"","",[],[],0,"",0,[],[],[],"","","",""
1443,4348,1,3,"","","","",[],"","",[],[],0,"",0,[],[],[],"","","",""
1444,4349,1,3,"","","","",[],"","",[],[],0,"",0,[],[],[],"","","",""
1445,4350,1,3,"","","","",[],"","",[],[],0,"",0,[],[],[],"","","",""
1446,4351,1,3,"","","","",[],"","",[],[],0,"",0,[],[],[],"","","",""
1447,4352,1,3,"","","","",[],"","",[],[],0,"",0,[],[],[],"","","",""
1448,4353,1,3,"","","","",[],"","",[],[],0,"",0,[],[],[],"","","",""
1449,4354,1,3,"","","","",[],"","",[],[],0,"",0,[],[],[],"","","",""
1450,4355,1,3,"","","","",[],"","",[],[],0,"",0,[],[],[],"","","",""
1451,4356,1,3,"","","","",[],"","",[],[],0,"",0,[],[],[],"","","",""
1452,4357,1,3,"","","","",[],"","",[],[],0,"",0,[],[],[],"","","",""
1453,4358,1,3,"","","","",[],"","",[],[],0,"",0,[],[],[],"","","",""
1454,4359,1,3,"","","","",[],"","",[],[],0,"",0,[],[],[],"","","",""
1455,4360,1,3,"","","","",[],"","",[],[],0,"",0,[],[],[],"","","",""
1456,4361,1,3,"","","","",[],"","",[],[],0,"",0,[],[],[],"","","",""
1457,4362,1,3,"","","","",[],"","",[],[],0,"",0,[],[],[],"","","",""
1458,4363,1,3,"","","","",[],"","",[],[],0,"",0,[],[],[],"","","",""
1459,4364,1,3,"","","","",[],"","",[],[],0,"",0,[],[],[],"","","",""
1460,4365,1,3,"","","","",[],"","",[],[],0,"",0,[],[],[],"","","",""
1461,4366,1,3,"","","","",[],"","",[],[],0,"",0,[],[],[],"","","",""
1462,4367,1,3,"","","","",[],"","",[],[],0,"",0,[],[],[],"","","",""
1463,4368,1,3,"","","","",[],"","",[],[],0,"",0,[],[],[],"","","",""
1464,4369,1,3,"","","","",[],"","",[],[],0,"",0,[],[],[],"","","",""
1465,4370,1,3,"","","","",[],"","",[],[],0,"",0,[],[],[],"","","",""
1466,4371,1,3,"","","","",[],"","",[],[],0,"",0,[],[],[],"","","",""
1467,4372,1,3,"","","","",[],"","",[],[],0,"",0,[],[],[],"","","",""
1468,4373,1,3,"","","","",[],"","",[],[],0,"",0,[],[],[],"","","",""
1469,4374,1,3,"","","","",[],"","",[],[],0,"",0,[],[],[],"","","",""
1470,4375,1,3,"","","","",[],"","",[],[],0,"",0,[],[],[],"","","",""
1471,4376,1,3,"","","","",[],"","",[],[],0,"",0,[],[],[],"","","",""
1472,4377,1,3,"","","","",[],"","",[],[],0,"",0,[],[],[],"","","",""
1473,4378,1,3,"","","","",[],"","",[],[],0,"",0,[],[],[],"","","",""
1474,4379,1,3,"","","","",[],"","",[],[],0,"",0,[],[],[],"","","",""
1475,4380,1,3,"","","","",[],"","",[],[],0,"",0,[],[],[],"","","",""
1476,4381,1,3,"","","","",[],"","",[],[],0,"",0,[],[],[],"","","",""
1477,4382,1,3,"","","","",[],"","",[],[],0,"",0,[],[],[],"","","",""
1478,4383,1,3,"","","","",[],"","",[],[],0,"",0,[],[],[],"","","",""
1479,4384,1,3,"","","","",[],"","",[],[],0,"",0,[],[],[],"","","",""
1480,4385,1,3,"","","","",[],"","",[],[],0,"",0,[],[],[],"","","",""
1481,4386,1,3,"","","","",[],"","",[],[],0,"",0,[],[],[],"","","",""
1482,4387,1,3,"","","","",[],"","",[],[],0,"",0,[],[],[],"","","",""
1483,4388,1,3,"","","","",[],"","",[],[],0,"",0,[],[],[],"","","",""
1484,4389,1,3,"","","","",[],"","",[],[],0,"",0,[],[],[],"","","",""
1485,4390,1,3,"","","","",[],"","",[],[],0,"",0,[],[],[],"","","",""
1486,4391,1,3,"","","","",[],"","",[],[],0,"",0,[],[],[],"","","",""
1487,4392,1,3,"","","","",[],"","",[],[],0,"",0,[],[],[],"","","",""
1488,4393,1,3,"","","","",[],"","",[],[],0,"",0,[],[],[],"","","",""
1489,4394,1,3,"","","","",[],"","",[],[],0,"",0,[],[],[],"","","",""
1490,4395,1,3,"","","","",[],"","",[],[],0,"",0,[],[],[],"","","",""
1491,4396,1,3,"","","","",[],"","",[],[],0,"",0,[],[],[],"","","",""
1492,4397,1,3,"","","","",[],"","",[],[],0,"",0,[],[],[],"","","",""
1493,4398,1,3,"","","","",[],"","",[],[],0,"",0,[],[],[],"","","",""
1494,4399,1,3,"","","","",[],"","",[],[],0,"",0,[],[],[],"","","",""
1495,4400,1,3,"","","","",[],"","",[],[],0,"",0,[],[],[],"","","",""
1496,4401,1,3,"","","","",[],"","",[],[],0,"",0,[],[],[],"","","",""
1497,4402,1,3,"","","","",[],"","",[],[],0,"",0,[],[],[],"","","",""
1498,4403,1,3,"","","","",[],"","",[],[],0,"",0,[],[],[],"","","",""
1499,4404,1,3,"","","","",[],"","",[],[],0,"",0,[],[],[],"","","",""
1500,4405,1,3,"","","","",[],"","",[],[],0,"",0,[],[],[],"","","",""
1501,4406,1,3,"","","","",[],"","",[],[],0,"",0,[],[],[],"","","",""
1502,4407,1,3,"","","","",[],"","",[],[],0,"",0,[],[],[],"","","",""
1503,4408,1,3,"","","","",[],"","",[],[],0,"",0,[],[],[],"","","",""
1504,4409,1,3,"","","","",[],"","",[],[],0,"",0,[],[],[],"","","",""
1505,4410,1,3,"","","","",[],"","",[],[],0,"",0,[],[],[],"","","",""
1506,4411,1,3,"","","","",[],"","",[],[],0,"",0,[],[],[],"","","",""
1507,4412,1,3,"","","","",[],"","",[],[],0,"",0,[],[],[],"","","",""
1508,4413,1,3,"","","","",[],"","",[],[],0,"",0,[],[],[],"","","",""
1509,4414,1,3,"","","","",[],"","",[],[],0,"",0,[],[],[],"","","",""
1510,4415,1,3,"","","","",[],"","",[],[],0,"",0,[],[],[],"","","",""
1511,4416,1,3,"","","","",[],"","",[],[],0,"",0,[],[],[],"","","",""
1512,4417,1,3,"","","","",[],"","",[],[],0,"",0,[],[],[],"","","",""
1513,4418,1,3,"","","","",[],"","",[],[],0,"",0,[],[],[],"","","",""
1514,4419,1,3,"","","","",[],"","",[],[],0,"",0,[],[],[],"","","",""
1515,4420,1,3,"","","","",[],"","",[],[],0,"",0,[],[],[],"","","",""
1516,4421,1,3,"","","","",[],"","",[],[],0,"",0,[],[],[],"","","",""
1517,4422,1,3,"","","","",[],"","",[],[],0,"",0,[],[],[],"","","",""
1518,4423,1,3,"","","","",[],"","",[],[],0,"",0,[],[],[],"","","",""
1519,4424,1,3,"","","","",[],"","",[],[],0,"",0,[],[],[],"","","",""
1520,4425,1,3,"","","","",[],"","",[],[],0,"",0,[],[],[],"","","",""
1521,4426,1,3,"","","","",[],"","",[],[],0,"",0,[],[],[],"","","",""
1522,4427,1,3,"","","","",[],"","",[],[],0,"",0,[],[],[],"","","",""
1523,4428,1,3,"","","","",[],"","",[],[],0,"",0,[],[],[],"","","",""
1524,4429,1,3,"","","","",[],"","",[],[],0,"",0,[],[],[],"","","",""
1525,4430,1,3,"","","","",[],"","",[],[],0,"",0,[],[],[],"","","",""
1526,4431,1,3,"","","","",[],"","",[],[],0,"",0,[],[],[],"","","",""
1527,4432,1,3,"","","","",[],"","",[],[],0,"",0,[],[],[],"","","",""
1528,4433,1,3,"","","","",[],"","",[],[],0,"",0,[],[],[],"","","",""
1529,4434,1,3,"","","","",[],"","",[],[],0,"",0,[],[],[],"","","",""
1530,4435,1,3,"","","","",[],"","",[],[],0,"",0,[],[],[],"","","",""
1531,4436,1,3,"","","","",[],"","",[],[],0,"",0,[],[],[],"","","",""
1532,4437,1,3,"","","","",[],"","",[],[],0,"",0,[],[],[],"","","",""
1533,4438,1,3,"","","","",[],"","",[],[],0,"",0,[],[],[],"","","",""
1534,4439,1,3,"","","","",[],"","",[],[],0,"",0,[],[],[],"","","",""
1535,4440,1,3,"","","","",[],"","",[],[],0,"",0,[],[],[],"","","",""
1536,4441,1,3,"","","","",[],"","",[],[],0,"",0,[],[],[],"","","",""
1537,4442,1,3,"","","","",[],"","",[],[],0,"",0,[],[],[],"","","",""
1538,4443,1,3,"","","","",[],"","",[],[],0,"",0,[],[],[],"","","",""
1539,4444,1,3,"","","","",[],"","",[],[],0,"",0,[],[],[],"","","",""
1540,4445,1,3,"","","","",[],"","",[],[],0,"",0,[],[],[],"","","",""
1541,4446,1,3,"","","","",[],"","",[],[],0,"",0,[],[],[],"","","",""
1542,4447,1,3,"","","","",[],"","",[],[],0,"",0,[],[],[],"","","",""
1543,4448,1,3,"","","","",[],"","",[],[],0,"",0,[],[],[],"","","",""
1544,4449,1,3,"","","","",[],"","",[],[],0,"",0,[],[],[],"","","",""
1545,4450,1,3,"","","","",[],"","",[],[],0,"",0,[],[],[],"","","",""
1546,4451,1,3,"","","","",[],"","",[],[],0,"",0,[],[],[],"","","",""
1547,4452,1,3,"","","","",[],"","",[],[],0,"",0,[],[],[],"","","",""
1548,4453,1,3,"","","","",[],"","",[],[],0,"",0,[],[],[],"","","",""
1549,4454,1,3,"","","","",[],"","",[],[],0,"",0,[],[],[],"","","",""
1550,4455,1,3,"","","","",[],"","",[],[],0,"",0,[],[],[],"","","",""
1551,4456,1,3,"","","","",[],"","",[],[],0,"",0,[],[],[],"","","",""
1552,4457,1,3,"","","","",[],"","",[],[],0,"",0,[],[],[],"","","",""
1553,4458,1,3,"","","","",[],"","",[],[],0,"",0,[],[],[],"","","",""
1554,4459,1,3,"","","","",[],"","",[],[],0,"",0,[],[],[],"","","",""
1555,4460,1,3,"","","","",[],"","",[],[],0,"",0,[],[],[],"","","",""
1556,4461,1,3,"","","","",[],"","",[],[],0,"",0,[],[],[],"","","",""
1557,4462,1,3,"","","","",[],"","",[],[],0,"",0,[],[],[],"","","",""
1558,4463,1,3,"","","","",[],"","",[],[],0,"",0,[],[],[],"","","",""
1559,4464,1,3,"","","","",[],"","",[],[],0,"",0,[],[],[],"","","",""
1560,4465,1,3,"","","","",[],"","",[],[],0,"",0,[],[],[],"","","",""
1561,4466,1,3,"","","","",[],"","",[],[],0,"",0,[],[],[],"","","",""
1562,4467,1,3,"","","","",[],"","",[],[],0,"",0,[],[],[],"","","",""
1563,4468,1,3,"","","","",[],"","",[],[],0,"",0,[],[],[],"","","",""
1564,4469,1,3,"","","","",[],"","",[],[],0,"",0,[],[],[],"","","",""
1565,4470,1,3,"","","","",[],"","",[],[],0,"",0,[],[],[],"","","",""
1566,4471,1,3,"","","","",[],"","",[],[],0,"",0,[],[],[],"","","",""
1567,4472,1,3,"","","","",[],"","",[],[],0,"",0,[],[],[],"","","",""
1568,4473,1,3,"","","","",[],"","",[],[],0,"",0,[],[],[],"","","",""
1569,4474,1,3,"","","","",[],"","",[],[],0,"",0,[],[],[],"","","",""
1570,4475,1,3,"","","","",[],"","",[],[],0,"",0,[],[],[],"","","",""
1571,4476,1,3,"","","","",[],"","",[],[],0,"",0,[],[],[],"","","",""
1572,4477,1,3,"","","","",[],"","",[],[],0,"",0,[],[],[],"","","",""
1573,4478,1,3,"","","","",[],"","",[],[],0,"",0,[],[],[],"","","",""
1574,4479,1,3,"","","","",[],"","",[],[],0,"",0,[],[],[],"","","",""
1575,4480,1,3,"","","","",[],"","",[],[],0,"",0,[],[],[],"","","",""
1576,4481,1,3,"","","","",[],"","",[],[],0,"",0,[],[],[],"","","",""
1577,4482,1,3,"","","","",[],"","",[],[],0,"",0,[],[],[],"","","",""
1578,4483,1,3,"","","","",[],"","",[],[],0,"",0,[],[],[],"","","",""
1579,4484,1,3,"","","","",[],"","",[],[],0,"",0,[],[],[],"","","",""
1580,4485,1,3,"","","","",[],"","",[],[],0,"",0,[],[],[],"","","",""
1581,4486,1,3,"","","","",[],"","",[],[],0,"",0,[],[],[],"","","",""
1582,4487,1,3,"","","","",[],"","",[],[],0,"",0,[],[],[],"","","",""
1583,4488,1,3,"","","","",[],"","",[],[],0,"",0,[],[],[],"","","",""
1584,4489,1,3,"","","","",[],"","",[],[],0,"",0,[],[],[],"","","",""
1585,4490,1,3,"","","","",[],"","",[],[],0,"",0,[],[],[],"","","",""
1586,4491,1,3,"","","","",[],"","",[],[],0,"",0,[],[],[],"","","",""
1587,4492,20,2,"reroll_rare_eldritch","Right click this item then left click a rare item with The Searing Exarch or The Eater of Worlds dominance to apply it.","","If The Searing Exarch is dominant, reroll prefix modifiers\r\nIf The Eater of Worlds is dominant, reroll suffix modifiers",[10005],"","",[],[],5000,"<<xbox_button_a>> to select, then  <<xbox_button_a>> on a rare item with The Searing Exarch or The Eater of Worlds dominance to apply it.",100,[],[],[],"","","",""
1588,4493,20,2,"add_mod_to_rare_eldritch","Right click this item then left click a rare item with The Searing Exarch or The Eater of Worlds dominance to apply it. Rare items can have up to six random modifiers.","","If The Searing Exarch is dominant, add a prefix modifier\r\nIf The Eater of Worlds is dominant, add a suffix modifier",[10005],"","",[],[],5000,"<<xbox_button_a>> to select, then  <<xbox_button_a>> on a rare item with The Searing Exarch or The Eater of Worlds dominance to apply it. Rare items can have up to six random modifiers.",100,[],[],[],"","","",""
1589,4494,20,2,"remove_random_mod_eldritch","Right click this item then left click on a magic or rare item with The Searing Exarch or The Eater of Worlds dominance to apply it.","","If The Searing Exarch is dominant, remove a prefix modifier\r\nIf The Eater of Worlds is dominant, remove a suffix modifier",[10005],"","",[],[],5000,"<<xbox_button_a>> to select, then <<xbox_button_a>> on a magic or rare item item with The Searing Exarch or The Eater of Worlds dominance to apply it.",100,[],[],[],"","","",""
1590,4504,20,1,"scouting_report","Right click this item while viewing Kirac's Atlas Missions to use it.","","Reroll all of Kirac's Atlas Missions, including at least one Unique map",[8638],"","",[],[],5000,"Press <<xbox_button_a>> while viewing Kirac's Atlas Missions to use it.",0,[],[],[],"","","",""
1591,4505,20,1,"scouting_report","Right click this item while viewing Kirac's Atlas Missions to use it.","","Reroll all of Kirac's Atlas Missions, including at least one Breachstone",[8638],"","",[],[],5000,"Press <<xbox_button_a>> while viewing Kirac's Atlas Missions to use it.",0,[],[],[],"","","",""
1592,4506,20,1,"scouting_report","Right click this item while viewing Kirac's Atlas Missions to use it.","","Reroll all of Kirac's Atlas Missions, adding additional mission options",[8638],"","",[],[],5000,"Press <<xbox_button_a>> while viewing Kirac's Atlas Missions to use it.",0,[],[],[],"","","",""
1593,4507,20,1,"scouting_report","Right click this item while viewing Kirac's Atlas Missions to use it.","","Reroll all of Kirac's Atlas Missions, corrupting all non-Unique Maps",[8638],"","",[],[],5000,"Press <<xbox_button_a>> while viewing Kirac's Atlas Missions to use it.",0,[],[],[],"","","",""
1594,4508,20,1,"scouting_report","Right click this item while viewing Kirac's Atlas Missions to use it.","","Reroll all of Kirac's Atlas Missions, adding layers of Delirium to all non-Unique Maps",[8638],"","",[],[],5000,"Press <<xbox_button_a>> while viewing Kirac's Atlas Missions to use it.",0,[],[],[],"","","",""
1595,4509,20,1,"scouting_report","Right click this item while viewing Kirac's Atlas Missions to use it.","","Reroll all of Kirac's Atlas Missions, granting missions with rewarding implicit modifiers",[8638],"","",[],[],5000,"Press <<xbox_button_a>> while viewing Kirac's Atlas Missions to use it.",0,[],[],[],"","","",""
1596,4510,20,1,"scouting_report","Right click this item while viewing Kirac's Atlas Missions to use it.","","Reroll all of Kirac's Atlas Missions, including at least one Blighted Map",[8638],"","",[],[],5000,"Press <<xbox_button_a>> while viewing Kirac's Atlas Missions to use it.",0,[],[],[],"","","",""
1597,4511,20,1,"scouting_report","Right click this item while viewing Kirac's Atlas Missions to use it.","","Reroll all of Kirac's Atlas Missions, including at least one Shaper Guardian, Elder Guardian, or Elderslayer Map",[8638],"","",[],[],5000,"Press <<xbox_button_a>> while viewing Kirac's Atlas Missions to use it.",0,[],[],[],"","","",""
1598,4512,20,1,"scouting_report","Right click this item while viewing Kirac's Atlas Missions to use it.","","Reroll all of Kirac's Atlas Missions, using uncompleted non-Unique Maps where possible",[8638],"","",[],[],5000,"Press <<xbox_button_a>> while viewing Kirac's Atlas Missions to use it.",0,[],[],[],"","","",""
1599,4513,10,2,"extract_oil","Right click this item then left click an Anointed item to destroy it.","","Destroys an Anointed Item to recover one of the Oils that was used to apply that Anointment",[],"","",[],[],5000,"<<xbox_button_a>> to select, then <<xbox_button_a>> on an Anointed item to destroy it.",0,[],[],[],"","","",""
1600,4540,20,1,"sentinel_craft","Right click this item then select two Sentinels to combine.","","Destroys two Sentinels to create a fully-charged Sentinel with a combination of their properties. Sometimes, the resultant item is modified unpredictably",[],"","",[],[],400,"Press <<xbox_button_a>> then select two Sentinels to combine.",0,[],[],[],"","","",""
1601,4541,20,1,"sentinel_craft","Right click this item then select two Sentinels to combine.","","Destroys two Sentinels to create a fully-charged Sentinel with a combination of their properties. Sometimes, the resultant item is modified unpredictably, with a higher chance of a special base type",[],"","",[],[],400,"Press <<xbox_button_a>> then select two Sentinels to combine.",0,[],[],[],"","","",""
1602,4542,20,1,"sentinel_craft","Right click this item then select two Sentinels to combine.","","Destroys two Sentinels to create a fully-charged Sentinel with a combination of their properties. Sometimes, the resultant item is modified unpredictably, with a higher chance of a upgrading the tier of modifiers",[],"","",[],[],400,"Press <<xbox_button_a>> then select two Sentinels to combine.",0,[],[],[],"","","",""
1603,4543,20,1,"sentinel_craft","Right click this item then select two Sentinels to combine.","","Destroys two Sentinels to create a fully-charged Sentinel with a combination of their properties. Sometimes, the resultant item is modified unpredictably, with a higher chance of new random modifiers",[],"","",[],[],400,"Press <<xbox_button_a>> then select two Sentinels to combine.",0,[],[],[],"","","",""
1604,4544,20,1,"sentinel_craft","Right click this item then select two Armours to combine. These items must be of the same item class.","","Destroys two Armours to create a new Armour with a combination of their properties. Sometimes, the resultant item is modified unpredictably",[],"","",[],[],5000,"Press <<xbox_button_a>> then select two Armours to combine. These items must be of the same item class.",0,[],[],[],"","","",""
1605,4545,20,1,"sentinel_craft","Right click this item then select two Weapons or Quivers to combine. These items must be of the same item class.","","Destroys two Weapons or Quivers to create a new Weapon or Quiver with a combination of their properties. Sometimes, the resultant item is modified unpredictably",[],"","",[],[],5000,"Press <<xbox_button_a>> then select two Weapons or Quivers to combine. These items must be of the same item class.",0,[],[],[],"","","",""
1606,4546,20,1,"sentinel_craft","Right click this item then select two Jewellery items to combine. These items must be of the same item class.","","Destroys two Jewellery items to create a new Jewellery item with a combination of their properties. Sometimes, the resultant item is modified unpredictably",[],"","",[],[],5000,"Press <<xbox_button_a>> then select two Jewellery items to combine. These items must be of the same item class.",0,[],[],[],"","","",""
1607,4575,50000,3,"","Can be used at the Horticrafting bench in your hideout.","","",[],"","",[],[],50000,"",0,[],[],[],"","","",""
1608,4576,50000,3,"","Can be used at the Horticrafting bench in your hideout.","","",[],"","",[],[],50000,"",0,[],[],[],"","","",""
1609,4577,50000,3,"","Can be used at the Horticrafting bench in your hideout.","","",[],"","",[],[],50000,"",0,[],[],[],"","","",""
1610,4578,10,3,"","Can be used at the Horticrafting bench in your hideout.","","",[],"","",[],[],5000,"",0,[],[],[],"","","",""
1611,4579,10,2,"corrupt_relic","Right click this item then left click a non-Corrupted Sanctified Relic to apply it.","","Adds Minion Instability to a Sanctified Relic",[],"","",[],[],5000,"<<xbox_button_a>> to select, then  <<xbox_button_a>> on a non-Corrupted Sanctified Relic to apply it.",0,[],[],[],"","","",""
1612,4580,10,2,"corrupt_relic","Right click this item then left click a non-Corrupted Sanctified Relic to apply it.","","Adds Resolute Technique to a Sanctified Relic",[],"","",[],[],5000,"<<xbox_button_a>> to select, then  <<xbox_button_a>> on a non-Corrupted Sanctified Relic to apply it.",0,[],[],[],"","","",""
1613,4581,10,2,"corrupt_relic","Right click this item then left click a non-Corrupted Sanctified Relic to apply it.","","Adds Blood Magic to a Sanctified Relic",[],"","",[],[],5000,"<<xbox_button_a>> to select, then  <<xbox_button_a>> on a non-Corrupted Sanctified Relic to apply it.",0,[],[],[],"","","",""
1614,4582,10,2,"corrupt_relic","Right click this item then left click a non-Corrupted Sanctified Relic to apply it.","","Adds Pain Attunement to a Sanctified Relic",[],"","",[],[],5000,"<<xbox_button_a>> to select, then  <<xbox_button_a>> on a non-Corrupted Sanctified Relic to apply it.",0,[],[],[],"","","",""
1615,4583,10,2,"corrupt_relic","Right click this item then left click a non-Corrupted Sanctified Relic to apply it.","","Adds Elemental Equilibrium to a Sanctified Relic",[],"","",[],[],5000,"<<xbox_button_a>> to select, then  <<xbox_button_a>> on a non-Corrupted Sanctified Relic to apply it.",0,[],[],[],"","","",""
1616,4584,10,2,"corrupt_relic","Right click this item then left click a non-Corrupted Sanctified Relic to apply it.","","Adds Iron Grip to a Sanctified Relic",[],"","",[],[],5000,"<<xbox_button_a>> to select, then  <<xbox_button_a>> on a non-Corrupted Sanctified Relic to apply it.",0,[],[],[],"","","",""
1617,4585,10,2,"corrupt_relic","Right click this item then left click a non-Corrupted Sanctified Relic to apply it.","","Adds Point Blank to a Sanctified Relic",[],"","",[],[],5000,"<<xbox_button_a>> to select, then  <<xbox_button_a>> on a non-Corrupted Sanctified Relic to apply it.",0,[],[],[],"","","",""
1618,4586,10,2,"corrupt_relic","Right click this item then left click a non-Corrupted Sanctified Relic to apply it.","","Adds Acrobatics to a Sanctified Relic",[],"","",[],[],5000,"<<xbox_button_a>> to select, then  <<xbox_button_a>> on a non-Corrupted Sanctified Relic to apply it.",0,[],[],[],"","","",""
1619,4587,10,2,"corrupt_relic","Right click this item then left click a non-Corrupted Sanctified Relic to apply it.","","Adds Ghost Reaver to a Sanctified Relic",[],"","",[],[],5000,"<<xbox_button_a>> to select, then  <<xbox_button_a>> on a non-Corrupted Sanctified Relic to apply it.",0,[],[],[],"","","",""
1620,4588,10,2,"corrupt_relic","Right click this item then left click a non-Corrupted Sanctified Relic to apply it.","","Adds Vaal Pact to a Sanctified Relic",[],"","",[],[],5000,"<<xbox_button_a>> to select, then  <<xbox_button_a>> on a non-Corrupted Sanctified Relic to apply it.",0,[],[],[],"","","",""
1621,4589,10,2,"corrupt_relic","Right click this item then left click a non-Corrupted Sanctified Relic to apply it.","","Adds Elemental Overload to a Sanctified Relic",[],"","",[],[],5000,"<<xbox_button_a>> to select, then  <<xbox_button_a>> on a non-Corrupted Sanctified Relic to apply it.",0,[],[],[],"","","",""
1622,4590,10,2,"corrupt_relic","Right click this item then left click a non-Corrupted Sanctified Relic to apply it.","","Adds Avatar of Fire to a Sanctified Relic",[],"","",[],[],5000,"<<xbox_button_a>> to select, then  <<xbox_button_a>> on a non-Corrupted Sanctified Relic to apply it.",0,[],[],[],"","","",""
1623,4591,10,2,"corrupt_relic","Right click this item then left click a non-Corrupted Sanctified Relic to apply it.","","Adds Eldritch Battery to a Sanctified Relic",[],"","",[],[],5000,"<<xbox_button_a>> to select, then  <<xbox_button_a>> on a non-Corrupted Sanctified Relic to apply it.",0,[],[],[],"","","",""
1624,4592,10,2,"corrupt_relic","Right click this item then left click a non-Corrupted Sanctified Relic to apply it.","","Adds Ancestral Bond to a Sanctified Relic",[],"","",[],[],5000,"<<xbox_button_a>> to select, then  <<xbox_button_a>> on a non-Corrupted Sanctified Relic to apply it.",0,[],[],[],"","","",""
1625,4593,10,2,"corrupt_relic","Right click this item then left click a non-Corrupted Sanctified Relic to apply it.","","Adds Crimson Dance to a Sanctified Relic",[],"","",[],[],5000,"<<xbox_button_a>> to select, then  <<xbox_button_a>> on a non-Corrupted Sanctified Relic to apply it.",0,[],[],[],"","","",""
1626,4594,10,2,"corrupt_relic","Right click this item then left click a non-Corrupted Sanctified Relic to apply it.","","Adds Perfect Agony to a Sanctified Relic",[],"","",[],[],5000,"<<xbox_button_a>> to select, then  <<xbox_button_a>> on a non-Corrupted Sanctified Relic to apply it.",0,[],[],[],"","","",""
1627,4595,10,2,"corrupt_relic","Right click this item then left click a non-Corrupted Sanctified Relic to apply it.","","Adds Runebinder to a Sanctified Relic",[],"","",[],[],5000,"<<xbox_button_a>> to select, then  <<xbox_button_a>> on a non-Corrupted Sanctified Relic to apply it.",0,[],[],[],"","","",""
1628,4596,10,2,"corrupt_relic","Right click this item then left click a non-Corrupted Sanctified Relic to apply it.","","Adds Glancing Blows to a Sanctified Relic",[],"","",[],[],5000,"<<xbox_button_a>> to select, then  <<xbox_button_a>> on a non-Corrupted Sanctified Relic to apply it.",0,[],[],[],"","","",""
1629,4597,10,2,"corrupt_relic","Right click this item then left click a non-Corrupted Sanctified Relic to apply it.","","Adds Call To Arms to a Sanctified Relic",[],"","",[],[],5000,"<<xbox_button_a>> to select, then  <<xbox_button_a>> on a non-Corrupted Sanctified Relic to apply it.",0,[],[],[],"","","",""
1630,4598,10,2,"corrupt_relic","Right click this item then left click a non-Corrupted Sanctified Relic to apply it.","","Adds the Agnostic to a Sanctified Relic",[],"","",[],[],5000,"<<xbox_button_a>> to select, then  <<xbox_button_a>> on a non-Corrupted Sanctified Relic to apply it.",0,[],[],[],"","","",""
1631,4599,10,2,"corrupt_relic","Right click this item then left click a non-Corrupted Sanctified Relic to apply it.","","Adds Supreme Ego to a Sanctified Relic",[],"","",[],[],5000,"<<xbox_button_a>> to select, then  <<xbox_button_a>> on a non-Corrupted Sanctified Relic to apply it.",0,[],[],[],"","","",""
1632,4600,10,2,"corrupt_relic","Right click this item then left click a non-Corrupted Sanctified Relic to apply it.","","Adds The Impaler to a Sanctified Relic",[],"","",[],[],5000,"<<xbox_button_a>> to select, then  <<xbox_button_a>> on a non-Corrupted Sanctified Relic to apply it.",0,[],[],[],"","","",""
1633,4601,10,2,"corrupt_relic","Right click this item then left click a non-Corrupted Sanctified Relic to apply it.","","Adds Hex Master to a Sanctified Relic",[],"","",[],[],5000,"<<xbox_button_a>> to select, then  <<xbox_button_a>> on a non-Corrupted Sanctified Relic to apply it.",0,[],[],[],"","","",""
1634,4602,10,2,"corrupt_relic","Right click this item then left click a non-Corrupted Sanctified Relic to apply it.","","Adds Lethe Shade to a Sanctified Relic",[],"","",[],[],5000,"<<xbox_button_a>> to select, then  <<xbox_button_a>> on a non-Corrupted Sanctified Relic to apply it.",0,[],[],[],"","","",""
1635,4603,10,2,"corrupt_relic","Right click this item then left click a non-Corrupted Sanctified Relic to apply it.","","Adds Ghost Dance to a Sanctified Relic",[],"","",[],[],5000,"<<xbox_button_a>> to select, then  <<xbox_button_a>> on a non-Corrupted Sanctified Relic to apply it.",0,[],[],[],"","","",""
1636,4604,10,2,"corrupt_relic","Right click this item then left click a non-Corrupted Sanctified Relic to apply it.","","Adds Versatile Combatant to a Sanctified Relic",[],"","",[],[],5000,"<<xbox_button_a>> to select, then  <<xbox_button_a>> on a non-Corrupted Sanctified Relic to apply it.",0,[],[],[],"","","",""
1637,4605,10,2,"corrupt_relic","Right click this item then left click a non-Corrupted Sanctified Relic to apply it.","","Adds Magebane to a Sanctified Relic",[],"","",[],[],5000,"<<xbox_button_a>> to select, then  <<xbox_button_a>> on a non-Corrupted Sanctified Relic to apply it.",0,[],[],[],"","","",""
1638,4606,10,2,"corrupt_relic","Right click this item then left click a non-Corrupted Sanctified Relic to apply it.","","Adds Solipsism to a Sanctified Relic",[],"","",[],[],5000,"<<xbox_button_a>> to select, then  <<xbox_button_a>> on a non-Corrupted Sanctified Relic to apply it.",0,[],[],[],"","","",""
1639,4607,10,2,"corrupt_relic","Right click this item then left click a non-Corrupted Sanctified Relic to apply it.","","Adds Divine Shield to a Sanctified Relic",[],"","",[],[],5000,"<<xbox_button_a>> to select, then  <<xbox_button_a>> on a non-Corrupted Sanctified Relic to apply it.",0,[],[],[],"","","",""
1640,4608,10,2,"corrupt_relic","Right click this item then left click a non-Corrupted Sanctified Relic to apply it.","","Adds Iron Will to a Sanctified Relic",[],"","",[],[],5000,"<<xbox_button_a>> to select, then  <<xbox_button_a>> on a non-Corrupted Sanctified Relic to apply it.",0,[],[],[],"","","",""
1641,4609,10,2,"corrupt_relic","Right click this item then left click a non-Corrupted Sanctified Relic to apply it.","","Adds Wicked Ward to a Sanctified Relic",[],"","",[],[],5000,"<<xbox_button_a>> to select, then  <<xbox_button_a>> on a non-Corrupted Sanctified Relic to apply it.",0,[],[],[],"","","",""
1642,4610,10,2,"corrupt_relic","Right click this item then left click a non-Corrupted Sanctified Relic to apply it.","","Adds Wind Dancer to a Sanctified Relic",[],"","",[],[],5000,"<<xbox_button_a>> to select, then  <<xbox_button_a>> on a non-Corrupted Sanctified Relic to apply it.",0,[],[],[],"","","",""
1643,4611,10,2,"corrupt_relic","Right click this item then left click a non-Corrupted Sanctified Relic to apply it.","","Adds Conduit to a Sanctified Relic",[],"","",[],[],5000,"<<xbox_button_a>> to select, then  <<xbox_button_a>> on a non-Corrupted Sanctified Relic to apply it.",0,[],[],[],"","","",""
1644,4612,10,2,"corrupt_relic","Right click this item then left click a non-Corrupted Sanctified Relic to apply it.","","Adds Arrow Dancing to a Sanctified Relic",[],"","",[],[],5000,"<<xbox_button_a>> to select, then  <<xbox_button_a>> on a non-Corrupted Sanctified Relic to apply it.",0,[],[],[],"","","",""
1645,4613,10,2,"corrupt_relic","Right click this item then left click a non-Corrupted Sanctified Relic to apply it.","","Adds Precise Technique to a Sanctified Relic",[],"","",[],[],5000,"<<xbox_button_a>> to select, then  <<xbox_button_a>> on a non-Corrupted Sanctified Relic to apply it.",0,[],[],[],"","","",""
1646,4614,10,2,"corrupt_relic","Right click this item then left click a non-Corrupted Sanctified Relic to apply it.","","Adds Iron Reflexes to a Sanctified Relic",[],"","",[],[],5000,"<<xbox_button_a>> to select, then  <<xbox_button_a>> on a non-Corrupted Sanctified Relic to apply it.",0,[],[],[],"","","",""
1647,4615,10,2,"corrupt_relic","Right click this item then left click a non-Corrupted Sanctified Relic to apply it.","","Adds Unwavering Stance to a Sanctified Relic",[],"","",[],[],5000,"<<xbox_button_a>> to select, then  <<xbox_button_a>> on a non-Corrupted Sanctified Relic to apply it.",0,[],[],[],"","","",""
1648,4616,10,2,"corrupt_relic","Right click this item then left click a non-Corrupted Sanctified Relic to apply it.","","Adds Imbalanced Guard to a Sanctified Relic",[],"","",[],[],5000,"<<xbox_button_a>> to select, then  <<xbox_button_a>> on a non-Corrupted Sanctified Relic to apply it.",0,[],[],[],"","","",""
1649,4617,10,2,"corrupt_relic","Right click this item then left click a non-Corrupted Sanctified Relic to apply it.","","Adds Eternal Youth to a Sanctified Relic",[],"","",[],[],5000,"<<xbox_button_a>> to select, then  <<xbox_button_a>> on a non-Corrupted Sanctified Relic to apply it.",0,[],[],[],"","","",""
1650,4618,10,2,"corrupt_relic","Right click this item then left click a non-Corrupted Sanctified Relic to apply it.","","Adds Mind over Matter to a Sanctified Relic",[],"","",[],[],5000,"<<xbox_button_a>> to select, then  <<xbox_button_a>> on a non-Corrupted Sanctified Relic to apply it.",0,[],[],[],"","","",""
1651,4619,10,2,"corrupt_relic","Right click this item then left click a non-Corrupted Sanctified Relic to apply it.","","Adds Zealot's Oath to a Sanctified Relic",[],"","",[],[],5000,"<<xbox_button_a>> to select, then  <<xbox_button_a>> on a non-Corrupted Sanctified Relic to apply it.",0,[],[],[],"","","",""
1652,4620,50000,3,"","","","Used as Currency in Kingsmarch",[],"","",[],[],50000,"",0,[],[],[],"","",1,""
1653,4621,1,1,"open_crucible_geode","Right click on this item to open it.","","",[],"","",[],[],0,"Press <<xbox_button_a>> to open.",0,[],[],[],"","","",""
1654,4622,1,1,"open_crucible_geode","Right click on this item to open it.","","",[],"","",[],[],0,"Press <<xbox_button_a>> to open.",0,[],[],[],"","","",""
1655,4635,30,1,"silver_coin","Right click on this item while in a Town or Hideout to use it. This item is not consumed on use.","","Creates a portal to the Halls of the Dead from a Town or Hideout\nUsed as Currency in the Halls of the Dead to participate in the Trial of the Ancestors",[],"","",[],[],5000,"<<xbox_button_a>> to use. This item is not consumed on use.",100,[],[],[],"","","",""
1656,4623,1,3,"","","","<currencyitem>{5x Divine Orb}",[],"","",[],[],5000,"",0,[],[],[],"","","",""
1657,4624,5,3,"","","","Disabled",[],"","",[],[],5000,"",0,[],[],[],"","","",""
1658,4625,8,3,"","","","<uniqueitem>{Arakaali's Fang}\r\n<corrupted>{Corrupted}",[],"","",[],[],5000,"",0,[],[],[],"","","",""
1659,4626,4,3,"","","","<gemitem>{Level 21 Vaal Cold Snap}\r\n<default>{Quality:} <augmented>{+20%}\r\n<corrupted>{Corrupted}",[],"","",[],[],5000,"",0,[],[],[],"","","",""
1660,4627,8,3,"","","","<rareitem> {Onyx Amulet}\r\n<size:25>{<default>{Item Level:} <normal>{85}\r\n<default>{Quality:} <augmented>{+20%}\r\n<default>{Influenced Item}\r\n<enchanted>{Four Anointments}\r\n<enchanted>{Incubating Talisman Item}\r\n<corrupted>{Corrupted}}",[],"","",[],[],5000,"",0,[],[],[],"","","",""
1661,4636,10,2,"hinekoras_lock","Right click this item then left click an item to apply it.","","Allows an item to foresee the result of the next Currency item used on it\nModifying the item in any way removes the ability to foresee",[10502],"","",[],[],5000,"<<xbox_button_a>> to select, then <<xbox_button_a>> on an item to apply it.",100,[],[],[],"","","",""
1662,4637,1,3,"","Each player can only consume one Omen in each combat area.","","Will be Consumed when you Die\nto prevent 75% of Experience loss","[9780,9853]","","",[],[],0,"",0,[],[],[],"","","",""
1663,4638,1,3,"","Each player can only consume one Omen in each combat area.","","Will be Consumed when you Die\nto create a Portal to Town","[9781,9854]","","",[],[],0,"",0,[],[],[],"","","",""
1664,4639,1,3,"","Each player can only consume one Omen in each combat area.","","Will be Consumed when you reach 25% of Life\nto grant 75% chance to Avoid Damage from Hits for 4 seconds","[9782,9855]","","",[],[],0,"",0,[],[],[],"","","",""
1665,4640,1,3,"","Each player can only consume one Omen in each combat area.","","Will be Consumed when you reach 25% of Life\nto Refill all Flasks","[9783,9856]","","",[],[],0,"",0,[],[],[],"","","",""
1666,4641,1,3,"","Each player can only consume one Omen in each combat area.","","Will be Consumed when you level up\nto grant Soul Eater for 5 minutes","[9784,9857]","","",[],[],0,"",0,[],[],[],"","","",""
1667,4642,1,3,"","Each player can only consume one Omen in each combat area.","","Will be Consumed when you level up\nto create an Acceleration Shrine","[9785,9858]","","",[],[],0,"",0,[],[],[],"","","",""
1668,4643,1,3,"","Each player can only consume one Omen in each combat area.","","Will be Consumed when you use an Orb of Chance\non an item which can become Unique to ensure it does so","[9786,9859]","","",[],[],0,"",0,[],[],[],"","","",""
1669,4644,1,3,"","Each player can only consume one Omen in each combat area.","","Will be Consumed when you use a Jeweller's Orb\non an item to ensure maximum Sockets","[9787,9860]","","",[],[],0,"",0,[],[],[],"","","",""
1670,4645,1,3,"","Each player can only consume one Omen in each combat area.","","Will be Consumed when you use an Orb of Fusing\non an item to ensure maximum Links","[9788,9861]","","",[],[],0,"",0,[],[],[],"","","",""
1671,4646,1,3,"","Each player can only consume one Omen in each combat area.","","Will be Consumed when you use a Chromatic Orb\non an item to make 1-3 Sockets become White","[9789,9862]","","",[],[],0,"",0,[],[],[],"","","",""
1672,4647,1,3,"","Each player can only consume one Omen in each combat area.","","Will be Consumed when you Die\nto make each nearby enemy permanently take 25% more Damage","[9873,9867]","","",[],[],0,"",0,[],[],[],"","","",""
1673,4648,1,3,"","Each player can only consume one Omen in each combat area.","","Will be Consumed when you Die\nto add 300% of lost Experience to Gems","[9874,9868]","","",[],[],0,"",0,[],[],[],"","","",""
1674,4649,1,3,"","Each player can only consume one Omen in each combat area.","","Will be Consumed when you reach 25% of Life\nto cause 100% of Damage taken to be Recouped as Life for 4 seconds","[9875,9869]","","",[],[],0,"",0,[],[],[],"","","",""
1675,4650,1,3,"","Each player can only consume one Omen in each combat area.","","Will be Consumed when you reach 25% of Life\nto grant Adrenaline for 10 seconds","[9876,9870]","","",[],[],0,"",0,[],[],[],"","","",""
1676,4651,1,3,"","Each player can only consume one Omen in each combat area.","","Will be Consumed when you reach 25% of Life\nto grant Shade Form for 3 seconds","[9877,9871]","","",[],[],0,"",0,[],[],[],"","","",""
1677,4652,1,3,"","Each player can only consume one Omen in each combat area.","","Will be Consumed when you level up\nto grant 100% increased Experience gained for 60 seconds","[9878,9872]","","",[],[],0,"",0,[],[],[],"","","",""
1678,4653,10,7,"apply_passive_tattoo","Right click this item then left click a valid Passive Skill. Maximum 50 Tattoos.","","","[9841,9768]","","",[],[],5000,"<<xbox_button_a>> to select, then <<xbox_button_a>> on a valid Passive Skill to apply it. Maximum 50 Tattoos.",0,[],[],[],"","","",""
1679,4654,10,7,"apply_passive_tattoo","Right click this item then left click a valid Passive Skill. Maximum 50 Tattoos.","","","[9841,9768]","","",[],[],5000,"<<xbox_button_a>> to select, then <<xbox_button_a>> on a valid Passive Skill to apply it. Maximum 50 Tattoos.",0,[],[],[],"","","",""
1680,4655,10,7,"apply_passive_tattoo","Right click this item then left click a valid Passive Skill. Maximum 50 Tattoos.","","","[9841,9768]","","",[],[],5000,"<<xbox_button_a>> to select, then <<xbox_button_a>> on a valid Passive Skill to apply it. Maximum 50 Tattoos.",0,[],[],[],"","","",""
1681,4656,10,7,"apply_passive_tattoo","Right click this item then left click a valid Passive Skill. Maximum 50 Tattoos.","","","[9841,9768]","","",[],[],5000,"<<xbox_button_a>> to select, then <<xbox_button_a>> on a valid Passive Skill to apply it. Maximum 50 Tattoos.",0,[],[],[],"","","",""
1682,4657,10,7,"apply_passive_tattoo","Right click this item then left click a valid Passive Skill. Maximum 50 Tattoos.","","","[9841,9768]","","",[],[],5000,"<<xbox_button_a>> to select, then <<xbox_button_a>> on a valid Passive Skill to apply it. Maximum 50 Tattoos.",0,[],[],[],"","","",""
1683,4658,10,7,"apply_passive_tattoo","Right click this item then left click a valid Passive Skill. Maximum 50 Tattoos.","","","[9841,9768,9851,9778]","","",[],[],5000,"<<xbox_button_a>> to select, then <<xbox_button_a>> on a valid Passive Skill to apply it. Maximum 50 Tattoos.",0,[],[],[],"","","",""
1684,4659,10,7,"apply_passive_tattoo","Right click this item then left click a valid Passive Skill. Maximum 50 Tattoos.","","","[9841,9768]","","",[],[],5000,"<<xbox_button_a>> to select, then <<xbox_button_a>> on a valid Passive Skill to apply it. Maximum 50 Tattoos.",0,[],[],[],"","","",""
1685,4660,10,7,"apply_passive_tattoo","Right click this item then left click a valid Passive Skill. Maximum 50 Tattoos.","","","[9842,9769]","","",[],[],5000,"<<xbox_button_a>> to select, then <<xbox_button_a>> on a valid Passive Skill to apply it. Maximum 50 Tattoos.",0,[],[],[],"","","",""
1686,4661,10,7,"apply_passive_tattoo","Right click this item then left click a valid Passive Skill. Maximum 50 Tattoos.","","","[9842,9769]","","",[],[],5000,"<<xbox_button_a>> to select, then <<xbox_button_a>> on a valid Passive Skill to apply it. Maximum 50 Tattoos.",0,[],[],[],"","","",""
1687,4662,10,7,"apply_passive_tattoo","Right click this item then left click a valid Passive Skill. Maximum 50 Tattoos.","","","[9842,9769]","","",[],[],5000,"<<xbox_button_a>> to select, then <<xbox_button_a>> on a valid Passive Skill to apply it. Maximum 50 Tattoos.",0,[],[],[],"","","",""
1688,4663,10,7,"apply_passive_tattoo","Right click this item then left click a valid Passive Skill. Maximum 50 Tattoos.","","","[9842,9769]","","",[],[],5000,"<<xbox_button_a>> to select, then <<xbox_button_a>> on a valid Passive Skill to apply it. Maximum 50 Tattoos.",0,[],[],[],"","","",""
1689,4664,10,7,"apply_passive_tattoo","Right click this item then left click a valid Passive Skill. Maximum 50 Tattoos.","","","[9842,9769]","","",[],[],5000,"<<xbox_button_a>> to select, then <<xbox_button_a>> on a valid Passive Skill to apply it. Maximum 50 Tattoos.",0,[],[],[],"","","",""
1690,4665,10,7,"apply_passive_tattoo","Right click this item then left click a valid Passive Skill. Maximum 50 Tattoos.","","","[9842,9769,9851,9778]","","",[],[],5000,"<<xbox_button_a>> to select, then <<xbox_button_a>> on a valid Passive Skill to apply it. Maximum 50 Tattoos.",0,[],[],[],"","","",""
1691,4666,10,7,"apply_passive_tattoo","Right click this item then left click a valid Passive Skill. Maximum 50 Tattoos.","","","[9842,9769]","","",[],[],5000,"<<xbox_button_a>> to select, then <<xbox_button_a>> on a valid Passive Skill to apply it. Maximum 50 Tattoos.",0,[],[],[],"","","",""
1692,4667,10,7,"apply_passive_tattoo","Right click this item then left click a valid Passive Skill. Maximum 50 Tattoos.","","","[9843,9770]","","",[],[],5000,"<<xbox_button_a>> to select, then <<xbox_button_a>> on a valid Passive Skill to apply it. Maximum 50 Tattoos.",0,[],[],[],"","","",""
1693,4668,10,7,"apply_passive_tattoo","Right click this item then left click a valid Passive Skill. Maximum 50 Tattoos.","","","[9843,9770]","","",[],[],5000,"<<xbox_button_a>> to select, then <<xbox_button_a>> on a valid Passive Skill to apply it. Maximum 50 Tattoos.",0,[],[],[],"","","",""
1694,4669,10,7,"apply_passive_tattoo","Right click this item then left click a valid Passive Skill. Maximum 50 Tattoos.","","","[9843,9770]","","",[],[],5000,"<<xbox_button_a>> to select, then <<xbox_button_a>> on a valid Passive Skill to apply it. Maximum 50 Tattoos.",0,[],[],[],"","","",""
1695,4670,10,7,"apply_passive_tattoo","Right click this item then left click a valid Passive Skill. Maximum 50 Tattoos.","","","[9843,9770]","","",[],[],5000,"<<xbox_button_a>> to select, then <<xbox_button_a>> on a valid Passive Skill to apply it. Maximum 50 Tattoos.",0,[],[],[],"","","",""
1696,4671,10,7,"apply_passive_tattoo","Right click this item then left click a valid Passive Skill. Maximum 50 Tattoos.","","","[9843,9770]","","",[],[],5000,"<<xbox_button_a>> to select, then <<xbox_button_a>> on a valid Passive Skill to apply it. Maximum 50 Tattoos.",0,[],[],[],"","","",""
1697,4672,10,7,"apply_passive_tattoo","Right click this item then left click a valid Passive Skill. Maximum 50 Tattoos.","","","[9843,9770,9851,9778]","","",[],[],5000,"<<xbox_button_a>> to select, then <<xbox_button_a>> on a valid Passive Skill to apply it. Maximum 50 Tattoos.",0,[],[],[],"","","",""
1698,4673,10,7,"apply_passive_tattoo","Right click this item then left click a valid Passive Skill. Maximum 50 Tattoos.","","","[9843,9770]","","",[],[],5000,"<<xbox_button_a>> to select, then <<xbox_button_a>> on a valid Passive Skill to apply it. Maximum 50 Tattoos.",0,[],[],[],"","","",""
1699,4674,10,7,"apply_passive_tattoo","Right click this item then left click a valid Passive Skill. Maximum 50 Tattoos.","","","[9844,9771]","","",[],[],5000,"<<xbox_button_a>> to select, then <<xbox_button_a>> on a valid Passive Skill to apply it. Maximum 50 Tattoos.",0,[],[],[],"","","",""
1700,4675,10,7,"apply_passive_tattoo","Right click this item then left click a valid Passive Skill. Maximum 50 Tattoos.","","","[9844,9771]","","",[],[],5000,"<<xbox_button_a>> to select, then <<xbox_button_a>> on a valid Passive Skill to apply it. Maximum 50 Tattoos.",0,[],[],[],"","","",""
1701,4676,10,7,"apply_passive_tattoo","Right click this item then left click a valid Passive Skill. Maximum 50 Tattoos.","","","[9844,9771]","","",[],[],5000,"<<xbox_button_a>> to select, then <<xbox_button_a>> on a valid Passive Skill to apply it. Maximum 50 Tattoos.",0,[],[],[],"","","",""
1702,4677,10,7,"apply_passive_tattoo","Right click this item then left click a valid Passive Skill. Maximum 50 Tattoos.","","","[9844,9771]","","",[],[],5000,"<<xbox_button_a>> to select, then <<xbox_button_a>> on a valid Passive Skill to apply it. Maximum 50 Tattoos.",0,[],[],[],"","","",""
1703,4678,10,7,"apply_passive_tattoo","Right click this item then left click a valid Passive Skill. Maximum 50 Tattoos.","","","[9844,9771]","","",[],[],5000,"<<xbox_button_a>> to select, then <<xbox_button_a>> on a valid Passive Skill to apply it. Maximum 50 Tattoos.",0,[],[],[],"","","",""
1704,4679,10,7,"apply_passive_tattoo","Right click this item then left click a valid Passive Skill. Maximum 50 Tattoos.","","","[9844,9771,9851,9778]","","",[],[],5000,"<<xbox_button_a>> to select, then <<xbox_button_a>> on a valid Passive Skill to apply it. Maximum 50 Tattoos.",0,[],[],[],"","","",""
1705,4680,10,7,"apply_passive_tattoo","Right click this item then left click a valid Passive Skill. Maximum 50 Tattoos.","","","[9844,9771]","","",[],[],5000,"<<xbox_button_a>> to select, then <<xbox_button_a>> on a valid Passive Skill to apply it. Maximum 50 Tattoos.",0,[],[],[],"","","",""
1706,4681,10,7,"apply_passive_tattoo","Right click this item then left click a valid Passive Skill. Maximum 50 Tattoos.","","","[9845,9772]","","",[],[],5000,"<<xbox_button_a>> to select, then <<xbox_button_a>> on a valid Passive Skill to apply it. Maximum 50 Tattoos.",0,[],[],[],"","","",""
1707,4682,10,7,"apply_passive_tattoo","Right click this item then left click a valid Passive Skill. Maximum 50 Tattoos.","","","[9845,9772]","","",[],[],5000,"<<xbox_button_a>> to select, then <<xbox_button_a>> on a valid Passive Skill to apply it. Maximum 50 Tattoos.",0,[],[],[],"","","",""
1708,4683,10,7,"apply_passive_tattoo","Right click this item then left click a valid Passive Skill. Maximum 50 Tattoos.","","","[9845,9772]","","",[],[],5000,"<<xbox_button_a>> to select, then <<xbox_button_a>> on a valid Passive Skill to apply it. Maximum 50 Tattoos.",0,[],[],[],"","","",""
1709,4684,10,7,"apply_passive_tattoo","Right click this item then left click a valid Passive Skill. Maximum 50 Tattoos.","","","[9845,9772]","","",[],[],5000,"<<xbox_button_a>> to select, then <<xbox_button_a>> on a valid Passive Skill to apply it. Maximum 50 Tattoos.",0,[],[],[],"","","",""
1710,4685,10,7,"apply_passive_tattoo","Right click this item then left click a valid Passive Skill. Maximum 50 Tattoos.","","","[9845,9772]","","",[],[],5000,"<<xbox_button_a>> to select, then <<xbox_button_a>> on a valid Passive Skill to apply it. Maximum 50 Tattoos.",0,[],[],[],"","","",""
1711,4686,10,7,"apply_passive_tattoo","Right click this item then left click a valid Passive Skill. Maximum 50 Tattoos.","","","[9845,9772,9851,9778]","","",[],[],5000,"<<xbox_button_a>> to select, then <<xbox_button_a>> on a valid Passive Skill to apply it. Maximum 50 Tattoos.",0,[],[],[],"","","",""
1712,4687,10,7,"apply_passive_tattoo","Right click this item then left click a valid Passive Skill. Maximum 50 Tattoos.","","","[9845,9772]","","",[],[],5000,"<<xbox_button_a>> to select, then <<xbox_button_a>> on a valid Passive Skill to apply it. Maximum 50 Tattoos.",0,[],[],[],"","","",""
1713,4688,10,7,"apply_passive_tattoo","Right click this item then left click a valid Passive Skill. Maximum 50 Tattoos.","","","[9846,9773]","","",[],[],5000,"<<xbox_button_a>> to select, then <<xbox_button_a>> on a valid Passive Skill to apply it. Maximum 50 Tattoos.",0,[],[],[],"","","",""
1714,4689,10,7,"apply_passive_tattoo","Right click this item then left click a valid Passive Skill. Maximum 50 Tattoos.","","","[9846,9773]","","",[],[],5000,"<<xbox_button_a>> to select, then <<xbox_button_a>> on a valid Passive Skill to apply it. Maximum 50 Tattoos.",0,[],[],[],"","","",""
1715,4690,10,7,"apply_passive_tattoo","Right click this item then left click a valid Passive Skill. Maximum 50 Tattoos.","","","[9846,9773]","","",[],[],5000,"<<xbox_button_a>> to select, then <<xbox_button_a>> on a valid Passive Skill to apply it. Maximum 50 Tattoos.",0,[],[],[],"","","",""
1716,4691,10,7,"apply_passive_tattoo","Right click this item then left click a valid Passive Skill. Maximum 50 Tattoos.","","","[9846,9773]","","",[],[],5000,"<<xbox_button_a>> to select, then <<xbox_button_a>> on a valid Passive Skill to apply it. Maximum 50 Tattoos.",0,[],[],[],"","","",""
1717,4692,10,7,"apply_passive_tattoo","Right click this item then left click a valid Passive Skill. Maximum 50 Tattoos.","","","[9846,9773]","","",[],[],5000,"<<xbox_button_a>> to select, then <<xbox_button_a>> on a valid Passive Skill to apply it. Maximum 50 Tattoos.",0,[],[],[],"","","",""
1718,4693,10,7,"apply_passive_tattoo","Right click this item then left click a valid Passive Skill. Maximum 50 Tattoos.","","","[9846,9773,9851,9778]","","",[],[],5000,"<<xbox_button_a>> to select, then <<xbox_button_a>> on a valid Passive Skill to apply it. Maximum 50 Tattoos.",0,[],[],[],"","","",""
1719,4694,10,7,"apply_passive_tattoo","Right click this item then left click a valid Passive Skill. Maximum 50 Tattoos.","","","[9846,9773]","","",[],[],5000,"<<xbox_button_a>> to select, then <<xbox_button_a>> on a valid Passive Skill to apply it. Maximum 50 Tattoos.",0,[],[],[],"","","",""
1720,4695,10,7,"apply_passive_tattoo","Right click this item then left click a valid Passive Skill. Maximum 50 Tattoos.","","","[9847,9774]","","",[],[],5000,"<<xbox_button_a>> to select, then <<xbox_button_a>> on a valid Passive Skill to apply it. Maximum 50 Tattoos.",0,[],[],[],"","","",""
1721,4696,10,7,"apply_passive_tattoo","Right click this item then left click a valid Passive Skill. Maximum 50 Tattoos.","","","[9847,9774]","","",[],[],5000,"<<xbox_button_a>> to select, then <<xbox_button_a>> on a valid Passive Skill to apply it. Maximum 50 Tattoos.",0,[],[],[],"","","",""
1722,4697,10,7,"apply_passive_tattoo","Right click this item then left click a valid Passive Skill. Maximum 50 Tattoos.","","","[9847,9774]","","",[],[],5000,"<<xbox_button_a>> to select, then <<xbox_button_a>> on a valid Passive Skill to apply it. Maximum 50 Tattoos.",0,[],[],[],"","","",""
1723,4698,10,7,"apply_passive_tattoo","Right click this item then left click a valid Passive Skill. Maximum 50 Tattoos.","","","[9847,9774]","","",[],[],5000,"<<xbox_button_a>> to select, then <<xbox_button_a>> on a valid Passive Skill to apply it. Maximum 50 Tattoos.",0,[],[],[],"","","",""
1724,4699,10,7,"apply_passive_tattoo","Right click this item then left click a valid Passive Skill. Maximum 50 Tattoos.","","","[9847,9774]","","",[],[],5000,"<<xbox_button_a>> to select, then <<xbox_button_a>> on a valid Passive Skill to apply it. Maximum 50 Tattoos.",0,[],[],[],"","","",""
1725,4700,10,7,"apply_passive_tattoo","Right click this item then left click a valid Passive Skill. Maximum 50 Tattoos.","","","[9847,9774,9851,9778]","","",[],[],5000,"<<xbox_button_a>> to select, then <<xbox_button_a>> on a valid Passive Skill to apply it. Maximum 50 Tattoos.",0,[],[],[],"","","",""
1726,4701,10,7,"apply_passive_tattoo","Right click this item then left click a valid Passive Skill. Maximum 50 Tattoos.","","","[9847,9774]","","",[],[],5000,"<<xbox_button_a>> to select, then <<xbox_button_a>> on a valid Passive Skill to apply it. Maximum 50 Tattoos.",0,[],[],[],"","","",""
1727,4702,10,7,"apply_passive_tattoo","Right click this item then left click a valid Passive Skill. Maximum 50 Tattoos.","","","[9848,9775]","","",[],[],5000,"<<xbox_button_a>> to select, then <<xbox_button_a>> on a valid Passive Skill to apply it. Maximum 50 Tattoos.",0,[],[],[],"","","",""
1728,4703,10,7,"apply_passive_tattoo","Right click this item then left click a valid Passive Skill. Maximum 50 Tattoos.","","","[9848,9775]","","",[],[],5000,"<<xbox_button_a>> to select, then <<xbox_button_a>> on a valid Passive Skill to apply it. Maximum 50 Tattoos.",0,[],[],[],"","","",""
1729,4704,10,7,"apply_passive_tattoo","Right click this item then left click a valid Passive Skill. Maximum 50 Tattoos.","","","[9848,9775]","","",[],[],5000,"<<xbox_button_a>> to select, then <<xbox_button_a>> on a valid Passive Skill to apply it. Maximum 50 Tattoos.",0,[],[],[],"","","",""
1730,4705,10,7,"apply_passive_tattoo","Right click this item then left click a valid Passive Skill. Maximum 50 Tattoos.","","","[9848,9775]","","",[],[],5000,"<<xbox_button_a>> to select, then <<xbox_button_a>> on a valid Passive Skill to apply it. Maximum 50 Tattoos.",0,[],[],[],"","","",""
1731,4706,10,7,"apply_passive_tattoo","Right click this item then left click a valid Passive Skill. Maximum 50 Tattoos.","","","[9848,9775]","","",[],[],5000,"<<xbox_button_a>> to select, then <<xbox_button_a>> on a valid Passive Skill to apply it. Maximum 50 Tattoos.",0,[],[],[],"","","",""
1732,4707,10,7,"apply_passive_tattoo","Right click this item then left click a valid Passive Skill. Maximum 50 Tattoos.","","","[9848,9775,9851,9778]","","",[],[],5000,"<<xbox_button_a>> to select, then <<xbox_button_a>> on a valid Passive Skill to apply it. Maximum 50 Tattoos.",0,[],[],[],"","","",""
1733,4708,10,7,"apply_passive_tattoo","Right click this item then left click a valid Passive Skill. Maximum 50 Tattoos.","","","[9848,9775]","","",[],[],5000,"<<xbox_button_a>> to select, then <<xbox_button_a>> on a valid Passive Skill to apply it. Maximum 50 Tattoos.",0,[],[],[],"","","",""
1734,4709,10,7,"apply_passive_tattoo","Right click this item then left click a valid Passive Skill. Maximum 50 Tattoos.","","","[9849,9776]","","",[],[],5000,"<<xbox_button_a>> to select, then <<xbox_button_a>> on a valid Passive Skill to apply it. Maximum 50 Tattoos.",0,[],[],[],"","","",""
1735,4710,10,7,"apply_passive_tattoo","Right click this item then left click a valid Passive Skill. Maximum 50 Tattoos.","","","[9849,9776]","","",[],[],5000,"<<xbox_button_a>> to select, then <<xbox_button_a>> on a valid Passive Skill to apply it. Maximum 50 Tattoos.",0,[],[],[],"","","",""
1736,4711,10,7,"apply_passive_tattoo","Right click this item then left click a valid Passive Skill. Maximum 50 Tattoos.","","","[9849,9776]","","",[],[],5000,"<<xbox_button_a>> to select, then <<xbox_button_a>> on a valid Passive Skill to apply it. Maximum 50 Tattoos.",0,[],[],[],"","","",""
1737,4712,10,7,"apply_passive_tattoo","Right click this item then left click a valid Passive Skill. Maximum 50 Tattoos.","","","[9849,9776]","","",[],[],5000,"<<xbox_button_a>> to select, then <<xbox_button_a>> on a valid Passive Skill to apply it. Maximum 50 Tattoos.",0,[],[],[],"","","",""
1738,4713,10,7,"apply_passive_tattoo","Right click this item then left click a valid Passive Skill. Maximum 50 Tattoos.","","","[9849,9776]","","",[],[],5000,"<<xbox_button_a>> to select, then <<xbox_button_a>> on a valid Passive Skill to apply it. Maximum 50 Tattoos.",0,[],[],[],"","","",""
1739,4714,10,7,"apply_passive_tattoo","Right click this item then left click a valid Passive Skill. Maximum 50 Tattoos.","","","[9849,9776,9851,9778]","","",[],[],5000,"<<xbox_button_a>> to select, then <<xbox_button_a>> on a valid Passive Skill to apply it. Maximum 50 Tattoos.",0,[],[],[],"","","",""
1740,4715,10,7,"apply_passive_tattoo","Right click this item then left click a valid Passive Skill. Maximum 50 Tattoos.","","","[9849,9776]","","",[],[],5000,"<<xbox_button_a>> to select, then <<xbox_button_a>> on a valid Passive Skill to apply it. Maximum 50 Tattoos.",0,[],[],[],"","","",""
1741,4716,10,7,"apply_passive_tattoo","Right click this item then left click a valid Passive Skill. Maximum 50 Tattoos.","","","[9850,9777]","","",[],[],5000,"<<xbox_button_a>> to select, then <<xbox_button_a>> on a valid Passive Skill to apply it. Maximum 50 Tattoos.",0,[],[],[],"","","",""
1742,4717,10,7,"apply_passive_tattoo","Right click this item then left click a valid Passive Skill. Maximum 50 Tattoos.","","","[9850,9777]","","",[],[],5000,"<<xbox_button_a>> to select, then <<xbox_button_a>> on a valid Passive Skill to apply it. Maximum 50 Tattoos.",0,[],[],[],"","","",""
1743,4718,10,7,"apply_passive_tattoo","Right click this item then left click a valid Passive Skill. Maximum 50 Tattoos.","","","[9850,9777]","","",[],[],5000,"<<xbox_button_a>> to select, then <<xbox_button_a>> on a valid Passive Skill to apply it. Maximum 50 Tattoos.",0,[],[],[],"","","",""
1744,4719,10,7,"apply_passive_tattoo","Right click this item then left click a valid Passive Skill. Maximum 50 Tattoos.","","","[9850,9777]","","",[],[],5000,"<<xbox_button_a>> to select, then <<xbox_button_a>> on a valid Passive Skill to apply it. Maximum 50 Tattoos.",0,[],[],[],"","","",""
1745,4720,10,7,"apply_passive_tattoo","Right click this item then left click a valid Passive Skill. Maximum 50 Tattoos.","","","[9850,9777]","","",[],[],5000,"<<xbox_button_a>> to select, then <<xbox_button_a>> on a valid Passive Skill to apply it. Maximum 50 Tattoos.",0,[],[],[],"","","",""
1746,4721,10,7,"apply_passive_tattoo","Right click this item then left click a valid Passive Skill. Maximum 50 Tattoos.","","","[9850,9777,9851,9778]","","",[],[],5000,"<<xbox_button_a>> to select, then <<xbox_button_a>> on a valid Passive Skill to apply it. Maximum 50 Tattoos.",0,[],[],[],"","","",""
1747,4722,10,7,"apply_passive_tattoo","Right click this item then left click a valid Passive Skill. Maximum 50 Tattoos.","","","[9850,9777]","","",[],[],5000,"<<xbox_button_a>> to select, then <<xbox_button_a>> on a valid Passive Skill to apply it. Maximum 50 Tattoos.",0,[],[],[],"","","",""
1748,4723,10,7,"apply_passive_tattoo","Right click this item then left click a valid Passive Skill. Maximum 50 Tattoos.","","","[9852,9779]","","",[],[],5000,"<<xbox_button_a>> to select, then <<xbox_button_a>> on a valid Passive Skill to apply it. Maximum 50 Tattoos.",0,[],[],[],"","","",""
1749,4724,10,7,"apply_passive_tattoo","Right click this item then left click a valid Passive Skill. Maximum 50 Tattoos.","","","[9852,9779]","","",[],[],5000,"<<xbox_button_a>> to select, then <<xbox_button_a>> on a valid Passive Skill to apply it. Maximum 50 Tattoos.",0,[],[],[],"","","",""
1750,4725,10,7,"apply_passive_tattoo","Right click this item then left click a valid Passive Skill. Maximum 50 Tattoos.","","","[9852,9779]","","",[],[],5000,"<<xbox_button_a>> to select, then <<xbox_button_a>> on a valid Passive Skill to apply it. Maximum 50 Tattoos.",0,[],[],[],"","","",""
1751,4726,10,7,"apply_passive_tattoo","Right click this item then left click a valid Passive Skill. Maximum 50 Tattoos.","","","[9852,9779]","","",[],[],5000,"<<xbox_button_a>> to select, then <<xbox_button_a>> on a valid Passive Skill to apply it. Maximum 50 Tattoos.",0,[],[],[],"","","",""
1752,4727,10,7,"apply_passive_tattoo","Right click this item then left click a valid Passive Skill. Maximum 50 Tattoos.","","","[9852,9779]","","",[],[],5000,"<<xbox_button_a>> to select, then <<xbox_button_a>> on a valid Passive Skill to apply it. Maximum 50 Tattoos.",0,[],[],[],"","","",""
1753,4728,10,7,"apply_passive_tattoo","Right click this item then left click a valid Passive Skill. Maximum 50 Tattoos.","","","[9852,9779]","","",[],[],5000,"<<xbox_button_a>> to select, then <<xbox_button_a>> on a valid Passive Skill to apply it. Maximum 50 Tattoos.",0,[],[],[],"","","",""
1754,4729,10,7,"apply_passive_tattoo","Right click this item then left click a valid Passive Skill. Maximum 50 Tattoos.","","","[9852,9779]","","",[],[],5000,"<<xbox_button_a>> to select, then <<xbox_button_a>> on a valid Passive Skill to apply it. Maximum 50 Tattoos.",0,[],[],[],"","","",""
1755,4730,10,7,"apply_passive_tattoo","Right click this item then left click a valid Passive Skill. Maximum 50 Tattoos.","","","[9852,9779]","","",[],[],5000,"<<xbox_button_a>> to select, then <<xbox_button_a>> on a valid Passive Skill to apply it. Maximum 50 Tattoos.",0,[],[],[],"","","",""
1756,4731,10,7,"apply_passive_tattoo","Right click this item then left click a valid Passive Skill. Maximum 50 Tattoos.","","","[9852,9779]","","",[],[],5000,"<<xbox_button_a>> to select, then <<xbox_button_a>> on a valid Passive Skill to apply it. Maximum 50 Tattoos.",0,[],[],[],"","","",""
1757,4732,10,7,"apply_passive_tattoo","Right click this item then left click a valid Passive Skill. Maximum 50 Tattoos.","","","[9852,9779]","","",[],[],5000,"<<xbox_button_a>> to select, then <<xbox_button_a>> on a valid Passive Skill to apply it. Maximum 50 Tattoos.",0,[],[],[],"","","",""
1758,4733,10,7,"apply_passive_tattoo","Right click this item then left click a valid Passive Skill. Maximum 50 Tattoos.","","","[9852,9779]","","",[],[],5000,"<<xbox_button_a>> to select, then <<xbox_button_a>> on a valid Passive Skill to apply it. Maximum 50 Tattoos.",0,[],[],[],"","","",""
1759,4734,10,7,"apply_passive_tattoo","Right click this item then left click a valid Passive Skill. Maximum 50 Tattoos.","","","[9852,9779]","","",[],[],5000,"<<xbox_button_a>> to select, then <<xbox_button_a>> on a valid Passive Skill to apply it. Maximum 50 Tattoos.",0,[],[],[],"","","",""
1760,4735,10,7,"apply_passive_tattoo","Right click this item then left click a valid Passive Skill. Maximum 50 Tattoos.","","","[9852,9779]","","",[],[],5000,"<<xbox_button_a>> to select, then <<xbox_button_a>> on a valid Passive Skill to apply it. Maximum 50 Tattoos.",0,[],[],[],"","","",""
1761,4736,10,7,"apply_passive_tattoo","Right click this item then left click a valid Passive Skill. Maximum 50 Tattoos.","","","[9852,9779]","","",[],[],5000,"<<xbox_button_a>> to select, then <<xbox_button_a>> on a valid Passive Skill to apply it. Maximum 50 Tattoos.",0,[],[],[],"","","",""
1762,4737,10,7,"apply_passive_tattoo","Right click this item then left click a valid Passive Skill. Maximum 50 Tattoos.","","","[9852,9779]","","",[],[],5000,"<<xbox_button_a>> to select, then <<xbox_button_a>> on a valid Passive Skill to apply it. Maximum 50 Tattoos.",0,[],[],[],"","","",""
1763,4738,10,7,"apply_passive_tattoo","Right click this item then left click a valid Passive Skill. Maximum 50 Tattoos.","","","[9852,9779]","","",[],[],5000,"<<xbox_button_a>> to select, then <<xbox_button_a>> on a valid Passive Skill to apply it. Maximum 50 Tattoos.",0,[],[],[],"","","",""
1764,4739,10,7,"apply_passive_tattoo","Right click this item then left click a valid Passive Skill. Maximum 50 Tattoos.","","","[9852,9779]","","",[],[],5000,"<<xbox_button_a>> to select, then <<xbox_button_a>> on a valid Passive Skill to apply it. Maximum 50 Tattoos.",0,[],[],[],"","","",""
1765,4740,10,7,"apply_passive_tattoo","Right click this item then left click a valid Passive Skill. Maximum 50 Tattoos.","","","[9852,9779]","","",[],[],5000,"<<xbox_button_a>> to select, then <<xbox_button_a>> on a valid Passive Skill to apply it. Maximum 50 Tattoos.",0,[],[],[],"","","",""
1766,4741,10,7,"apply_passive_tattoo","Right click this item then left click a valid Passive Skill. Maximum 50 Tattoos.","","","[9852,9779]","","",[],[],5000,"<<xbox_button_a>> to select, then <<xbox_button_a>> on a valid Passive Skill to apply it. Maximum 50 Tattoos.",0,[],[],[],"","","",""
1767,4742,10,7,"apply_passive_tattoo","Right click this item then left click a valid Passive Skill. Maximum 50 Tattoos.","","","[9852,9779]","","",[],[],5000,"<<xbox_button_a>> to select, then <<xbox_button_a>> on a valid Passive Skill to apply it. Maximum 50 Tattoos.",0,[],[],[],"","","",""
1768,4743,10,7,"apply_passive_tattoo","Right click this item then left click a valid Passive Skill. Maximum 50 Tattoos.","","","[9852,9779]","","",[],[],5000,"<<xbox_button_a>> to select, then <<xbox_button_a>> on a valid Passive Skill to apply it. Maximum 50 Tattoos.",0,[],[],[],"","","",""
1769,4744,10,7,"apply_passive_tattoo","Right click this item then left click a valid Passive Skill. Maximum 50 Tattoos.","","","[9852,9779]","","",[],[],5000,"<<xbox_button_a>> to select, then <<xbox_button_a>> on a valid Passive Skill to apply it. Maximum 50 Tattoos.",0,[],[],[],"","","",""
1770,4745,10,7,"apply_passive_tattoo","Right click this item then left click a valid Passive Skill. Maximum 50 Tattoos.","","","[9852,9779]","","",[],[],5000,"<<xbox_button_a>> to select, then <<xbox_button_a>> on a valid Passive Skill to apply it. Maximum 50 Tattoos.",0,[],[],[],"","","",""
1771,4746,12,3,"","","","<currencyitem>{2x Divine Orb}",[],"","",[],[],5000,"",0,[],[],[],"","","",""
1772,4747,7,3,"","","","<uniqueitem>{Nimis}",[],"","",[],[],5000,"",0,[],[],[],"","","",""
1773,4748,2,3,"","","","<uniqueitem>{Sublime Vision}",[],"","",[],[],5000,"",0,[],[],[],"","","",""
1774,4878,9,3,"","","","<magicitem>{Dictator's Weapon}\r\n<default>{Item Level:} <normal>{83}\r\n<fractured>{Fractured}",[],"","",[],[],5000,"",0,[],[],[],"","","",""
1775,4879,4,3,"","","","<whiteitem>{Item}\r\n<default>{Item Level:} <normal>{100}\r\n<enchanted>{Perfect Eldritch Implicit Modifier}",[],"","",[],[],5000,"",0,[],[],[],"","","",""
1776,4880,9,3,"","","","<uniqueitem>{Divinarius}\r\n<corrupted>{Two-Implicit}\r\n<corrupted>{Corrupted}",[],"","",[],[],5000,"",0,[],[],[],"","","",""
1777,4881,2,3,"","","","<currencyitem>{2x Fracturing Orb}",[],"","",[],[],5000,"",0,[],[],[],"","","",""
1778,4770,50000,3,"","","","",[],"","",[],[],50000,"",0,[],[],[],"","","",""
1779,4771,50000,3,"","","","",[],"","",[],[],50000,"",0,[],[],[],"","","",""
1780,4772,50000,3,"","","","",[],"","",[],[],50000,"",0,[],[],[],"","","",""
1781,190,20,1,"create_random_scarab","Right Click to reveal a random Scarab","","A collection of unknown Scarabs",[],"","",[],[],5000,"<<xbox_button_a>> to reveal a random Scarab",0,[],[],[],"","","",""
1782,4973,250,3,"","Can be used for Runesmithing Weapons at the Kingsmarch Blacksmith.","","",[],"","",[],[],5000,"",0,[],[],[],"","","",""
1783,4974,250,3,"","Can be used for Runesmithing Weapons at the Kingsmarch Blacksmith.","","",[],"","",[],[],5000,"",0,[],[],[],"","","",""
1784,4975,250,3,"","Can be used for Runesmithing Weapons at the Kingsmarch Blacksmith.","","",[],"","",[],[],5000,"",0,[],[],[],"","","",""
1785,4976,250,3,"","Can be used for Runesmithing Weapons at the Kingsmarch Blacksmith.","","",[],"","",[],[],5000,"",0,[],[],[],"","","",""
1786,4977,250,3,"","Can be used for Runesmithing Weapons at the Kingsmarch Blacksmith.","","",[],"","",[],[],5000,"",0,[],[],[],"","","",""
1787,4978,250,3,"","Can be used for Runesmithing Weapons at the Kingsmarch Blacksmith.","","",[],"","",[],[],5000,"",0,[],[],[],"","","",""
1788,4979,250,3,"","Can be used for Runesmithing Weapons at the Kingsmarch Blacksmith.","","",[],"","",[],[],5000,"",0,[],[],[],"","","",""
1789,4980,250,3,"","Can be used for Runesmithing Weapons at the Kingsmarch Blacksmith.","","",[],"","",[],[],5000,"",0,[],[],[],"","","",""
1790,4981,250,3,"","Can be used for Runesmithing Weapons at the Kingsmarch Blacksmith.","","",[],"","",[],[],5000,"",0,[],[],[],"","","",""
1791,4982,250,3,"","Can be used for Runesmithing Weapons at the Kingsmarch Blacksmith.","","",[],"","",[],[],5000,"",0,[],[],[],"","","",""
1792,5038,1,3,"","Open a portal to the Crux of Nothingness by using this item in a personal Map Device. Can only be used once.","","",[],"","",[],[],5000,"Open a portal to the Crux of Nothingness by using this item in a personal Map Device. Can only be used once.",0,[],[],[],"","","",""
1793,5039,3,3,"","","","<magicitem>{Einhar's Memory of Harvest Beasts}",[],"","",[],[],5000,"",0,[],[],[],"","","",""
1794,5040,4,3,"","","","<uniqueitem>{Relic}\r\n<default>{Item Level:} <normal>{83}",[],"","",[],[],5000,"",0,[],[],[],"","","",""
1795,5041,10,3,"","","","<uniqueitem>{Defiance of Destiny}",[],"","",[],[],5000,"",0,[],[],[],"","","",""
1796,5042,5,3,"","","","<uniqueitem>{Dendrobate}\r\n <corrupted>{Two-Implicit}\r\n <corrupted>{Corrupted}",[],"","",[],[],5000,"",0,[],[],[],"","","",""
1797,5043,10,2,"reflect_jewelry","Right click this item then left click a rare amulet or ring to reflect it. Cannot be used on Synthesised, Veiled or Influenced items.","","Unpredictably reflects a rare amulet or ring, breaking it\ninto two mirrored halves with reflected modifiers",[10545],"","",[],[],5000,"<<xbox_button_a>> to select, then <<xbox_button_a>> on a rare amulet or ring to reflect it. Cannot be used on Synthesised, Veiled or Influenced items.",0,[],[],[],"","","",""
