"rownum","GrantedEffect","SupportCount","PossibleSupports","EncounterGrantedEffect","Name","Name (French)","Name (German)","Name (Japanese)","Name (Korean)","Name (Portuguese)","Name (Russian)","Name (Spanish)","Name (Thai)","Name (Traditional Chinese)","Description","Description (French)","Description (German)","Description (Japanese)","Description (Korean)","Description (Portuguese)","Description (Russian)","Description (Spanish)","Description (Thai)","Description (Traditional Chinese)","RequiredLevel","i32_84","SkillFamily","HASH16","HouseIcon"
0,11442,3,[],"","Do Nothing","Do Nothing","Do Nothing","何もしない","아무것도 하지 않기","Não Fazer Nada","Бездействие","No hacer nada","ไม่ทำอะไร","無為而治","This really shouldn't be here...","This really shouldn't be here...","This really shouldn't be here...","これは本当にここにあるべきではない…","이게 여기 있으면 안 되는데...","Isso realmente não deveria estar aqui...","Этого не должно быть здесь...","Esto realmente no debería estar aquí...","มันไม่ควรมาอยู่ตรงนี้เลยนะ...","這不應該在這裡……",1,100,"",51031,""
1,938,2,"[0,1,42,37,38,39,71,72,73,93,94,95,142,154,155,156,168,169,170,171,172,173,239]",939,"Spark","Étincelle","Funken","スパーク","전기불꽃","Centelha","Искра","Chispa","ประกายสายฟ้า","電球","Launches unpredictable sparks that move randomly until they hit an enemy or expire.","Une projection d'étincelles imprévisibles qui se déplacent aléatoirement jusqu'à ce qu'elles touchent un ennemi ou expirent.","Entfesselt unberechenbare Funken, die sich zufällig bewegen, bis sie entweder einen Gegner treffen oder erlöschen.","敵に当たるか、持続時間が尽きるまでランダムに動くスパークを放つ。","적에게 명중하여 폭발할 때까지 천방지축으로 움직이는 전기불꽃을 시전합니다.","Lança centelhas imprevisíveis que se movem aleatoriamente até atingir um inimigo ou desaparecer.","Выпускает искры, которые движутся в случайном направлении, пока не попадут во врага или не истечёт время их существования.","Lanza chispas impredecibles que se mueven al azar hasta que golpean a un enemigo o expiran.","Spark\r\nยิงประกายไฟที่คาดเดาไม่ได้ซึ่งเคลื่อนไปแบบสุ่มจนกว่าจะปะทะศัตรูหรือหมดเวลา","施放出大量變幻莫測的電球，這些電球將會隨機移動直到撞到敵人或是自然消失。",1,100,"",5893,""
2,2429,0,"[11,232,233,234,49,50,51,58]","","Conductivity","Conductivité","Leitfähigkeit","コンダクティビティ","전도성","Condutividade","Проводимость","Conductividad","นำไฟฟ้า","導電","Curses all targets in an area, lowering their lightning resistance and giving them a chance to be shocked when hit.","Maudit tous les ennemis dans la zone ciblée. Cette Malédiction réduit la Résistance à la foudre de ces ennemis et leur donne des Chances d'être Électrocutés lorsqu'ils sont touchés.","Verflucht alle Ziele in einem Bereich, was ihren Blitzwiderstand verringert und eine Chance gewährt, dass diese bei Treffer geschockt werden.","範囲内の敵を呪い、敵の雷耐性を下げ、ヒット時に感電する確率を上げる。","범위 내 모든 대상에게 저주를 걸어 번개 저항을 낮춥니다. 저주 상태에서 피격되는 적은 일정 확률로 감전됩니다.","Amaldiçoa os alvos em uma área, reduzindo sua resistência a raio e tornando-os suscetíveis ao choque quando atingidos.","Проклинает всех врагов в области, cнижая их сопротивление молнии и повышая шанс наложить на них шок при ударе.","Maldice a todos los objetivos en un área para disminuir su resistencia al rayo y otorgarles una probabilidad de ser electrocutados cuando reciben un impacto.","Conductivity\r\nสาปทุกเป้าหมายในพื้นที่ ทำให้พวกมันมีค่าต้านทาน สายฟ้า น้อยลง และทำให้พวกมันมีโอกาสติดสถานะ ช็อค เมื่อถูกปะทะ","詛咒區域內所有目標，降低他們的閃電抗性，並使他們在遭擊中時有一定機率受到感電。",24,100,"",41484,""
3,5385,1,"[6,7,232,233,234,240]","","Orb of Storms","Orbes des orages","Gewittersphäre","オーブオブストーム","폭풍 보주","Orbe Trovejante","Сфера бурь","Orbe de tormentas","ลูกแก้ววายุ","風暴漩渦","Creates a stationary electrical orb that strikes enemies in its area of effect with beams of lightning that can then split to hit more enemies. ","Crée une boule de foudre qui envoie des décharges électriques sur les ennemis dans sa zone d'effet. Ces décharges peuvent se scinder et également toucher d'autres ennemis. Les modificateurs à la vitesse d'incantation augmentent la fréquence des décharges électriques. L'Orbe des orages sera remplacé si vous en lancez un autre.","Erzeugt eine stationäre elektrische Sphäre, die auf Gegner in ihrem Wirkungsbereich Blitzschläge entfesselt, die sich aufteilen können, um weitere Gegner zu treffen. ","範囲内の敵に頻繁に稲妻を放つ固定式の電気のオーブを作成する。稲妻は敵に当たった際に分裂しより多くの敵を攻撃する。","번개 구슬을 생성하여 효과 범위 내의 적들을 번개 광선으로 공격합니다. 광선은 갈라지며 더 많은 적을 명중시킬 수 있습니다.","Cria um orbe elétrico imóvel que atinge inimigos em sua área de efeito com raios elétricos que podem então se dividir para atingir mais inimigos. ","Создаёт неподвижный электрический шар, который постоянно бьёт ближайших врагов молнией, способной затем разделиться в направлении новых врагов. Модификаторы скорости сотворения чар влияют на частоту разрядов. Повторное использование умения создаёт новую сферу.","Crea un orbe eléctrico estacionario que golpea a los enemigos que se encuentran en su área de efecto con haces de rayo que se pueden dividir para impactar a más enemigos.","Orb of Storms\r\nสร้างลูกสายฟ้าแน่นิ่งที่จะปลดปล่อยลำแสงสายฟ้าเพื่อผ่าใส่ศัตรูในพื้นที่ส่งผล ซึ่งสามารถแยกไปปะทะศัตรูเพิ่มเติมได้","產生一個靜止不動的電氣球體，以閃電光束打擊其效果範圍內的敵人，並可裂化來擊中更多敵人。",1,100,1,11879,""
4,3024,2,"[42,71,72,73,232,233,234,52,53,54,11,12,93,94,95,65,66,67,168,169,170]",3025,"Greater Stormcall","Appel de la foudre majeur","Größere Gewitterbeschwörung","グレーターストームコール","상위 폭풍부름","Invocar Tormenta Maior","Призыв бурь","Llamado de tormenta superior","เรียกสายฟ้าชั้นสูง","高階風暴呼喚","Sets markers at many locations. After a short duration, lightning strikes the markers, dealing damage around them.","Un sort qui place des marqueurs à plusieurs emplacements. Après une courte durée, un éclair foudroie les marqueurs, infligeant des dégâts autour d'eux.","Setzt an vielen Zielen Markierungen. Nach einer kurzen Dauer trifft ein Blitzschlag die Markierungen und verursacht in ihrer Umgebung Schaden.","複数地点にマーカーを設置する。短い時間の後に雷がそのマーカーに落ち、周囲にダメージを与える。","여러 지점을 대상으로 설정합니다. 잠시 후 번개가 대상 지역들을 강타하여 주변에 피해를 줍니다.","Sinaliza vários locais. Após um breve período, raios atingem os locais, causando dano ao redor.","Указывает несколько мест. После небольшой задержки в указанные места бьют разряды молнии, нанося урон по области.","Coloca marcadores en varias ubicaciones. Después de una corta duración, un rayo golpea los marcadores e inflige daño a su alrededor.","Greater Stormcall\r\nทำเครื่องหมายที่หลายตำแหน่ง หลังจากระยะเวลาสั้นๆ จะเกิดฟ้าผ่าที่เครื่องหมายเหล่านั้น สร้างความเสียหายในบริเวณรอบๆ","在多個位置設置標記。經過短暫時間後，標記會遭閃電擊中，對周圍造成傷害。",12,100,5,3148,""
5,3026,2,"[42,71,72,73,232,233,234,52,53,54,11,12,93,94,95,65,66,67,168,169,170,241]",3027,"Stormcall","Appel de la foudre","Gewitterbeschwörung","ストームコール","폭풍부름","Invocar Tormenta","Призыв бури","Llamado de tormenta","เรียกสายฟ้า","風暴呼喚","Sets a marker at a location. After a short duration, lightning strikes the marker, dealing damage around it.","Un sort qui place un marqueur à un emplacement. Après une courte durée, un éclair foudroie le marqueur, infligeant des dégâts autour de celui-ci.","Setzt am Ziel eine Markierung. Nach einer kurzen Dauer trifft ein Blitzschlag die Markierung und verursacht in seiner Umgebung Schaden.","指定地点にマーカーを設置する。短い時間の後に雷がそのマーカーに落ち、周囲にダメージを与える。","원하는 지점을 대상으로 설정합니다. 잠시 후 번개가 대상 지역을 강타하여 주변에 피해를 줍니다.","Sinaliza um local. Após um breve período, raios atingem o local, causando dano ao redor.","Указывает место. После небольшой задержки в указанное место бьёт разряд молнии, нанося урон по области.","Coloca un marcador en una ubicación. Después de una corta duración, un rayo golpea el marcador e inflige daño a su alrededor.","Stormcall\r\nทำเครื่องหมายที่ตำแหน่ง หลังจากระยะเวลาสั้นๆ จะเกิดฟ้าผ่าที่เครื่องหมาย สร้างความเสียหายในบริเวณรอบๆ","在一個位置設置一個標記。經過短暫時間後，標記會遭閃電擊中，對其周圍造成傷害。",12,100,5,7549,""
6,2305,2,"[42,37,38,39,71,72,73,93,94,95]","","[DNT] Unused","[DNT] Unused","[DNT] Unused","[DNT] Unused","[DNT] Unused","[DNT] Unused","[DNT] Unused","[DNT] Unused","[DNT] Unused","[DNT] Unused","[DNT] Unused","[DNT] Unused","[DNT] Unused","[DNT] Unused","[DNT] Unused","[DNT] Unused","[DNT] Unused","[DNT] Unused","[DNT] Unused","[DNT] Unused",12,100,"",29533,""
7,2306,2,"[6,7,42,37,38,39,71,72,73,93,94,95,242,86,87,88]",2307,"Arc","Arc électrique","Lichtbogen","アーク","연쇄 번개","Arco Voltaico","Цепь молний","Arco eléctrico","สายฟ้าชิ่ง","電弧","An arc of lightning reaches from the caster to a targeted enemy and chains to other enemies, but not immediately back. Each time the arc chains, it will also chain a secondary arc to another enemy that the main arc has not already hit, which cannot chain further.","Un arc électrique qui s'étend du lanceur à l'ennemi ciblé puis ricoche vers d'autres ennemis. Ne peut ricocher immédiatement vers la dernière cible touchée. Chaque ricochet de l'arc électrique entraîne un arc électrique secondaire qui ricoche vers un autre ennemi que l'arc principal n'a pas déjà touché, cet arc secondaire ne peut ricocher davantage.","Ein Bogen aus Blitzen erstreckt sich vom Wirkenden zu einem ausgewählten Gegner und verkettet sich auf weitere Gegner, jedoch nicht unmittelbar zurück. Jedes Mal, wenn sich der Bogen verkettet, verkettet sich ein sekundärer Bogen auf einen weiteren Gegner, den der Hauptbogen noch nicht getroffen hat, doch dieser Bogen kann sich nicht weiter verketten.","対象となる敵に向かって雷が弧を描いて伸び、近くの敵にも連鎖するが、すぐに戻ってくることはない。アークが連鎖するたびに、メインのアークがまだ攻撃していない別の敵に対して、それ以上連鎖することのない副次的なアークが連鎖する。","시전자로부터 대상 적에게 원호 형태의 번개 줄기가 뻗어 나가 다른 적들에게 연쇄되지만, 직전에 연쇄한 적에게 바로 돌아가지는 않습니다. 연쇄될 때마다 본래의 번개 줄기가 명중하지 않은 다른 적 1명에게 2차 번개 줄기가 연쇄로 뻗어 나가며, 2차 줄기는 다시 연쇄되지 않습니다.","Um arco elétrico sai do conjurador em direção a um inimigo selecionado e se propaga para outros inimigos, mas não retorna imediatamente. Toda vez que o arco se propaga, também propaga um arco secundário para outro inimigo que o arco principal ainda não tiver atingido, sem gerar outras propagações.","Выпускает в указанного врага молнию, которая поражает по цепи других врагов, но не может сразу вернуться к противнику, получившему удар предыдущим. Каждый удар по цепи будет одновременно выпускать молнию во второго врага, которого главная цепь ещё не поразила, но второстепенные молнии не могут разветвляться дальше.","Un arco de rayo se extiende desde el personaje al enemigo objetivo y se encadena a otros enemigos, pero no vuelve inmediatamente. Cada vez que el arco se encadene, también se encadenará con un arco secundario a otro enemigo que el arco principal no haya impactado ya, pero este arco secundario ya no se puede encadenar más.","Arc\r\nส่งสายฟ้าฟาดจากผู้ร่ายไปยังศัตรูที่เป็นเป้าหมายและชิ่งไปยังศัตรูตัวอื่นๆ ที่อยู่ใกล้แต่จะไม่ชิ่งกลับมาโดยทันที ทุกครั้งที่สายฟ้าหลักชิ่ง มันจะส่งสายฟ้ารองชิ่งไปยังศัตรูตัวอื่นที่สายฟ้าหลักยังไม่ได้ปะทะ ซึ่งไม่สามารถชิ่งต่อไปได้อีก","一道閃電之弧從施放者射向目標敵人，再連鎖至其他敵人，但不會立即返回。每當電弧連鎖，也會使第二道電弧連鎖至主要電弧尚未擊中的另一個敵人，但第二道電弧不會進一步連鎖。",12,100,"",59005,""
8,1047,2,"[232,233,234,37,38,39,71,72,73,93,94,95,147,148,149,150,159,243]",1048,"Greater Shock Nova","Nova d'électricité majeure","Größere Schocknova","グレーターショックノヴァ","상위 충격 폭발","Nova Elétrica Maior","Большое кольцо молний","Nova de rayo","สายฟ้ากระจายชั้นสูง","高階閃電新星","Repeatedly casts rings of Lightning, followed by larger Lightning novas. Each effect deals lightning damage to enemies caught in the area. Damage from this skill is highly likely to shock.","Lance des anneaux de foudre à plusieurs reprises, suivis de novas de foudre plus grandes. Chaque effet inflige des dégâts de foudre aux ennemis situés dans sa zone d'effet. Les dégâts infligés par cette aptitude ont de fortes chances d'électrocuter.","Zaubert wiederholt schockende Ringe aus Blitzen, gefolgt von größeren Blitznovas. Jeder Effekt verursacht bei Gegnern, die sich im Bereich aufhalten, Blitzschaden. Schaden von dieser Fertigkeit hat eine hohe Chance auf Schocken.","稲妻のリングと、それに続くより大きな稲妻の新星を繰り返し放つ。それぞれの効果は範囲内の敵に雷ダメージを与える。このスキルによるダメージは高い確率で感電を付与する。","주위에 번개의 고리를 반복적으로 시전하고 잇따라 커다란 번개 폭발을 일으킵니다. 각각의 효과는 범위 내의 적들에게 번개 피해를 줍니다. 이 스킬로 주는 피해는 높은 확률로 감전을 유발합니다.","Conjura repetidamente círculos de eletricidade, seguidos por novas de eletricidade mais amplas. Cada efeito causa dano de raio em inimigos pegos na área. O dano desta habilidade tem grande probabilidade de causar choque.","Непрерывно создаёт кольца молний, за которыми следуют более крупные кольца. Каждый эффект наносит урон от молнии врагам в области. Урон от этого умения с высоким шансом накладывает шок.","Lanza círculos de rayo repetidamente, seguidos de una novas de rayo más grandes. Cada efecto inflige daño de rayo a los enemigos atrapados en el área. Es muy probable que el daño de esta habilidad electrocute.","Greater Shock Nova\r\nร่ายวงแหวนสายฟ้าซ้ำแล้วซ้ำเล่า ตามด้วยวงแหวน สายฟ้า วงใหญ่กว่า แต่ละผลจะสร้างความเสียหาย สายฟ้า ต่อศัตรูที่อยู่ในพื้นที่ ความเสียหายจากสกิลนี้มีโอกาสสร้างสถานะ ช็อค ที่สูงพอสมควร","重複施放閃電之環，接著產生更大的閃電新星。每一效果對其中的敵人造成閃電傷害。來自此技能的傷害有高機率感電。",28,100,1,50290,""
9,1249,0,"[232,233,234,37,38,39,52,53,54]","","Lightning Warp","Téléportation foudroyante","Blitzteleportation","ライトニングワープ","번개 차원 이동","Teletransporte Relampejante","Грозовой переход","Teletransporte de rayo","วาร์ปสายฟ้า","閃電傳送","Waits for a duration before teleporting to a targeted destination, with the duration based on distance and movement speed. When the teleport occurs, lightning damage is dealt both around the area of arrival and departure.","Une téléportation différée jusqu'à une destination ciblée. Lorsque la téléportation a lieu, des dégâts de foudre sont infligés autour du joueur au départ et à l'arrivée.","Nach einer Dauer wird zu einem Zielort teleportiert, wobei sich die Transportdauer nach der zurückgelegten Entfernung und der Bewegungsgeschwindigkeit richtet. Wenn die Teleportation stattfindet, wird im Bereich am Herkunfts- sowie Zielort Blitzschaden verursacht.","しばらく待機してから、対象地点までテレポートする。その待機時間は距離と移動スピードによって決まる。テレポートが起きる際、テレポートの到達点と出発点の両方のエリアの周囲に、雷ダメージを与える。","지속시간 동안 대기 후 대상 지점으로 순간이동합니다. 지속시간은 거리와 이동 속도에 비례합니다. 순간이동 시 출발 지점과 도착 지점 주변 적들에게 번개 피해를 줍니다.","Após um tempo, que depende da distância e da velocidade de movimento, teletransporta-se para a área selecionada. Quando isso acontece, causa dano de raio ao redor das áreas de partida e de chegada.","С небольшой задержкой, зависящей от расстояния до точки и скорости передвижения, переносит в указанное место. При переходе по области вокруг точек отправления и назначения бьёт молния.","Te teletransporta a una ubicación objetivo después de una duración, que se basa en la distancia y tu velocidad de movimiento. Cuando se produce el teletransporte, inflige daño de rayo alrededor de las áreas de inicio y de destino.","Lightning Warp\r\nรอเป็นระยะเวลาหนึ่ง ก่อนที่จะเทเลพอร์ตไปยังจุดหมายที่เลือก โดยระยะเวลานั้นขึ้นอยู่กับระยะทางและความเร็วในการเคลื่อนที่ เมื่อเกิดการเทเลพอร์ตจะสร้างความเสียหาย สายฟ้า ให้กับศัตรูในพื้นที่รอบๆ ตำแหน่งต้นทางและปลายทาง","等待一段時間，接著傳送至目標位置。等待時間長短取決於距離和移動速度。傳送發生時，會對傳送起點和終點的周圍造成閃電傷害。",10,100,0,28757,""
10,5351,0,"[11,232,233,234,52,53,54]","","Frost Bomb","Bombe de givre","Frostbombe","フロストボム","서리 폭탄","Bomba Congelante","Морозная бомба","Bomba de escarcha","ระเบิดน้ำแข็ง","寒霜爆","Creates a crystal that pulses with cold for a duration. Each pulse applies a debuff to nearby enemies for a secondary duration which reduces life regeneration rate, and also inflicts Cold Exposure. When the crystal's duration ends, it explodes, dealing heavy cold damage to enemies around it.","Crée un cristal qui inflige des dégâts de froid à chacune de ses pulsations pendant une certaine durée. Ces pulsations appliquent également un effet néfaste aux ennemis pendant une durée secondaire. Cet effet néfaste réduit leur régénération de vie et de bouclier d'énergie, en plus d'appliquer Exposition au froid. Une fois que la durée du cristal se termine, il explose et inflige de lourds dégâts de froid aux ennemis à proximité.","Erzeugt einen Kristall, der für eine Dauer mit Kälte pulsiert. Jeder Impuls wendet bei Gegnern im Umkreis für eine sekundäre Dauer eine Schwächung an, die die Lebensregenerations-Rate verringert und Kälte-Anfälligkeit verursacht. Nach Ablauf der Dauer explodiert der Kristall und fügt Gegnern im Umkreis schweren Kälteschaden zu.","持続時間中冷気のパルスを放つクリスタルを作成する。それぞれのパルスは近くの敵に副次的持続時間の間ライフ自動回復速度を減少させるデバフを付与し、さらに曝露(冷気)も付与する。クリスタルの持続時間が終わると、クリスタルは爆発し、周囲の敵に大きな冷気ダメージを与える。","일정 시간 동안 냉기로 파동치는 수정을 생성합니다. 파동이 칠 때마다 주변의 적들에게 2차 지속시간 동안 디버프를 줍니다. 디버프는 생명력 재생 속도를 낮추고 냉기 노출을 유발합니다. 수정의 지속시간이 종료되면, 폭발하여 주변의 적들에게 큰 냉기 피해를 줍니다.","Cria um cristal que pulsa de frio por um período. Cada pulso aplica uma penalidade aos inimigos próximos por um período secundário, reduzindo sua taxa de regeneração de vida e aplicando exposição ao frio. Quando a duração do cristal termina, ele explode, causando dano considerável de frio aos inimigos ao redor.","На некоторое время создаёт пульсирующий холодом кристалл. Каждый импульс на вторичный промежуток времени накладывает отрицательный эффект на ближайших врагов, который снижает их скорость регенерации здоровья, а также накладывает восприимчивость к холоду. По окончании действия кристалл взрывается, нанося мощный урон от холода всем врагам вокруг.","Crea un cristal que emite pulsos de hielo durante un tiempo. Cada pulso aplica un efecto nocivo a los enemigos cercanos durante un período de tiempo secundario que reduce su velocidad de regeneración de vida y también aplica exposición al hielo. Cuando finaliza la duración del cristal, este explota e inflige un gran daño de hielo a los enemigos que están a su alrededor.","Frost Bomb\r\nสร้างผลึกน้ำแข็งที่จะกระจายคลื่นออกมาเป็นระยะเวลาหนึ่ง แต่ละคลื่นจะสร้างดีบัฟต่อศัตรูที่อยู่ใกล้เป็นระยะเวลารองที่จะลดความเร็วในการ ฟื้นฟูพลังชีวิต ทั้งยังสร้างสถานะ พ่ายแก่น้ำแข็ง อีกด้วย ผลึกน้ำแข็งจะระเบิดเมื่อหมดเวลา สร้างความเสียหาย น้ำแข็ง อย่างรุนแรงต่อศัตรูรอบผลึกน้ำแข็ง","產生一塊在持續時間內發出冰冷脈衝的水晶。每道脈衝會對附近敵人施加具有第二段持續時間、減少其生命回復率，並造成冰冷曝曬的減益效果。水晶會在持續時間結束時爆炸，對其周圍的敵人造成高額冰冷傷害。",4,100,"",10557,""
11,5787,2,"[0,1,37,38,39,68,69,70,99,100,101,142,154,155,156]",5788,"Frostbolt","Globe de givre","Frostkugel","フロストボルト","서리 구체","Seta Gélida","Морозный шар","Descarga de escarcha","บอลเยือกแข็ง","寒冰彈","Fires a slow-moving projectile that pierces through enemies, dealing cold damage.","Un projectile sphérique infligeant des dégâts de froid qui se déplace lentement tout en transperçant les ennemis.","Feuert ein langsames Projektil ab, das Gegner durchbohrt und Kälteschaden verursacht.","敵を貫通するゆっくりと動く投射物を放ち、冷気ダメージを与える。","천천히 움직이는 투사체를 시전하여 적들을 관통하고 냉기 피해를 줍니다.","Dispara um projétil lento que atravessa inimigos, causando dano de frio.","Выпускает медленно движущийся снаряд, проходящий сквозь врагов и наносящий урон от холода.","Dispara un proyectil de movimiento lento que perfora a los enemigos e inflige daño de hielo.","Frostbolt\r\nยิงโพรเจกไทล์ที่เคลื่อนที่อย่างเชื่องช้าซึ่งเจาะทะลุศัตรู สร้างความเสียหาย น้ำแข็ง","發射移動緩慢、穿透敵人的投射物，造成冰冷傷害。",1,100,"",33663,""
12,5816,2,"[37,38,39,232,233,234,49,50,51,80,81,82,55,56,57,59,60,61]",5817,"Vortex","Vortex","Vortex","ヴォーテックス","소용돌이","Vórtice","Пурга","Vórtice","น้ำวน","漩渦","An icy blast explodes around the caster, dealing cold damage to enemies, and leaving behind a whirling vortex which deals cold damage over time and chills enemies caught in it.","Une explosion de glace autour de vous qui inflige des dégâts de froid aux ennemis et laisse un vortex tourbillonnant derrière elle. Le vortex inflige des dégâts de froid sur la durée et frigorifie les ennemis qui s'y trouvent.","Um den Wirkenden wird eine eisige Explosion gezündet, die bei Gegnern Kälteschaden verursacht und einen wirbelnden Vortex hinterlässt, der Kälteschaden über Zeit verursacht und Gegner unterkühlt, die sich darin aufhalten.","使用者の周りに氷の爆発が起こり、敵に冷気ダメージを与え、渦を残す。その渦は敵に冷気の継続ダメージを与え、敵を冷却状態にする。","시전자 주위에 얼음 폭발을 일으켜 냉기 피해를 줍니다. 또한 소용돌이를 남겨 지속 냉기 피해를 주고 적들을 냉각시킵니다.","Uma explosão gelada acontece ao redor do conjurador, causando dano de frio aos inimigos e criando um vórtice que causa dano de frio degenerativo e esfria os alvos atingidos por ele.","Создаёт вокруг сотворившего умение ледяной взрыв, наносящий урон от холода врагам. В области действия порывы ледяного ветра наносят врагам постепенный урон от холода и охлаждают их.","Una explosión de hielo estalla alrededor del personaje e inflige daño de hielo a los enemigos. También deja un vórtice giratorio detrás de sí que inflige daño de hielo degenerativo y escarcha a los enemigos a los que atrapa.","Vortex\r\nระเบิดน้ำแข็งรอบผู้ร่าย สร้างความเสียหาย น้ำแข็ง ให้กับศัตรู และทิ้งวงน้ำวนไว้เพื่อสร้างความเสียหาย น้ำแข็ง ต่อเนื่อง และสร้างสถานะ หนาวเย็น ต่อศัตรูที่อยู่ในพื้นที่","施放者周圍發生寒冰爆破，對敵人造成冰冷傷害，並留下一道漩渦，對其中的敵人造成冰冷持續傷害和冰緩。",28,100,1,31928,""
13,64,2,"[37,38,39,99,100,101,80,81,82,68,69,70,102,148,149,150,168,169,170,83,84,85,244]",65,"Ice Nova","Nova de glace","Eisnova","アイスノヴァ","얼음 폭발","Nova Glacial","Кольцо льда","Nova de hielo","น้ำแข็งกระจาย","冰霜新星","A circle of ice expands from the caster.","Un cercle frigorifiant de glace s'étend autour du lanceur.","Ein unterkühlender Kreis aus Eis breitet sich vom Wirkenden aus.","凍える氷の輪が使用者の周囲に放たれる。","시전자를 중심으로 얼음이 원형으로 퍼져나갑니다.","Um círculo de gelo se expande ao redor do conjurador.","Создаёт расходящееся от того, кто сотворил умение, кольцо льда.","Un círculo de hielo se expande desde el personaje.","Ice Nova\r\nวงน้ำแข็งแผ่ขยายออกมาจากผู้ร่าย","從施放者擴散出一道冰冷之環。",12,100,"",61497,""
14,66,2,"[37,38,39,99,100,101,80,81,82,68,69,70,102,148,149,150,168,169,170]",67,"Ice Nova of Projection","Nova de glace de la Projection","Eisnova der Projektion","投影のアイスノヴァ","투영의 얼음 폭발","Nova Glacial de Projeção","Кольцо льда проекции","Nova de hielo de proyección","น้ำแข็งกระจายแห่งการถ่ายทอด","投射之冰霜新星","A circle of ice expands from the target.","Un cercle frigorifiant de glace s'étend autour de la cible.","Ein unterkühlender Kreis aus Eis breitet sich vom Ziel aus.","凍える氷の輪が対象の周囲に放たれる。","대상을 중심으로 얼음이 원형으로 퍼져나갑니다.","Um círculo de gelo se expande do alvo.","Создаёт расходящееся от цели кольцо льда.","Un círculo de hielo se expande desde el objetivo.","Ice Nova of Projection\r\nวงน้ำแข็งแผ่ขยายออกมาจากเป้าหมาย","從目標擴散出一道冰冷之環。",12,100,"",61471,""
15,11463,1,"[37,38,39,232,233,234,49,50,51,168,169,170]",11464,"Flame Wall","Mur de flammes","Feuermauer","フレイムウォール","화염 벽","Parede de Fogo","Стена пламени","Muro de fuego","กำแพงไฟ","烈焰之牆","Creates a wall of fire for a duration, which deals burning damage to everything in its area. Each enemy that enters the wall also receives a secondary burning debuff which persists for a short duration after leaving the wall. Non-enemy projectiles fired through the wall deal added fire damage and apply the wall's secondary debuff on hit.","Dresse un mur de feu pendant une certaine durée. Ces flammes infligent des Dégâts de Brûlure aux ennemis qui le franchissent, et leur applique également un effet néfaste secondaire qui les Brûle pendant un court instant après qu'ils aient quitté le Mur de flammes. Tous les projectiles alliés tirés à travers le Mur de flammes bénéficient de Dégâts de feu supplémentaires et appliquent également l'effet néfaste secondaire.","Erzeugt für eine Dauer eine Feuermauer, die in ihrem gesamten Bereich Brandschaden verursacht. Jeder Gegner, der durch die Mauer tritt, erhält eine sekundäre Brandschwächung, die nach dem Verlassen der Mauer für eine kurze Dauer anhält. Nicht gegnerische Projektile, die durch die Feuermauer abgefeuert werden, verursachen zusätzlichen Feuerschaden und wenden bei Treffer die sekundäre Schwächung der Mauer an.","一定時間持続する炎の壁を生成し、範囲内の全ての敵に燃焼ダメージを与える。壁の範囲内に入った全ての敵は壁から離れても短い間持続する燃焼ダメージを与える副次的デバフを受ける。敵以外が放ち壁を通った投射物は追加の火ダメージを与え、ヒット時にフレイムウォールの副次的デバフを与えるようになる。","일정 시간 동안 불꽃으로 벽을 생성하여 사정거리 내에 있는 모든 것에 화염 피해를 줍니다. 벽에 들어가는 적은 벽을 떠난 후 짧은 시간 동안 지속되는 2차 화상 디버프를 받습니다. 적의 것이 아닌 투사체가 이 벽을 통과하여 발사되면 투사체에 화염 피해가 추가되고, 명중 시 벽과 동일한 2차 화상 디버프를 줍니다.","Cria uma parede de fogo temporária que causa dano por queimadura a tudo na área afetada. Inimigos que entram na área sofrem uma penalidade secundária de queimadura, que persiste por um período mesmo após saírem dela. Projéteis aliados que atravessam a parede causam dano de fogo adicional e aplicam a mesma penalidade secundária ao atingir.","Создаёт временную стену огня, которая наносит урон от горения всему вокруг. Каждый коснувшийся стены враг также получает второстепенный отрицательный эффект горения, сохраняющийся короткое время после того, как противник отойдёт от стены. Снаряды, пущенные не противниками и пролетевшие сквозь стену, наносят дополнительный урон от огня и накладывает второстепенный отрицательный эффект горения при попадании.","Crea un muro de fuego que dura un cierto tiempo y que inflige daño de incendio a todo lo que se encuentra en su área. Los enemigos que entran en el muro también reciben un efecto nocivo de incendio secundario que persiste durante un breve periodo de tiempo después de que salgan del muro. Cualquier proyectil que se dispare a través del muro inflige daño de fuego agregado y aplica el efecto nocivo secundario del muro al impactar.","Flame Wall\r\nสร้างกำแพงไฟขึ้นมาเป็นระยะเวลาหนึ่ง ซึ่งจะสร้างความเสียหาย ติดไฟ ให้กับศัตรูที่อยู่ในพื้นที่ ศัตรูที่เข้ามาในบริเวณของกำแพงจะติดดีบัฟรอง ติดไฟ ซึ่งมีระยะเวลาสั้นๆ หลังจากที่ออกจากกำแพง โพรเจกไทล์ของผู้ที่ไม่ใช่ศัตรูที่ยิงผ่านกำแพงนี้จะมีการเสริมความเสียหาย ไฟ และจะสร้างดีบัฟรองของกำแพงต่อศัตรูที่ถูกปะทะอีกด้วย","產生一道火焰之牆，對其中所有事物造成燃燒傷害。進入牆中的敵人也會受到第二種燃燒減益效果，在離開牆後持續一小段時間。穿越牆面的非敵人投射物會造成附加火焰傷害，並在擊中時造成牆面的第二種減益效果。",4,100,1,57450,""
16,1017,0,"[11,232,233,234,49,50,51,159]","","Frost Wall","Mur de glace","Frostmauer","フロストウォール","서리 방벽","Parede de Gelo","Стена льда","Muro de hielo","กำแพงน้ำแข็ง","冰霜之牆","Creates a wall of ice which holds back enemies. Targets under the wall are damaged and pushed back.","Un sort qui crée un mur de glace qui retient les ennemis. Les cibles sous le mur lors de sa formation sont endommagées et projetées en arrière.","Erschafft eine Mauer aus Eis, um Gegner zurückzuhalten. Ziele unter der Mauer nehmen Schaden und werden zurückgestoßen.","敵を食い止める氷の壁を生成する。壁が生成された際に上の敵はダメージを受け、後ろに押し出される。","얼음의 벽을 생성하여 적을 저지합니다. 방벽이 생성되는 위치에 있던 적들은 피해를 받고 뒤로 밀려납니다.","Cria uma parede de gelo que bloqueia inimigos. Alvos atingidos pela parede sofrem dano e são empurrados.","Создаёт ледяную стену, которая сдерживает врагов. Цели у стены получают урон и отбрасываются.","Crea un muro de hielo que detiene a los enemigos. Los objetivos que están debajo del muro reciben daño y son empujados hacia atrás.","Frost Wall\r\nสร้างกำแพงน้ำแข็งซึ่งกั้นศัตรูเอาไว้ เป้าหมายภายใต้กำแพงจะได้รับความเสียหายและถูกดันออกไป","聚集空氣中的水分，製造一堵能阻擋敵人行動的冰牆。在冰牆成形位置的敵人將會受到傷害並且被擊退。",4,100,1,50009,""
17,5037,2,"[11,12,232,233,234,49,51,50,68,69,70,148,149,150,80,81,82,59,60,61,83,84,85]","","Icestorm","Tempête de glace","Eissturm","アイスストーム","얼음태풍","Tempestade de Gelo","Ледяной шторм","Tormenta de hielo","พายุน้ำแข็ง","冰風暴","Icy bolts rain down over the targeted area. They explode when landing, dealing damage to nearby enemies and chilling them, as well as causing patches of chilled ground.","Des cristaux de glace s'abattent sur la zone ciblée. Ils explosent en touchant le sol, infligeant des dégâts aux ennemis à proximité tout en les frigorifiant. Frigorifie également le sol à l'impact.","Eisblitze jagen über das Zielgebiet dahin. Wenn sie landen, explodieren sie, verursachen bei Gegnern im Umkreis Schaden, unterkühlen sie und den Boden an dieser Stelle.","氷の矢が対象の範囲に降り注ぐ。地面に達すると爆発し、近くにいる敵にダメージを与え、冷却する。同時に冷却領域を生成する。","목표 지역에 얼음 화살이 쏟아져 내립니다. 땅에 떨어진 화살은 주변의 적들에게 피해를 주고 냉각시키는 동시에 땅을 냉기로 뒤덮습니다.","Raios gelados caem na área selecionada. Ao tocarem no chão, explodem, causando dano aos inimigos próximos e esfriando-os, bem como criando trechos de chão gelado.","Вызывает град из ледяных осколков. Осколки взрываются при падении, нанося врагам урон и охлаждая их, и оставляя участки замёрзшей земли.","Una lluvia de bolas de hielo cae sobre el área objetivo. Las bolas de hielo explotan al impactar para infligir daño a los enemigos cercanos, escarcharlos y crear zonas de suelo escarchado.","Icestorm\r\nฝนน้ำแข็งตกทั่วพื้นที่เป้าหมาย ลูกไฟจะระเบิดเมื่อตกถึงพื้น สร้างความเสียหายให้กับศัตรูที่อยู่ใกล้และสร้างสถานะ หนาวเย็น ต่อมันพร้อมทั้งสร้าง พื้นหนาวเย็น อีกด้วย","冰箭如雨般灑落在目標區域。落地時將會爆炸，對周圍敵人造成傷害並冰緩它們，並造成冰緩地面。",28,100,1,28637,"Art/2DArt/SkillIcons/HouseBardiyaSkill.dds"
18,2405,0,"[11,232,233,234,49,50,51,58]","","Flammability","Inflammabilité","Entflammbarkeit","フラマビリティ","인화성","Inflamabilidade","Горючесть","Inflamabilidad","ไวไฟ","易燃","Curses all targets in an area, lowering their fire resistance and giving them a chance to be ignited when hit.","Maudit tous les ennemis dans la zone ciblée. Cette Malédiction réduit la Résistance au feu de ces ennemis et leur donne des Chances d'être Embrasés lorsqu'ils sont touchés.","Verflucht alle Ziele in einem Bereich, was ihren Feuerwiderstand verringert und eine Chance gewährt, dass diese bei Treffer entzündet werden.","範囲内の敵を呪い、敵の火耐性を下げ、ヒット時に発火する確率を上げる。","범위 내 모든 대상에게 저주를 걸어 화염 저항을 낮춥니다. 저주 상태에서 피격되는 적은 일정 확률로 점화됩니다.","Amaldiçoa os alvos em uma área, reduzindo sua resistência a dano de fogo e possibilitando que sejam incendiados ao serem atingidos.","Проклинает всех врагов в области, cнижая их сопротивление огню и повышая шанс поджечь их при ударе.","Maldice a todos los objetivos en un área para disminuir su resistencia al fuego y otorgarles una probabilidad de que se quemen cuando reciben un impacto.","Flammability\r\nสาปทุกเป้าหมายในพื้นที่ ทำให้พวกมันมีค่าต้านทาน ไฟ น้อยลง และทำให้พวกมันมีโอกาสติดสถานะ ลุกไหม้ เมื่อถูกปะทะ","詛咒區域內所有目標，降低他們的火焰抗性，並使他們在遭擊中時有一定機率受到點燃。",24,100,"",40521,""
19,2420,0,"[11,232,233,234,49,50,51,58]","","Frostbite","Frilosité","Schneidende Kälte","フロストバイト","동상","Enregelamento","Обморожение","Congelación","น้ำแข็งกัด","凍傷","Curses all targets in an area, lowering their cold resistance and giving them a chance to be frozen when hit.","Maudit tous les ennemis dans la zone ciblée. Cette Malédiction réduit la Résistance au froid de ces ennemis et leur donne des Chances d'être Gelés lorsqu'ils sont touchés.","Verflucht alle Ziele in einem Bereich, was ihren Kältewiderstand verringert und eine Chance gewährt, dass diese bei Treffer eingefroren werden.","範囲内の敵を呪い、敵の冷気耐性を下げ、ヒット時に凍結する確率を上げる。","범위 내 모든 대상에게 저주를 걸어 냉기 저항을 낮춥니다. 저주 상태에서 피격되는 적은 일정 확률로 동결됩니다.","Amaldiçoa os alvos em uma área, reduzindo sua resistência ao frio e tornando-os suscetíveis ao congelamento quando atingidos.","Проклинает всех врагов в области, cнижая их сопротивление холоду и повышая шанс заморозить их при ударе.","Maldice a todos los objetivos en un área para disminuir su resistencia al hielo y otorgarles una probabilidad de que se congelen cuando reciben un impacto.","Frostbite\r\nสาปทุกเป้าหมายในพื้นที่ ทำให้พวกมันมีค่าต้านทาน น้ำแข็ง น้อยลง และทำให้พวกมันมีโอกาสติดสถานะ แช่แข็ง เมื่อถูกปะทะ","詛咒區域內所有目標，降低他們的冰冷抗性，並使他們在遭擊中時有一定機率受到冰凍。",24,100,"",6479,""
20,12083,2,"[0,1,37,38,39,99,100,101,148,149,150,102,154,155,156,83,84,85]","","Eye of Winter","Œil de l'hiver","Auge des Winters","アイオブウィンター","겨울의 눈","Olho Invernal","Око зимы","Ojo del invierno","ดวงตาเหมันต์","凜冬之眼","Fires a single eye projectile which constantly releases shard projectiles in a spiral. The shards will damage enemies they impact, dealing cold damage. The eye cannot damage enemies. When the eye dissipates or collides with terrain, it releases a faster spiral of extra shards.","Projette un œil du cyclone hivernal qui libère constamment des projectiles d'éclats de glace en spirale. Les éclats infligent des dégâts de froid aux ennemis qu'ils heurtent, tandis que l'œil lui-même ne fait pas de dégâts. Quand l'œil se dissipe ou qu'il entre en collision avec l'environnement, il génère une spirale rapide qui envoie des éclats supplémentaires.","Feuert ein einziges Augen-Projektil, das regelmäßig Splitterprojektile in Form einer Spirale entfesselt. Die Splitter verursachen bei getroffenen Gegnern Kälteschaden. Das Auge selbst kann bei Gegnern keinen Schaden verursachen. Wenn das Auge verschwindet oder mit Gelände kollidiert, entfesselt es eine schnellere Spirale mit zusätzlichen Splittern.","複数の破片を螺旋状に何度も投射する目の投射物を放つ。破片は敵に当たると冷気ダメージを与えるが、目は敵にダメージを与えられない。目が地形に衝突または消滅する際に、追加の破片を素早く螺旋状に放つ。","눈 모양 투사체를 발사합니다. 이 투사체는 파편을 나선형으로 지속하여 방출합니다. 파편은 적에게 닿으면 냉기 피해를 줍니다. 눈 투사체 자체가 적에게 피해를 주는 것은 아닙니다. 눈 투사체는 소멸할 때 또는 지형에 부딪히는 경우, 더 빠르게 추가 파편을 나선형으로 방출합니다.","Dispara um projétil em forma de olho que lança fragmentos de projétil em espiral constantemente. O olho em si não causa dano, mas os fragmentos causam dano de frio aos inimigos atingidos. Ao desaparecer ou colidir com o terreno, o olho lança uma espiral mais rápida de fragmentos adicionais.","Выпускает один снаряд в виде ока, который непрерывно выстреливает осколками по спирали. Осколки наносят урон от холода врагам, в которых попадут. Око не может нанести врагам урон. Когда око рассеивается или сталкивается с окружением, оно выпускает более быструю спираль дополнительных осколков.","Dispara un único proyectil de ojo que lanza constantemente proyectiles de esquirlas en espiral. Las esquirlas dañan a los enemigos que golpean y les infligen daño de hielo. El ojo no puede dañar a los enemigos. Cuando el ojo se disipa o choca con el terreno, lanza una espiral más rápida con esquirlas adicionales.","Eye of Winter\r\nยิงโพรเจกไทล์ดวงตาลูกเดียวที่จะยิงโพรเจกไทล์สะเก็ดออกมาเป็นเกลียว โพรเจกไทล์สะเก็ดสร้างความเสียหาย น้ำแข็ง ต่อศัตรูที่ปะทะ แต่ดวงตาไม่สามารถสร้างความเสียหายได้ เมื่อดวงตาสลายหายไปหรือกระทบกับพื้นผิว มันจะปล่อยเกลียวโพรเจกไทล์สะเก็ดเพิ่มเติมชุดหนึ่งที่เร็วกว่าเดิม","發射單一眼睛投射物，不斷以螺旋式發射碎片投射物。碎片會對它們撞擊的敵人造成傷害，造成冰冷傷害。眼睛不能傷害敵人。當眼睛消逝或與地形碰撞時，它會釋放更快速螺旋的額外碎片。",28,100,"",57063,""
21,10655,0,"[65,66,67,232,233,234,99,100,101]","","Frostblink","Transfert givrant","Frostspurt","フロストブリンク","서리점멸","Teletransporte Gélido","Ледяной скачок","Destello de escarcha","ก้าวน้ำแข็งพริบตา","霜漣之瞬","Teleport to a location, damaging enemies and leaving Chilled ground in an area at both ends of the teleport.","Un sort permettant d'endommager les ennemis situés autour de vous et de répandre du Sol frigorifiant avant de vous téléporter jusqu'à l'emplacement ciblé.","Teleportiert an einen Ort, fügt Gegnern Schaden zu und hinterlässt sowohl um den Start- als auch den Zielort eine Fläche aus unterkühlendem Boden.","指定位置にテレポートを行う。テレポート開始地点と到着地点の両方の敵にダメージを与え冷却領域を残す。","대상 지점으로 순간이동하며 적들에게 피해를 주고, 시전자가 출발한 지역과 도착한 지역 주위에 얼음 지대를 생성합니다.","Teletransporta-se para um local, causando dano aos inimigos e deixando o chão congelado na área de partida e de chegada.","Переносит в указанную область, нанося урон врагам и оставляя участки замёрзшей земли в начальной и конечной точках перемещения.","Te teletransportas a una ubicación para infligir daño a los enemigos y deja suelo escarchado tanto en el área de inicio como en el área de destino del teletransporte.","Frostblink\r\nเทเลพอร์ตไปยังตำแหน่ง สร้างความเสียหายต่อศัตรูและทิ้ง พื้นหนาวเย็น ในพื้นที่ต้นทางและปลายทางของการเทเลพอร์ต","傳送至一個位置，對傳送終點的敵人造成傷害並留下冰緩地面。",4,100,0,40470,""
22,4970,0,"[65,66,67,37,38,39,49,50,51]","","Flame Dash","Irruption enflammée","Flammenspurt","フレイムダッシュ","화염 질주","Impulso Ardente","Огненный рывок","Embestida de llamas","พุ่งไฟ","烈焰衝刺","Teleport to a location, damaging enemies and leaving a trail of burning ground.","Une téléportation vers un emplacement qui endommage les ennemis et laisse une traînée de sol brûlant.","Teleportiert an einen Ort, fügt Gegnern Schaden zu und hinterlässt eine Spur aus brennendem Boden.","指定位置にテレポートして敵にダメージを与え、通り道上の燃焼領域を残す。","한 지점으로 순간이동하며 적들에게 피해를 주고, 이동 경로를 따라 용암 지대를 형성합니다.","Teletransporta-se para um local, causando dano aos inimigos e deixando uma trilha de chão ardente.","Переносит в указанную область, оставляя след из горящей земли и нанося урон врагам.","Te teletransportas a una ubicación para dañar a los enemigos y dejar un rastro de suelo incendiado.","Flame Dash\r\nเทเลพอร์ตไปยังพื้นที่เป้าหมาย สร้างความเสียหายต่อศัตรูและทิ้ง พื้นลุกไหม้ เป็นทาง","傳送至一個位置，對敵人造成傷害，並留下燃燒地面。",10,100,0,56180,""
23,4969,2,"[65,66,67,37,38,39,49,50,51,55,56,57,159,168,169,170,199]","","Greater Flame Dash","Irruption enflammée majeure","Größerer Flammenspurt","グレーターフレイムダッシュ","상위 화염 질주","Impulso Ardente Maior","Великий огненный рывок","Embestida de llamas superior","พุ่งไฟชั้นสูง","高階烈焰衝刺","Repeatedly teleport to many locations, damaging enemies and leaving trails of dangerous burning ground.","Téléporte à plusieurs reprises vers divers emplacements, endommageant les ennemis et laissant des traînées de sol brûlant dangereux.","Teleportiert wiederholt an einen Ort, fügt Gegnern Schaden zu und hinterlässt Spuren aus gefährlichem brennenden Boden.","複数位置に何度もテレポートして敵にダメージを与え、通り道上の危険な燃焼領域を残す。","여러 지점으로 반복적으로 순간이동하여 적들에게 피해를 주고, 이동 경로를 따라 위험한 용암 지대를 형성합니다.","Teletransporta-se repetidamente para vários lugares, causando dano aos inimigos e deixando rastros perigosos de chão incendiado.","Несколько раз подряд переносит с места на место, оставляя след из горящей земли и нанося урон врагам.","Te teletransportas repetidamente a varias ubicaciones para infligir daño a los enemigos y dejar un rastro de suelo incendiado peligroso.","Greater Flame Dash\r\nเทเลพอร์ตไปยังพื้นที่เป้าหมายหลายแห่งอย่างต่อเนื่อง สร้างความเสียหายต่อศัตรูและทิ้ง พื้นลุกไหม้ที่อันตราย เป็นทาง","重複傳送至多個位置，對敵人造成傷害並留下危險的燃燒地面軌跡。",28,100,1,24099,""
24,3104,2,"[232,233,234,77,78,79,37,38,39,103,104,105,96,97,98,139,140,141,162,199]",3105,"Flameblast","Conflagration","Flammenexplosion","フレイムブラスト","화염파","Explosão Flamejante","Пламенный взрыв","Explosión de llamas","ระเบิดเพลิง","烈焰爆破","Channels to build up a large fiery explosion. The longer it is channelled, the larger the area of effect and damage of the explosion.","Canalise une conflagration qui gagne en puissance à mesure qu'elle est chargée. Les dégâts et la zone d'effet de la conflagration augmentent en fonction de la durée de la canalisation.","Durch Kanalisieren wird eine riesige feurige Explosion aufgeladen. Je länger sie kanalisiert wird, desto größer werden der Wirkungsbereich und der Schaden der Explosion.","チャネリングにより大きな火の爆発を作り出す。長くチャネリングすることで爆発の範囲とダメージは増加する。","집중을 유지하여 커다란 화염 폭발지역을 만들어 냅니다. 집중 유지를 오래 지속할수록 폭발의 효과 범위와 피해가 증가합니다.","Canaliza para preparar uma grande explosão ardente. Quanto mais tempo a canalização for mantida, maior será a área de efeito e o dano da explosão.","Поддерживает умение для создания большого огненного взрыва. Чем дольше идёт поддержание, тем шире будет эффект и тем больше урона нанесёт взрыв.","Canaliza para formar una gran explosión ardiente. Cuanto más tiempo se canalice, mayor será el área de efecto y el daño de la explosión.","Flameblast\r\nแชนเนลเพื่อสะสมพลังระเบิดไฟขนาดใหญ่ ยิ่งแชนเนลนาน ระเบิดนั้นก็ยิ่งมีพื้นที่ส่งผลและความเสียหายเพิ่มขึ้น","引導一個範圍廣闊的熾烈爆發。引導時間越長，爆發的效果範圍和傷害越大。",28,100,"",6446,""
25,3224,2,"[37,38,39,232,233,234,77,78,79,55,56,57]","","Flame Surge","Éruption de flammes","Feuerschwall","フレイムサージ","화염 쇄도","Surto de Chamas","Выброс пламени","Oleada de llamas","คลื่นเพลิง","怒焰奔騰","Strikes enemies with a surge of flame. Burning enemies are dealt more damage. Hitting an ignited enemy will create burning ground under them. Damage modifiers don't apply to this burning ground.","Projette une vague de flammes sur les ennemis. Ce sort inflige davantage de dégâts aux ennemis qui brûlent. Si ce sort touche un ennemi Embrasé, un sol brûlant se forme sous ses pieds. Les modificateurs de dégâts ne s'appliquent pas à ce sol brûlant.","Trifft Gegner mit einem Feuerschwall. Brennende Gegner nehmen zusätzlichen Schaden. Beim Treffen eines entzündeten Gegners wird unter diesem brennender Boden erzeugt. Schadensmodifikatoren wirken sich nicht auf diesen brennenden Boden aus.","炎の波動で敵を攻撃する。燃焼状態の敵には与えるダメージが上昇する。発火している敵にヒットした場合、その敵の下に燃焼領域を生成する。ダメージのモッドは、燃焼領域には適用されない。","쇄도하는 불길로 적들을 타격합니다. 화상을 입은 적들은 더 많은 피해를 줍니다. 점화된 적 명중 시 적의 발밑에 용암 지대를 생성합니다. 피해 속성 부여는 이 용암 지대에 적용되지 않습니다.","Ataca os inimigos com uma rajada de chamas. Inimigos em chamas sofrem mais dano. Ao atingir um inimigo incendiado, cria um chão incendiado sob ele. Modificadores de dano não se aplicam ao chão incendiado.","Поражает врагов выбросом пламени. Горящим врагам наносится больше урона. При ударе по подожжённому врагу под ним образуется участок горящей земли. Модификаторы урона не действуют на эту горящую землю.","Golpea a los enemigos con una oleada de llamas. Los enemigos incendiados reciben más daño. Si impactas a un enemigo quemado, se creará suelo incendiado debajo de él. Los modificadores de daño no se aplican a este suelo incendiado.","Flame Surge\r\nจู่โจมศัตรูตรงหน้าด้วยคลื่นเปลวไฟ ศัตรูที่ติดสถานะ ติดไฟ จะได้รับความเสียหายเพิ่มขึ้น อีก หากปะทะศัตรูที่ติดสถานะ ลุกไหม้ สกิลนี้จะสร้าง พื้นลุกไหม้ ข้างใต้มัน ม็อดความเสียหายไม่ส่งผลต่อ พื้นลุกไหม้ นี้","釋放怒焰之力對敵人進行攻擊。燃燒中的敵人將會受到更多傷害。擊中點燃的敵人時，會在他們下方製造燃燒地面。傷害詞綴不會影響此燃燒地面。",12,100,1,8801,""
26,8951,3,[],8950,"Flame Aegis","Égide de flammes","Flammen-Obhut","フレイムイージス","불길의 비호","Égide de Chamas","Эгида пламени","Égida de llamas","โล่เอจิสเพลิง","火焰神盾","Surrounds the caster with a fiery barrier which will absorb incoming fire damage up to a point, then break. This barrier will recharge over time.","Entoure le lanceur d'une barrière ardente capable d'absorber une certaine quantité de dégâts de feu avant de se briser. Cette barrière se recharge sur la durée.","Umgibt den Wirkenden mit einer feurigen Barriere, die eingehenden Feuerschaden bis zu einem Punkt absorbiert und dann zusammenbricht. Die Barriere lädt sich über die Zeit wieder auf.","使用者を火のバリアで囲み、一定量まで火ダメージを吸収した後に消滅する。このバリアは時間経過とともに回復する。","시전자를 타오르는 방벽으로 둘러쌉니다. 방벽은 가해지는 화염 피해를 일정 시점까지 흡수한 후 파괴됩니다. 이 방벽은 시간이 지나면 재충전됩니다.","Cria uma barreira de fogo ao redor do conjurador, que absorve dano de fogo até um limite e depois se quebra. A barreira se recarrega com o tempo.","Окружает сотворившего заклинание огненным барьером, который поглощает входящий урон от огня до определённого порога, а затем разрушается. Барьер со временем перезарядится.","Rodea al lanzador con una barrera ardiente que absorberá el daño de fuego entrante hasta un punto, y luego se rompe. Esta barrera se recarga con el tiempo.","Flame Aegis\r\nสร้างบาเรียไฟรอบตัวผู้ร่ายมารับความเสียหาย ไฟ ให้กับผู้ร่ายจนครบจำนวนแล้วสลายไป โล่นี้จะรีชาร์จอย่างต่อเนื่อง","以烈焰屏障圍繞施法者，吸收來襲的火焰傷害直至達到上限，隨後屏障就會破碎。此屏障會隨時間充能。",1,100,"",50414,"Art/2DArt/SkillIcons/HouseBardiyaSkill.dds"
27,3109,2,"[232,233,234,77,78,79,37,38,39,162,103,104,105,96,97,98,159,199]","","Vaal Flameblast","Conflagration vaal","Vaal-Flammenexplosion","ヴァールフレイムブラスト","바알 화염파","Explosão Flamejante Vaal","Пламенный взрыв ваал","Explosión de llamas vaal","วาล์ ระเบิดเพลิง","瓦爾．烈焰爆破","Targets an area and builds up stages in that area based on cast speed. It explodes every 3 stages, until it reaches a maximum of 15. As it gains more stages, the area gets smaller but the damage gets higher.","Crée un cercle doté de 15 paliers qui rétrécit plus ou moins rapidement en fonction de la Vitesse d'incantation. Il explose tous les 3 paliers franchis en faisant de plus en plus de dégâts.","Markiert einen Bereich und lädt in diesem, basierend auf der Zaubergeschwindigkeit, Phasen auf. Es kommt alle 3 Phasen zur Explosion, bis ein Maximum von 15 Aufladungen erreicht wurde. Mit der Zunahme an Phasen wird der Bereich kleiner, doch der Schaden höher.","位置を指定し、キャストスピードに応じた速度でステージを獲得していく。最大値の15ステージに達するまで3ステージごとに爆発が起きる。獲得したステージが多くなるごとに範囲は狭くなるがダメージは増加する。","한 지역을 대상으로 지정하여 시전 속도에 비례한 단계를 해당 지역에 형성합니다. 3단계마다 폭발이 일어나며 최대 15단계까지 형성됩니다. 단계가 늘어날수록 범위는 줄어들지만 피해는 커집니다.","Escolhe uma área e acumula estágios nela com base na velocidade de conjuração. A cada 3 estágios, ocorre uma explosão, até um máximo de 15 estágios. Quanto mais estágios, menor a área e maior o dano.","Начинает подготовку мощного взрыва по области. Скорость подготовки взрыва основана на скорости сотворения чар. Взрыв происходит каждые 3 стадии, пока не достигнет 15 стадий. С каждой новой стадией область действия уменьшается, но урон становится больше.","Selecciona un área como objetivo y acumula fases en esa área basándose en la velocidad de lanzamiento de hechizos. Explota cada 3 fases, hasta que alcanza un máximo de 15 fases. A medida que gana más fases, el área se vuelve más pequeña pero el daño aumenta.","Vaal Flameblast\r\nเล็งพื้นที่เป้าหมายแล้วสะสมสเตจในพื้นที่นั้นตามความเร็วในการร่าย สกิลจะระเบิดทุกๆ 3 สเตจ จนกว่าจะสะสมไปถึง 15 สเตจ ยิ่งมีสเตจสูงเท่าไร พื้นที่ส่งผลยิ่งมีขนาดเล็กลง แต่ความเสียหายยิ่งสูงขึ้น","指定一塊區域，並在該區域根據施放速度累積層數。每堆疊 3 層會產生爆炸，直到 15 層。當層數越多時範圍越小，但傷害會越大。",28,100,1,29426,""
28,3,2,"[232,233,234,0,1,96,97,98,77,78,79,103,104,105,142,154,155,156,168,169,170,22,199]",4,"Fireball","Boule de feu","Feuerball","ファイヤーボール","화염구","Bola de Fogo","Огненный шар","Bola de fuego","บอลไฟ","火球","Unleashes a ball of fire towards a target which explodes, damaging nearby foes.","Libère une boule de feu vers une cible qui explose à l'impact, endommageant les ennemis à proximité.","Entfesselt einen Feuerball auf ein Ziel, explodiert und fügt Gegnern im Umkreis Schaden zu.","爆発し周囲の敵にダメージを与える火球を対象に向けて放つ。","대상에게 폭발하여 주변의 적들에게 화염 피해를 주는 화염구를 날립니다.","Lança uma bola de fogo que explode ao atingir o alvo, causando dano aos inimigos próximos.","Бросает в цель огненный шар, который взрывается и наносит урон врагам поблизости.","Lanza una bola de fuego hacia un objetivo que explota y daña a los enemigos cercanos.","Fireball\r\nปลดปล่อยลูกไฟเข้าหาเป้าหมายซึ่งจะระเบิด สร้างความเสียหายให้กับศัตรูที่อยู่ใกล้","釋放一顆向前飛射的球型火焰，接觸到怪物時會爆炸並對附近敵人造成傷害。",1,100,4,324,""
29,5,2,"[232,233,234,0,1,96,97,98,77,78,79,103,104,105,168,169,170,199,247]",6,"Fireball of Impact","Boule de feu de l'Impact","Feuerball des Einschlags","衝撃のファイヤーボール","충격의 화염구","Bola de Fogo de Impacto","Огненный шар воздействия","Bola de fuego de impacto","บอลไฟแห่งการกระทบ","火球．衝擊","Unleashes a ball of fire towards a targeted location which then explodes, damaging nearby foes.","Libère une boule de feu vers un emplacement ciblé, qui explose ensuite à l'impact et endommage les ennemis à proximité.","Entfesselt einen Feuerball auf einen Zielort, explodiert und fügt Gegnern im Umkreis Schaden zu.","対象地点に向かって火球を放ち、爆発させて近くの敵にダメージを与える。","대상 지점을 향해 폭발하여 주변의 적들에게 화염 피해를 주는 화염구를 날립니다.","Lança uma bola de fogo que explode ao atingir o local escolhido, causando dano aos inimigos próximos.","Бросает в указанную точку огненный шар, который затем взрывается и наносит урон врагам поблизости.","Lanza una bola de fuego hacia una ubicación objetivo que explota y daña a los enemigos cercanos.","Fireball of Impact\r\nปลดปล่อยลูกไฟเข้าหาพื้นที่เป้าหมายแล้วระเบิดออกในภายหลัง สร้างความเสียหายให้กับศัตรูที่อยู่ใกล้","朝目標位置釋放一顆向前飛射的火球，接著爆炸，對附近敵人造成傷害。",1,100,4,37821,""
30,5100,2,"[232,233,234,0,1,142,37,38,39,6,7,96,97,98,148,149,150,154,155,156,151,152,153,134,77,78,79,168,169,170,199]",5101,"Rolling Magma","Magma déferlant","Magmakugel","ローリングマグマ","몰려오는 마그마","Esfera Magmática","Ползучая магма","Bola de magma","ลูกพลังหินหลอม","熔岩翻騰","Lob a fiery orb that deals area damage as it hits the ground. The skill chains, bouncing forward to deal damage multiple times.","Un orbe enflammé qui inflige des dégâts de zone en touchant le sol avant de ricocher et continuer, rebondissant ainsi plusieurs fois en infligeant des dégâts à de multiples reprises.","Werft eine feurige Kugel, die Flächenschaden verursacht, wenn sie den Boden trifft. Die Fertigkeit verkettet sich nach vorne und verursacht dabei mehrfach Schaden.","地面に命中すると爆発する炎のオーブを投げる。このスキルは連鎖し、前に向かって跳ねながら連続してダメージを与える。","불타는 구체를 던집니다. 구체는 지면에 부딪히면 범위 피해를 줍니다. 스킬은 연쇄되면서 앞으로 튕겨 여러 번 피해를 줍니다.","Lança uma esfera flamejante que causa dano em área ao atingir o chão. A habilidade se propaga para a frente, causando dano várias vezes. ","Выпускает огненный шар, который наносит урон по области при ударе о землю. Шар продолжает отскакивать вперёд и наносит урон несколько раз.","Lanza un orbe ardiente que inflige daño en área al impactar el suelo. Esta habilidad se encadena y rebota hacia delante para infligir daño varias veces.","Rolling Magma\r\nปล่อยลูกไฟที่สร้างความเสียหาย พื้นที่ เมื่อตกถึงพื้น สกิลนี้จะเด้งไปข้างหน้าเพื่อสร้างความเสียหายหลายครั้ง","拋投出撞擊地面時會爆炸的岩漿球。技能會連鎖，向前彈跳造成多次傷害。",1,100,"",30130,""
31,2004,3,[],"","Anger","Colère","Wut","アンガー","분노","Raiva","Жгучая злоба","Rabia","โทสะ","憤怒","Casts an aura that grants added fire damage to attacks and spells.","Une aura qui ajoute des dégâts de feu aux attaques et aux sorts.","Zaubert eine Aura, die Angriffen und Zaubern zusätzlichen Feuerschaden gewährt.","アタックおよびスペルに追加の火ダメージを付与するオーラを纏う。","공격과 주문에 추가 화염 피해를 부여하는 오라를 시전합니다.","Ativa uma aura que concede dano de fogo adicional para ataques e magias.","Окружает аурой, которая добавляет к атакам и чарам урон от огня.","Proyecta un aura que otorga daño de fuego agregado a los ataques y hechizos.","Anger\r\nร่ายออร่าที่มอบการเสริมความเสียหาย ไฟ ให้กับการโจมตีและเวท","施放一個光環，為攻擊和法術附加火焰傷害。",24,100,"",13235,""
32,3009,3,[],"","Purity of Fire","Pureté du feu","Reinheit des Feuers","ピュリティオブファイヤー","불의 순수함","Pureza de Fogo","Спасение от огня","Pureza de fuego","ไฟพิสุทธิ์","火焰淨化","Casts an aura that grants fire resistance.","Une aura qui octroie de la Résistance au feu.","Zaubert eine Aura, die Feuerwiderstand gewährt.","火耐性を付与するオーラを纏う。","화염 저항을 증가시키는 오라를 시전합니다.","Ativa uma aura que concede resistência a dano de fogo.","Окружает аурой, которая повышает сопротивление огню.","Proyecta un aura que otorga resistencia al fuego.","Purity of Fire\r\nร่ายออร่าที่มอบค่าต้านทาน ไฟ","施放一個光環，賦予火焰抗性。",24,100,"",33728,""
33,3014,3,[],"","Purity of Ice","Pureté de la glace","Reinheit des Eises","ピュリティオブアイス","얼음의 순수함","Pureza Glacial","Спасение от холода","Pureza de hielo","น้ำแข็งพิสุทธิ์","冰霜淨化","Casts an aura that grants cold resistance.","Une aura qui octroie de la Résistance au froid.","Zaubert eine Aura, die Kältewiderstand gewährt.","冷気耐性を付与するオーラを纏う。","냉기 저항을 증가시키는 오라를 시전합니다.","Ativa uma aura que concede resistência ao frio.","Окружает аурой, которая повышает сопротивление холоду.","Proyecta un aura que otorga resistencia al hielo.","Purity of Ice\r\nร่ายออร่าที่มอบค่าต้านทาน น้ำแข็ง","施放一個光環，賦予冰霜抗性。",24,100,"",13693,""
34,3019,3,[],"","Purity of Lightning","Pureté de la foudre","Reinheit des Blitzes","ピュリティオブライトニング","번개의 순수함","Pureza Elétrica","Спасение от молнии","Pureza de rayo","สายฟ้าพิสุทธิ์","閃電淨化","Casts an aura that grants lightning resistance.","Une aura qui octroie de la Résistance à la foudre.","Zaubert eine Aura, die Blitzwiderstand gewährt.","雷耐性を付与するオーラを纏う。","번개 저항을 증가시키는 오라를 시전합니다.","Ativa uma aura que concede resistência a raio.","Окружает аурой, которая повышает сопротивление молнии.","Proyecta un aura que otorga resistencia al rayo.","Purity of Lightning\r\nร่ายออร่าที่มอบค่าต้านทาน สายฟ้า","施放一個光環，賦予閃電抗性。",24,100,"",63233,""
35,11460,0,"[232,233,234,49,50,51]",11461,"Sigil of Power","Sceau de pouvoir","Rune der Macht","シギルオブパワー","힘의 부적","Signo do Poder","Печать силы","Runa de poder","ตราสัญลักษณ์แห่งพลัง","咒符之力","Places a Sigil on the ground, which grants a buff to allies in the area around it for a duration. The Sigil gains stages mana is spent in its area, making the buff more powerful.","Trace un cercle au sol, qui octroie un effet bénéfique pendant une certaine durée aux alliés qui se trouvent à l'intérieur. Le cercle gagne des paliers lorsque du mana est dépensé dans sa zone, rendant l'effet bénéfique plus puissant.","Platziert eine Rune auf dem Boden, die Verbündeten im Bereich um die Rune herum für eine Dauer eine Stärkung gewährt. Die Rune erhält Phasen, wenn man in ihrem Bereich Mana verbraucht, wodurch die Stärkung mächtiger wird.","地面に魔法陣を設置し、持続時間中範囲内の仲間にバフを付与する。範囲内でマナを消費するごとに、魔法陣はステージを獲得しバフがより強力になる。","지면에 부적을 배치해 범위 내 동료들에게 일정 시간 동안 버프를 부여합니다. 부적 범위 내에서 마나가 소모되면 부적이 단계를 획득하여 버프가 더욱 강력해집니다.","Cria um signo no chão que concede um bônus aos aliados na área ao redor por um período. O signo ganha estágios quando se gasta mana na área, tornando o bônus mais poderoso.","Размещает на земле печать, которая на некоторое время дарует союзникам рядом с ней положительный эффект. Печать накапливает стадии, усиливая данный эффект, когда в области её действия тратится мана.","Coloca una runa en el suelo que otorga una efecto beneficioso a los aliados en el área a su alrededor durante un tiempo. La runa gana fases a medida que se gasta maná dentro de su área, lo cual potencia al efecto beneficioso.","Sigil of Power\r\nวางตราสัญลักษณ์ลงบนพื้น ซึ่งจะมอบบัฟให้กับเพื่อนที่อยู่ในพื้นที่เป็นระยะเวลาหนึ่ง ตราสัญลักษณ์นี้จะได้รับสเตจตามจำนวน มานา ที่จ่ายภายในพื้นที่ ซึ่งจะทำให้บัฟนั้นทรงพลังยิ่งขึ้น","在地面上放置一個咒符，賦予周圍友方增益效果，持續一段時間。在區域內消耗魔力會使咒符提升階段，使增益效果提升。",34,100,"",33661,""
36,2456,2,"[232,233,234,42,71,72,73,93,94,95,159,86,87,88]",2457,"Ball Lightning of Static","Boule de foudre de l'Immobilité","Kugelblitz der Statik","静止のボールライトニング","정전기의 구형 번개","Esfera de Raios de Estática","Шаровая молния неподвижности","Bola de rayos de estática","บอลสายฟ้าแห่งความแน่นิ่ง","天雷之珠．靜電","Creates a ball of lightning at a location that damages each enemy in an area around it repeatedly with bolts of lightning.","Crée une Boule de foudre à l'emplacement ciblé. Celle-ci endommage de manière répétée chaque ennemi dans une zone autour d'elle avec des éclairs de foudre.","Erzeugt am Zielort einen stationären Kugelblitz, der bei Gegnern in einem Bereich um sich herum durch Blitzschläge wiederholt Schaden verursacht.","動かない雷の玉を対象地点に設置し、稲妻で範囲内の敵に繰り返しダメージを与える。","한 지점에 번개로 주변 범위 내의 모든 적에게 반복적인 피해를 주는 번개 구체를 생성합니다.","Cria uma esfera de raios em um local que causa dano repetidamente a cada inimigo na área ao redor com descargas elétricas.","Создаёт неподвижный шар молнии в указанном месте, который бьёт молниями врагов в области действия.","Crea una bola de rayos en una ubicación que inflige daño a cada enemigo en un área a su alrededor repetidamente con descargas de rayo.","Ball Lightning of Static\r\nสร้างลูกสายฟ้าที่ตำแหน่งเป้าหมายซึ่งสร้างความเสียหายซ้ำๆ ต่อศัตรูแต่ละตัวในพื้นที่รอบๆ ด้วยสายฟ้า","在一個位置製造一顆天雷之珠，重複以閃電箭攻擊其周圍區域的所有敵人。",28,100,"",30663,""
37,1978,3,[],"","Discipline","Discipline","Disziplin","ディシプリン","단련","Disciplina","Дисциплина","Disciplina","วินัย","紀律","Casts an aura that grants additional energy shield and increased energy shield recharge rate.","Une aura qui octroie du bouclier d'énergie et une augmentation du taux de recharge de bouclier d'énergie.","Zaubert eine Aura, die zusätzlichen Energieschild und erhöhte Energieschild-Wiederaufladungsrate gewährt.","追加のエネルギーシールドおよびエネルギーシールドリチャージ速度増加のオーラを纏う。","최대 에너지 보호막 수치와 에너지 보호막 재충전 속도를 증가시키는 오라를 시전합니다.","Ativa uma aura que concede escudo de energia adicional e aumenta a taxa de recarga dele.","Окружает аурой, которая даёт энергетический щит и увеличивает скорость его перезарядки.","Proyecta un aura que otorga escudo de energía adicional y velocidad de recarga del escudo de energía aumentada.","Discipline\r\nร่ายออร่าที่มอบ โล่พลังงาน เพิ่มเติม และการเพิ่มความเร็วในการ รีชาร์จโล่พลังงาน","施放一個光環，賦予額外的能量護盾，並增加能量護盾充能率。",24,100,"",21708,""
38,2023,3,[],2024,"Wrath","Fureur","Zorn","ラース","진노","Ira","Грозный гнев","Cólera","พิโรธ","雷霆","Casts an aura that adds lightning damage to attacks, and makes spells deal more lightning damage.","Une aura qui ajoute des dégâts de foudre aux attaques et augmente les dégâts de foudre infligés par les sorts.","Zaubert eine Aura, die Angriffen Blitzschaden hinzufügt und Zaubern mehr Blitzschaden gewährt.","アタックに雷ダメージを追加し、スペルの雷ダメージを上昇させるオーラを纏う。","공격 시 번개 피해를 추가하고, 주문 사용 시 번개 피해를 추가하는 오라를 시전합니다.","Ativa uma aura que adiciona dano de raio aos ataques e aumenta o dano de raio das magias.","Окружает аурой, которая добавляет к атакам урон от молний, а чары начинают наносить больше урона от молнии.","Proyecta un aura que agrega daño de rayo a los ataques y hace que los hechizos inflijan más daño de rayo.","Wrath\r\nร่ายออร่าที่เสริมความเสียหาย สายฟ้า ให้กับการโจมตี และทำให้เวทสร้างความเสียหาย สายฟ้า เพิ่มขึ้น อีก","施放一個光環，使得攻擊時額外附帶閃電傷害，並且造成更多法術閃電傷害。",24,100,"",38326,""
39,1141,0,"[58,37,38,39]","","Temporal Chains","Chaînes temporelles","Fesseln der Zeit","テンポラルチェーン","시간의 사슬","Grilhões Temporais","Путы времени","Cadenas temporales","โซ่กาลเวลา","時空鎖鏈","Curses all enemies in an area, lowering their action speed and making other effects on them expire more slowly.","Maudit tous les ennemis dans la zone ciblée. Cette Malédiction réduit leur vitesse d'action ainsi que la vitesse d'expiration des autres effets qui les affectent.","Verflucht alle Ziele in einem Bereich, verringert ihre Aktionsgeschwindigkeit und bewirkt, dass Effekte auf ihnen langsamer auslaufen.","範囲内の敵を全員呪い、敵のアクションスピードを下げ、敵にかけられた他の効果の持続時間を延ばす。","범위 내 모든 적에게 저주를 걸어 동작 속도를 늦춥니다. 이때 적에게 걸려있던 다른 효과의 만료시간도 더 느려집니다.","Amaldiçoa os inimigos em uma área, reduzindo sua velocidade de ação e aumentando a duração de outros efeitos que tiverem.","Проклинает всех врагов в области, снижая скорость их действий и заставляя эффекты на них истекать дольше.","Maldice a todos los enemigos en un área para disminuir su velocidad de acción y hacer que los otros efectos que tienen expiren más despacio.","Temporal Chains\r\nสาปศัตรูทั้งหมดในพื้นที่ ทำให้ความเร็วในการกระทำของมันลดลง และทำให้ผลที่มันได้รับหมดเวลาช้าลง","詛咒區域內所有敵人，降低其行動速度，並且延長其作用中效果之持續時間。",24,100,"",7383,""
40,10471,0,"[232,233,234,55,56,57]",10472,"Bane","Damnation","Verdammung","ベイン","파멸","Perdição","Погибель","Condenación","คาถามรณะ","災厄","Applies a debuff to enemies in an area, which deals chaos damage over time. Casting this spell also triggers any Hexes this Mercenary has.","Applique un effet néfaste à tous les ennemis dans la zone ciblée, qui inflige des Dégâts de chaos sur la durée. Lancer ce sort déclenche également toutes les Calamités que possède le Mercenaire.","Fügt Gegnern eine Schwächung zu, die Chaosschaden über Zeit verursacht. Das Wirken dieses Zaubers löst auch Verhexungen dieses Söldners aus.","範囲内の敵に混沌継続ダメージを与えるデバフを付与する。このスペルをキャストすると、傭兵が持つ呪いもトリガーされる。","일정 범위 내의 적들에게 지속 카오스 피해를 주는 디버프를 적용합니다. 이 주문을 시전하면 이 용병이 보유한 사술도 발동합니다.","Aplica uma penalidade aos inimigos da área afetada, causando dano de caos degenerativo. Ao lançar esta magia, as maldições deste mercenário também são ativadas.","Накладывает на врагов в области действия отрицательный эффект, наносящий постепенный урон хаосом. Сотворение этого умения также вызывает срабатывание всех порч, имеющихся у этого наёмника.","Aplica un efecto nocivo a los enemigos en un área que inflige daño de caos degenerativo. Lanzar este hechizo también activa cualquier maleficio que tenga este mercenario.","Bane\r\nสร้างดีบัฟให้กับศัตรูในพื้นที่ ซึ่งสร้างความเสียหาย เคออส ต่อเนื่อง การร่ายคำสาปนี้ยังทริกเกอร์สกิลสาปสะกดของทหารรับจ้างคนนี้อีกด้วย","對範圍內敵人施加一個造成混沌持續傷害的減益效果。施放此法術也會觸發這名傭兵擁有的任何咒術。",24,100,"",63468,""
41,2843,0,"[232,233,234,49,50,51,37,38,39,65,66,67]","","Proximity Shield","Bouclier de proximité","Annäherungsschild","周辺シールド","근접 보호막","Escudo de Proximidade","Защитный купол","Escudo de proximidad","โล่พิทักษ์ผู้ใกล้ชิด","靈能之盾","Creates a barrier for a short duration which will negate incoming damage that originates from outside the barrier.","Crée une barrière pendant une courte durée, qui réduit à zéro les dégâts provenant de l'extérieur de la barrière.","Erzeugt für eine kurze Dauer eine Barriere, die eingehenden Schaden von außerhalb der Barriere negiert.","短時間バリアを展開し、バリアの外側から来るダメージを無効化する。","짧은 시간 동안 방벽을 생성합니다. 방벽은 밖에서 가해지는 피해를 무효화합니다.","Cria uma barreira por um breve período que anula danos originados de fora da barreira.","Кратковременно создаёт барьер, сводящий на нет урон, который поступает извне барьера.","Crea una barrera durante una breve duración que anula el daño entrante que se origina desde fuera de la barrera.","Proximity Shield\r\nสร้างบาเรียเป็นระยะเวลาสั้นๆ ที่ป้องกันความเสียหายที่มีต้นกำเนิดมาจากภายนอกบาเรียนี้","產生一道持續短暫時間的屏障，無視來自屏障外的傷害。",10,100,"",16018,"Art/2DArt/SkillIcons/HouseBardiyaSkill.dds"
42,10803,0,"[232,233,234,65,66,67,161,159]","","Withering Step","Foulée flétrissante","Verkümmernder Schritt","ウィザリングステップ","고사시키는 걸음","Passo Definhante","Губительный шаг","Paso marchitante","ก้าวเหี่ยวเฉา","凋零之步","Grants Elusive and a buff that grants Phasing. While this buff is active, enemies in the surrounding area will be Withered.","Un sort qui octroie Insaisissable et un Effet bénéfique qui octroie Déphasage. Tant que cet Effet bénéfique est actif, les ennemis se trouvant dans la zone environnante subissent des Flétrissures.","Gewährt Schattenhaft und eine Stärkung, die die Schemenform gewährt. Während diese Stärkung aktiv ist, werden Gegner im umliegenden Bereich verkümmert.","身躱しと透明化を付与するバフを与える。このバフがある間は周囲の敵は衰弱を受ける。","도피와 차원 능력을 부여하는 버프를 부여합니다. 이 버프가 활성화되어 있는 동안, 주위 지역에 있는 적들이 위축됩니다.","Recebe a condição Elusivo e um bônus que concede Forma Etérea. Enquanto o efeito estiver ativo, inimigos que entrarem na área ao redor serão Definhados.","Дарует герою Неуловимость и положительный эффект, дающий Форму призрака. Пока действует этот эффект, истощает ближайших врагов.","Otorga Elusivo y un efecto beneficioso que otorga Traspasar. Mientras este efecto esté activo, los enemigos que estén en el área circundante se marchitarán.","Withering Step\r\nสร้างสถานะ ลื่นไหล แล้วให้บัฟที่ให้สถานะ ลื่นไหล ซึ่งบัฟนี้จะสร้างสถานะ เหี่ยวเฉา ต่อศัตรูที่อยู่ในพื้นที่รอบตัว","賦予靈巧以及賦予迷蹤的一個增益效果。該增益效果作用期間，周圍區域的敵人會受到凋零影響。",10,100,3,10320,""
43,2052,3,[],"","Clarity","Clarté","Klarheit","クラリティ","명상","Clareza","Ясность ума","Claridad","กระจ่าง","清晰","Casts an aura that grants mana regeneration.","Une aura qui octroie de la régénération de mana.","Zaubert eine Aura, die Manaregeneration gewährt.","マナ自動回復を付与するオーラを纏う。","마나 재생 능력을 부여하는 오라를 시전합니다.","Ativa uma aura que concede regeneração de mana.","Окружает аурой, которая даёт регенерацию маны.","Proyecta un aura que otorga regeneración de maná.","Clarity\r\nร่ายออร่าที่มอบการ ฟื้นฟูมานา","施放一個光環，賦予魔力回復。",10,100,"",28785,""
44,5504,0,"[232,233,234,49,50,51,129,130,131,37,38,39]","","Wither Totem","Totem de Flétrissement","Verkümmerndes Totem","ウィザートーテム","위축의 토템","Totem Definhador","Тотем Увядания","Tótem de marchitamiento","โทเทมเหี่ยวเฉา","凋零圖騰","Creates a Spell Totem that casts a debilitating debuff on enemies in an area, hindering their movement and also inflicts the Withered debuff, which increases the Chaos Damage they take and can stack up to 15 times.","Crée un Totem incantateur qui lance un effet néfaste débilitant aux ennemis dans une zone, entravant leur vitesse de déplacement et leur infligeant également Flétrissure, un effet néfaste cumulatif qui augmente les Dégâts de chaos qu'ils subissent. Cet effet peut se cumuler jusqu'à 15 fois.","Erzeugt ein Totem, das eine entkräftende Schwächung auf Gegner in einem Bereich zaubert, die ihre Bewegung lähmt und die Schwächung 'Verkümmerung' verursacht, die den erlittenen Chaosschaden der Gegner erhöht. Diese Schwächung kann bis zu 15 Stapel haben.","範囲内の敵に衰弱効果を与え、移動を妨害するデバフを与え、対象の受ける混沌ダメージを増加させる衰弱のデバフを付与するスペルトーテムを生成する。衰弱のデバフは15スタックまで貯めることができる。","범위 내의 적들에게 쇠잔 디버프를 시전하여 이동을 방해하는 주문 토템을 생성합니다. 또한 위축 디버프를 부여하여 카오스 피해를 증가시키며 15회까지 중첩됩니다.","Cria um Totem Mágico que lança uma penalidade debilitante contra os inimigos em uma área, tolhendo seu movimento e aplicando uma penalidade de Definhamento, fazendo com que sofram mais dano de caos. O efeito pode se acumular até 15 vezes.","Устанавливает колдовской тотем, который накладывает ослабляющий эффект на врагов в области, сковывая их движения и накладывая накапливаемый эффект Истощение, увеличивающий получаемый врагами урон хаосом. Эффект накладывается до 15 раз.","Crea un tótem de hechizos que lanza un efecto nocivo debilitante a los enemigos en un área para entumecer su movimiento y también aplica el efecto nocivo de marchitamiento, que aumenta el daño de caos que reciben y se puede acumular hasta 15 veces.","Wither Totem\r\nสร้างโทเทมเวทที่ร่ายดีบัฟพรากเรี่ยวแรงไปจากศัตรูในพื้นที่ ซึ่งลดความเร็วในการเคลื่อนที่ของมัน และสร้างดีบัฟ เหี่ยวเฉา ที่ซ้อนกันได้สูงสุด 15 ครั้ง ซึ่งจะเพิ่มความเสียหาย เคออส ที่มันได้รับ","創造出一個對敵人造成虛弱減益效果的法術圖騰，造成阻礙並且疊加一個使他們增加受到的混沌傷害之凋零減益效果。此減益效果最多可疊加 15 層。\r\n",10,100,3,1911,""
45,10498,3,[],"","Malevolence","Malfaisance","Boshaftigkeit","マレヴォレンス","악의","Malevolência","Злорадство","Malevolencia","หิงสา","惡意","Casts an aura that multiplies damage over time and increases skill effect duration.","Une aura qui multiplie les dégâts sur la durée et augmente la durée des effets des aptitudes.","Zaubert eine Aura, die die Fertigkeitseffektdauer erhöht und den verursachten Schaden über Zeit vervielfacht.","継続ダメージ倍率を増加させ、スキルの効果時間を増加させるオーラを纏う。","지속 피해를 증폭시키고 스킬 효과의 지속시간을 증가시키는 오라를 시전합니다.","Ativa uma aura que multiplica o dano ao longo do tempo e aumenta a duração dos efeitos das habilidades.","Окружает аурой, которая дает множитель постепенного урона и длительность эффекта умения.","Proyecta un aura que multiplica el daño degenerativo y aumenta la duración del efecto de las habilidades.","Malevolence\r\nร่ายออร่าที่คูณความเสียหายต่อเนื่อง และเพิ่มระยะเวลาส่งผลของสกิล","施放一個光環，增加技能持續時間，並造成更多持續傷害。",24,100,"",1516,""
46,10413,2,"[49,50,51,55,56,57,142,0,1,133,126,127,128,65,66,67,26,27,28]",10414,"Greater Soulrend","Déchirure d'âme majeure","Größerer Seelenriss","グレーターソウルレンド","상위 영혼 분리","Rasgar Alma Maior","Великий разрыв души","Desgarrador de almas superior","ฉีกวิญญาณชั้นสูง","高階靈體撕裂","Fires a nova of slow moving projectiles that turn towards enemies in front of them, damaging and piercing through those they hit, and leeching some of that damage as energy shield. As the projectiles travel, they repeatedly applies a short but powerful chaos damage over time debuff to each enemy in an area around them.","Un sort qui envoie une nova de projectiles lents qui serpentent vers les ennemis situés devant eux. Lorsqu'ils touchent des ennemis, les projectiles les transpercent et drainent sous forme de bouclier d'énergie une partie des dégâts infligés. Pendant son trajet, les projectiles émettent de manière récurrente un effet néfaste très puissant mais de courte durée qui inflige des dégâts de chaos aux ennemis se trouvant autour d'eux.","Entfesselt eine Nova aus langsamen Projektilen, die sich auf Gegner vor ihnen zubewegen. Getroffene Gegner erleiden Schaden, werden von den Projektilen durchbohrt und anteilig an diesem Schaden ihres Energieschilds beraubt. Die Projektile wenden auf Gegner, die sich in ihrer Flugbahn befinden, wiederholt eine kurze aber starke Schwächung an, die Chaosschaden über Zeit verursacht.","敵に向かって蛇行しながらゆっくり飛んでいく投射物のノヴァを放つ。投射物は敵にダメージを与え貫通しながら飛び、ダメージの一部をエナジーシールドとしてリーチする。投射物の飛んでいる間、短時間しか持続しないが強力な混沌継続ダメージのデバフを周囲の敵に繰り返し付与する。","서서히 움직이며 전방의 적들을 향해 회전하는 폭발 투사체를 발사합니다. 투사체는 명중한 적에게 피해를 주고 관통하며, 시전자가 해당 피해의 일부를 에너지 보호막으로 흡수합니다. 투사체는 이동하면서 주위의 일정 범위에 있는 적들에게 짧지만 강력한 지속 카오스 피해를 주는 디버프를 반복적으로 적용합니다.","Lança uma nova de projéteis lentos que se direcionam aos inimigos à frente, causando dano e perfurando os alvos atingidos, roubando parte desse dano como escudo de energia. Durante o trajeto, os projéteis aplicam repetidamente uma penalidade breve, mas poderosa, de dano de caos degenerativo aos inimigos ao redor.","Выпускает кольцо медленно движущихся наводящихся снарядов, которые наносят урон и пронзают задетых врагов. Часть нанесенного урона похищается в виде энергетического щита. Во время полёта снаряды периодически накладывают короткий, но мощный эффект постепенного урона хаосом на каждого врага в области вокруг снарядов.","Dispara una nova de proyectiles que se mueven despacio y que se giran hacia los enemigos que tienen delante y, a aquellos a los que impactan, les infligen daño y los perforan. Además, absorben una parte de ese daño como escudo de energía. A medida que viajan los proyectiles, aplican repetidamente un breve pero poderoso efecto nocivo de daño de caos degenerativo a cada enemigo en un área a su alrededor.","Greater Soulrend\r\nปล่อยวงโพรเจกไทล์เจาะทะลุเชื่องช้าที่จะมุ่งไปหาศัตรูข้างหน้า สร้างความเสียหายให้กับศัตรูที่ปะทะและดูดความเสียหายบางส่วนมาเป็น โล่พลังงาน ขณะที่โพรเจกไทล์เคลื่อนที่ มันจะสร้างดีบัฟระยะสั้นซ้ำๆ ที่สร้างความเสียหาย เคออส ต่อเนื่องรุนแรงต่อศัตรูในพื้นที่รอบตัวมัน","發射一圈向外擴散的緩慢移動投射物，並轉向其前方的敵人，對擊中的敵人造成傷害和穿透，並且會將部分的傷害偷取為能量護盾。隨著投射物飛行，它們會重複對其周圍區域的每個敵人施加短暫而強力的混沌持續傷害減益效果。",28,100,1,11671,""
47,5542,2,"[126,127,128,49,50,51,0,1,65,66,67,159,55,56,57]","","Altar of Chaos","Autel du chaos","Altar des Chaos","アルターオブカオス","혼돈의 제단","Altar do Caos","Алтарь хаоса","Altar de Caos","แท่นเคออส","混沌祭壇","Creates a profane altar which continually deals chaos damage over time to enemies around it.","Crée un autel profane qui inflige continuellement des dégâts de chaos sur la durée aux ennemis autour de lui.","Erzeugt einen gottlosen Altar, der Gegnern um ihn herum kontinuierlich Chaosschaden über Zeit zufügt.","周囲の敵に断続的に混沌継続ダメージを与える不浄の祭壇を作成する。","주위 적들에게 계속 지속 카오스 피해를 주는 부정한 제단을 생성합니다.","Cria um altar profano que causa continuamente dano de caos degenerativo aos inimigos ao redor.","Создаёт нечестивый алтарь, который непрерывно наносит постепенный урон хаосом врагам вокруг.","Crea un altar profano que inflige continuamente daño de caos degenerativo a los enemigos a su alrededor.","Altar of Chaos\r\nสร้างแท่นนอกรีตที่สร้างความเสียหาย เคออส ต่อเนื่องต่อศัตรูที่อยู่รอบแท่นนี้อย่างต่อเนื่อง","創造一座褻瀆祭壇，持續對其周圍的敵人造成混沌持續傷害。",28,100,1,50670,"Art/2DArt/SkillIcons/HouseBardiyaSkill.dds"
48,5513,2,"[49,50,51,55,56,57,142,0,1,126,127,128,6,7,160]",5514,"Essence Drain of Wickedness","Drain d'essence de la Méchanceté","Entkräften der Bösartigkeit","邪悪のエッセンスドレイン","사악함의 정수 흡수","Drenar Essência da Perversidade","Похищение сущности злобы","Drenar esencia de maldad","ดูดแก่นแท้แห่งความโฉดชั่ว","靈魂吸取．陰暗","Fires a piercing projectile that applies a damage over time debuff when it hits. Healing the caster for a portion of the debuff damage.","Un projectile transperçant qui applique un effet néfaste de dégâts sur la durée au toucher. Soigne le lanceur d'une partie des dégâts infligés par l'effet néfaste.","Feuert ein durchbohrendes Projektil ab, das bei Treffer Schaden über Zeit verursacht. Der Wirkende wird um einen Teil des Schwächungsschadens geheilt.","貫通し命中すると継続ダメージを与えるデバフを付与する投射物を放つ。デバフのダメージの一部と同量の回復を使用者は受ける。","관통하는 투사체를 발사하여 명중 시 지속 피해를 주는 디버프를 겁니다. 시전자는 디버프 피해의 일정 비율만큼 치유됩니다.","Dispara um projétil que perfura e aplica uma penalidade de dano degenerativo ao atingir o alvo, curando o conjurador com parte desse dano.","Выпускает пронзающий снаряд, который накладывает на врагов негативный эффект, наносящий постепенный урон. Исцеляет сотворившего умение на часть от нанесённого урона.","Dispara un proyectil que perfora y que aplica un efecto nocivo de daño degenerativo cuando impacta. Cura al lanzador en una parte del daño del efecto nocivo.","Essence Drain of Wickedness\r\nยิงโพรเจกไทล์เจาะทะลุ เมื่อปะทะจะทำให้ติดดีบัฟที่สร้างความเสียหายต่อเนื่อง ส่วนหนึ่งของความเสียหายที่ดีบัฟนี้สร้างจะถูกนำมาฟื้นฟูให้กับผู้ร่าย","發射一個會穿透的投射物，擊中時施加持續傷害減益效果。施放者會恢復減益傷害一部分的生命。",12,100,"",39669,""
49,4343,1,"[49,50,51,232,233,234,55,56,57,126,127,128,65,66,67]","","Scourstorm","Tempête profane","Reinigender Sturm","スカーストーム","숙청폭풍","Tempestade Purgadora","Буря хаоса","Tormenta erosionadora","มรสุมกวาดล้าง","沖刷風暴","Surrounds the caster with whipping winds of profane energy that deals chaos damage over time to nearby enemies.","Entoure le lanceur de vents cinglants d’énergie profane, infligeant des dégâts de chaos sur la durée aux ennemis à proximité.","Umgibt den Wirkenden mit peitschenden Winden aus heidnischer Energie, die bei Gegnern im Umkreis Chaosschaden über Zeit verursachen.","不浄なエネルギーの激しい風で使用者を包み込み、近くの敵に混沌継続ダメージを与える。","주변의 적들에게 지속 카오스 피해를 주는 부정한 에너지의 세찬 바람으로 시전자를 둘러쌉니다.","Envolve o conjurador com ventos de energia profana que causam dano de caos degenerativo aos inimigos próximos.","Окружает сотворившего умение секущими ветрами нечестивой энергии, которая наносит постепенный урон хаосом ближайшим врагам.","Rodea al lanzador con vientos huracanados de energía profana que infligen daño de caos degenerativo a los enemigos cercanos.","Scourstorm\r\nสร้างสายลมที่เหวี่ยงสะบัดไปด้วยพลังงานนอกรีตมาล้อมรอบผู้ร่ายเพื่อสร้างความเสียหาย เคออส ต่อเนื่องต่อศัตรูที่อยู่ใกล้","以褻瀆能量的強風圍繞施法者，對附近的敵人造成混沌持續傷害。",12,100,1,13441,"Art/2DArt/SkillIcons/HouseBardiyaSkill.dds"
50,5852,2,"[49,50,51,37,38,39,55,56,57,232,233,234,132,126,127,128,139,140,141]",5853,"Blight","Fléau","Pesthauch","ブライト","역병","Infestação","Мор","Plaga","แพร่โรคร้าย","萎滅","Apply a debuff to enemies which deals chaos damage over time. Enemies who aren't already debuffed by Blight are also hindered for a shorter secondary duration, slowing their movement. Continued channelling adds layers of damage to the debuff, each with their own duration.","Un sort qui applique un effet néfaste aux ennemis, leur infligeant des dégâts de chaos sur la durée. Les ennemis qui ne sont pas déjà affectés par Fléau sont également Entravés pendant un laps de temps secondaire, plus court, ce qui ralentit leur déplacement. Une canalisation maintenue ajoute des couches de dégâts à l'effet néfaste, chacune avec sa propre durée.","Fügt Gegnern eine Schwächung zu, die Chaosschaden über Zeit verursacht. Gegner, die durch Pesthauch noch nicht geschwächt sind, werden auch für eine kürzere sekundäre Dauer gelähmt, was ihre Bewegungen verlangsamt. Fortlaufendes Kanalisieren der Fertigkeit fügt der Schwächung weitere Schadensinstanzen zu, die jeweils über eine eigene Dauer verfügen.","敵に混沌継続ダメージを与えるデバフを付与する。ブライトのデバフを受けていない敵は短い副次的持続時間妨害のデバフを受け、移動スピードが遅くなる。チャネリングをし続けると、デバフのスタックが新たに追加される。スタックごとにそれぞれの持続時間を持つ。","적들에게 디버프를 걸어 지속 카오스 피해를 줍니다. 기존에 황폐 디버프에 걸리지 않은 적들은 이보다 짧은 별도의 지속시간 동안 이동 방해를 받아 이동이 느려집니다. 집중 유지를 계속하면 디버프가 중첩되어 지속 피해가 단계적으로 증가하며, 각각 별도의 지속시간을 갖습니다.","Aplica uma penalidade que causa dano de caos degenerativo aos inimigos. Inimigos que não são afetados pela penalidade da habilidade também são desacelerados por um período secundário mais curto. Canalizar por mais tempo adiciona camadas de dano à penalidade, cada uma com sua própria duração.","Накладывает на врагов отрицательный эффект, наносящий постепенный урон хаосом. Как только Мор начинает действовать на ещё не поражённых Мором врагов, на них накладываетя эффект Скованности, замедляющий скорость их передвижения в течение короткого вторичного промежутка времени. Поддержание умения позволяет накладывать слои постепенного урона, у каждого слоя своя собственная длительность.","Aplica un efecto nocivo a los enemigos que inflige daño de caos degenerativo. Los enemigos que todavía no estaban bajo el efecto de Plaga también se quedarán entumecidos durante un período de tiempo secundario más corto, lo cual ralentizará su movimiento. Al seguir canalizando, se añadirán capas de daño adicionales al efecto nocivo, cada una con su propia duración.","Blight\r\nสร้างดีบัฟต่อศัตรู ซึ่งสร้างความเสียหาย เคออส ต่อเนื่อง ศัตรูที่ไม่ติดสถานะ แพร่โรคร้าย ตั้งแต่แรกจะติดสถานะ ขัดขวาง เป็นระยะเวลารอง ทำให้เคลื่อนที่ได้ช้าลง การแชนเนลอย่างต่อเนื่องจะเพิ่มชั้นความเสียหายของดีบัฟนี้ โดยแต่ละชั้นจะมีระยะเวลาของมันเอง","對敵人施加一個減益效果，造成混沌持續傷害。沒受到萎滅減益效果的敵人也會被二階較短持續時間的阻礙影響，減少它們的移動速度。持續引導施放會增加減益效果疊層傷害。每層減益效果各自存在持續時間。",1,100,"",8450,""
51,8868,0,"[37,38,39,232,233,234,77,78,79,163,96,97,98]","","Bodyswap","Substitution corporelle","Reinkarnation","ボディスワップ","신체 전환","Trocar de Corpo","Обмен телами","Intercambio de cuerpos","สลับร่าง","屍術傳送","Explodes your body and recreates it at the location of a targeted enemy or corpse, dealing spell damage in an area at both locations. If targeting a corpse, the corpse will also explode, dealing damage around it.","Votre corps explose violemment avant d'être recréé à l'emplacement d'un ennemi ciblé ou d'un cadavre ciblé, infligeant des dégâts de sorts de zone à votre emplacement de départ et d'arrivée. Lorsqu'un cadavre est ciblé, il explose aussi, infligeant des dégâts autour de lui.","Lässt den Körper explodieren und stellt ihn am Ort des Zielgegners oder der Zielleiche wieder her und verursacht dabei an beiden Orten in einem Bereich Zauberschaden. Falls auf eine Leiche gezielt wird, explodiert diese ebenfalls und verursacht um sich herum Schaden.","身体を爆破し、指定された敵または死体の位置に再生し、使用者の元の位置と新しい位置の両方にスペルダメージを与える。死体をターゲットとした場合、死体も爆発し周囲にダメージを与える。","시전자의 폭발시킨 후 대상 적이나 시신이 위치한 곳에 재생시켜, 양쪽 지점에 주문 피해를 줍니다. 특정한 대상이 없을 경우 적보다 시신을 우선합니다. 시신을 대상으로 할 경우 해당 시신 또한 폭발하면서 그 주변에 피해를 줍니다.","Explode seu corpo e o recria onde estiver o inimigo ou cadáver escolhido, causando dano de magia em área nos dois locais. Se for um cadáver, ele também explode e causa dano ao redor.","Выбирает целью труп или врага, после чего уничтожает тело сотворившего умение и создаёт его около указанной цели, нанося урон от чар в области отправления и прибытия. При выборе целью трупа, труп будет взорван и нанесёт урон вокруг себя.","Hace explotar tu cuerpo y lo recompone en la ubicación de un enemigo o cadáver objetivo. Además, inflige daño de hechizos en un área en las dos ubicaciones. Si selecciona un cadáver como objetivo, el cadáver también explotará e infligirá daño a su alrededor.","Bodyswap\r\nระเบิดร่างกายของคุณแล้วสร้างร่างใหม่ที่ตำแหน่งของศัตรูหรือศพเป้าหมาย สร้างความเสียหาย เวท ในพื้นที่ตำแหน่งต้นทางและปลายทาง หากเป้าหมายเป็นศพ ศพนั้นจะระเบิดแล้วสร้างความเสียหายรอบตัวมัน","引爆你的軀體，對目標敵人或屍體重新現身，對兩個位置造成法術傷害。若以屍體為目標，屍體也會爆炸，對其周圍造成傷害。",10,100,"",4927,""
52,10684,3,[],"","Pride","Fierté","Stolz","プライド","자부심","Orgulho","Гордость","Orgullo","โอหัง","驕傲","Casts an aura that causes nearby enemies to take more physical damage.","Une aura qui augmente les dégâts physiques subis par les ennemis à proximité.","Zaubert eine Aura, durch die Gegner im Umkreis mehr physischen Schaden erleiden.","敵が受ける物理ダメージを上昇させるオーラを纏う。","근접한 적들이 더 많은 물리 피해를 받도록 만드는 오라를 시전합니다.","Ativa uma aura que faz os inimigos próximos sofrerem mais dano físico.","Окружает аурой, увеличивающей физический урон, который получают ближайшие враги.","Lanza un aura que hace que los enemigos cercanos reciban más daño físico.","Pride\r\nร่ายออร่าที่ทำให้ศัตรูที่อยู่ใกล้ได้รับความเสียหาย กายภาพ เพิ่มขึ้น อีก","施放一個光環，使附近敵人承受更多物理傷害。",24,100,"",18793,""
53,1976,0,"[49,50,51,65,66,67,159,232,233,234]","","Vaal Vitality","Vitalité vaal","Vaal-Vitalität","ヴァールバイタリティ","바알 활력","Vitalidade Vaal","Живучесть ваал","Vitalidad vaal","วาล์ กำลังวังชา","瓦爾．活力","Casts a temporary aura that grants life regeneration.","Une aura temporaire qui augmente la régénération de vie.","Zaubert eine temporäre Aura, die Lebensregeneration gewährt.","ライフ自動回復を付与する一時的オーラを纏う。","생명력 재생을 부여하는 일시적 오라를 시전합니다.","Ativa uma aura temporária que concede regeneração de vida.","Окружает временной аурой, которая дает регенерацию здоровья.","Proyecta un aura temporal que otorga regeneración de vida.","Vaal Vitality\r\nร่ายออร่าชั่วคราวที่มอบการ ฟื้นฟูพลังชีวิต","施放一個暫時性光環，賦予生命回復",28,100,"",14889,"Art/2DArt/SkillIcons/HouseCyaxanSkill.dds"
54,11845,2,"[49,50,51,37,38,39,11,12,232,233,234,126,127,128,55,56,57,126,127,128,217,218,219,157,158,164,165,166,123,124,125]",11846,"Reap","Fauchage","Sense","リープ","낫질","Ceifar","Кровавая жатва","Siega","เคียวเก็บเกี่ยว","收割","Creates a bloody scythe that swipes an area applying a physical damage over time debuff and hitting enemies with physical damage.","Fauche la zone ciblée à l'aide d'une lame ensanglantée. Les ennemis touchés subissent des dégâts physiques, ainsi qu'un effet néfaste infligeant des dégâts physiques sur la durée.","Erzeugt eine blutige Sense, die über eine ausgewählte Fläche schwingt, bei getroffenen Gegnern physischen Schaden verursacht und eine Schwächung mit physischem Schaden über Zeit anwendet.","振り回され、エリアに物理ヒットダメージを与えるとともに物理継続ダメージのデバフを与える血塗れの大鎌を生成する。","일정 범위를 휩쓰는 피투성이 낫을 생성하여, 지속 물리 피해 디버프를 적용하고 적을 명중하여 물리 피해를 줍니다.","Invoca uma foice sangrenta que ataca uma área, aplicando uma penalidade de dano físico degenerativo e causando dano físico aos inimigos.","В области совершает взмах кровавая коса, накладывая отрицательный эффект постепенного физического урона и поражая врагов физическим уроном.","Crea una guadaña sangrienta que recorre un área y aplica un efecto nocivo de daño físico degenerativo además de impactar a los enemigos con daño físico.","Reap\r\nสร้างเคียวโลหิตฟันกวาดพื้นที่เป้าหมาย สร้างความเสียหาย กายภาพ ต่อศัตรูที่ถูกปะทะและสร้างดีบัฟที่จะสร้างความเสียหาย กายภาพ ต่อเนื่อง","創造一把血腥鐮刀橫掃區域，施加物理持續傷害減益效果，且擊中敵人時造成物理傷害。",28,100,"",14064,""
55,5323,2,"[49,50,51,232,233,234,157,158,217,218,219,164,165,166,37,38,39,123,124,125]",5324,"Corrupted Blade Vortex of the Scythe","Vortex de lame de la Faux corrompu","Verderbter Klingenwirbel der Sense","コラプト大鎌のブレードヴォーテックス","타락한 낫의 칼날 소용돌이","Vórtice de Lâminas Corrompidas da Foice","Осквернённый Вихрь клинков косы","Vórtice de filos de la guadaña corrupto","กระแสมีดวนอาบมลทินแห่งเคียว","腐化飛刃風暴．鐮刀","This spell creates a swarm of ethereal blades which briefly orbit in an area around you, dealing damage and applying corrupted blood to all enemies in their radius.","Ce sort crée des lames éthérées qui orbitent brièvement dans une zone autour de vous, infligeant des dégâts et appliquant le sang corrompu à tous les ennemis dans leur rayon.","Zaubert einen Schwarm ätherischer Klingen, die kurzzeitig in einem Wirbel um Euch herum kreisen, und bei Gegnern im Radius verderbtes Blut verursachen und diesen Schaden zufügen.","使用者の周囲を短い時間回るエーテルの刃の群れを生成し、範囲内にいる全ての敵にダメージを与え穢れた血を付与する。","시전자 주변을 잠깐 맴도는 천상의 칼날 무리를 만들어, 반경 내의 적에게 피해를 주고 타락한 피를 적용합니다.","Invoca várias lâminas etéreas que orbitam brevemente ao seu redor, causando dano e aplicando sangue corrompido aos inimigos dentro do seu alcance.","Эти чары создают скопление бесплотных ножей, которые короткое время летают вокруг, нанося урон и накладывая осквернённую кровь на всех врагов в их радиусе. ","Este hechizo crea un enjambre de filos etéreos que orbitan brevemente en un área a tu alrededor y que inflige daño y aplica sangre corrupta a todos los enemigos en su radio.","Corrupted Blade Vortex of the Scythe\r\nเวทนี้สร้างใบมีดวิญญาณที่โคจรในพื้นที่รอบตัวคุณชั่วคราว สร้างความเสียหายและสร้างดีบัฟ โลหิตมลทินต่อศัตรูทั้งหมดในรัศมี","這個法術會創造出一批虛空的刀刃，它們短暫地繞著你附近形成一個區域，對範圍內的所有敵人造成傷害並施加腐化之血。",12,100,"",8958,""
56,12337,2,"[49,50,51,65,66,67,126,127,128,232,233,234,159,55,56,57,217,218,219,164,165,166,248]",12338,"Vaal Reap","Fauchage vaal","Vaal-Sense","ヴァールリープ","바알 낫질","Ceifar Vaal","Кровавая жатва ваал","Siega vaal","วาล์ เคียวเก็บเกี่ยว","瓦爾．收割","Creates a bloody scythes that swipes an area, hitting enemies with physical damage. An area of boiling blood is left beneath them for a duration which deals physical damage over time.","Fauche autour de la zone ciblée avec des faux ensanglantées, infligeant des dégâts physiques au toucher aux ennemis. Génère pendant une certaine durée une zone de sang bouillonnant en dessous d'eux, qui leur inflige des dégâts physiques sur la durée.","Erzeugt blutige Sensen, die über eine ausgewählte Fläche schwingen und Gegner mit physischem Schaden treffen. Unter den Gegnern verbleibt für eine Dauer eine Fläche aus Kochendem Blut, die physischen Schaden über Zeit verursacht.","振り回され、エリアに物理ヒットダメージを与える血塗れの大鎌を生成する。敵の足元に沸騰する血の領域を残し、物理継続ダメージを与える。","일정 범위를 휩쓰는 피투성이 낫을 생성하여, 적을 명중하여 물리 피해를 줍니다. 명중한 적 아래의 일정 범위에 일정 시간 동안 끓는 피가 남아 지속 물리 피해를 줍니다.","Invoca foices sangrentas que atacam uma área, causando dano físico aos inimigos. Elas deixam uma área de sangue fervente temporária que causa dano físico degenerativo.","В области совершают взмах кровавые косы, поражая врагов физическим уроном. Под ними на некоторое время остаётся область кипящей крови, которая наносит постепенный физический урон.","Crea unas guadañas sangrientas que recorren un área e impactan a los enemigos con daño físico. Debajo de ellos, se crea un área de sangre hirviente que inflige daño físico degenerativo durante un tiempo.","Vaal Reap\r\nสร้างเคียวโลหิตหลายเล่มฟันกวาดพื้นที่เป้าหมาย สร้างความเสียหาย กายภาพ ต่อศัตรูที่ถูกปะทะ และทิ้งพื้นที่โลหิตเดือดเอาไว้ข้างใต้มันเป็นระยะเวลาหนึ่ง ซึ่งสร้างความเสียหาย กายภาพ ต่อเนื่อง","創造一把血腥鐮刀橫掃區域，擊中敵人時造成物理傷害。在它們下方留下沸騰之血一段時間，其造成物理持續傷害。",28,100,1,1185,""
57,11811,2,"[49,50,51,126,127,128,37,38,39,55,56,57,164,165,166]",11812,"Exsanguinate","Exsanguination","Ausbluten","イグザングイネイト","방혈","Dessangrar","Обескровливание","Desangrar","โลหิตชอนไช","抽血","Releases several tendrils of blood. The tendrils deal physical damage and inflict a physical damage over time debuff to enemies, which can stack up to 3 times. Effects which allow skills to chain can apply to these tendrils.","Libère plusieurs vrilles de sang. Ces vrilles infligent des dégâts physiques ainsi qu'un effet néfaste de dégâts physiques sur la durée cumulable jusqu'à 3 fois. Les vrilles de sang peuvent bénéficier des effets de Ricochet.","Entfesselt mehrere Ranken aus Blut. Die Ranken verursachen physischen Schaden und wenden auf Gegner eine Schwächung mit physischem Schaden über Zeit an, die bis zu drei Stapel haben kann. Effekte, durch die sich Fertigkeiten verketten, können auf diese Ranken angewendet werden.","血の蔓を飛ばす。蔓状の血は物理ダメージを与え、物理継続ダメージを与えるデバフを敵に付与する。このデバフは最大3スタックまで貯まる。スキルが連鎖するようになる効果によりこの蔓状の血も連鎖するようになる。","여러 갈래의 피 촉수가 뻗어 나옵니다. 촉수는 적들에게 물리 피해를 주고, 3회까지 중첩되는 지속 물리 피해 디버프를 유발합니다. 스킬의 연쇄를 일으키는 효과를 이 촉수에 적용할 수 있습니다.","Libera vários tentáculos de sangue que causam dano físico e aplicam uma penalidade de dano físico degenerativo, podendo haver até 3 instâncias. Efeitos que permitem a propagação de habilidades também funcionam com os tentáculos.","Выпускает несколько кровавых побегов. Побеги наносят физический урон и накладывают на врагов отрицательный эффект постепенного физического урона, суммирующийся до 3 раз. На побеги могут действовать эффекты, позволяющие умениям наносить удары по цепи.","Dispara varios haces de sangre. Los haces infligen daño físico y aplican un efecto nocivo de daño físico degenerativo a los enemigos que se puede acumular hasta 3 veces. Los efectos que permiten que las habilidades se encadenen pueden aplicarse a estos haces.","Exsanguinate\r\nเสกสายโลหิตชอนไช สายโลหิตเหล่านี้จะสร้างความเสียหาย กายภาพ และสร้าง ดีบัฟ ต่อศัตรูซึ่งจะสร้างความเสียหาย กายภาพ ต่อเนื่อง ซึ่งสามารถซ้อนกันได้สูงสุด 3 ระดับ ผลที่ทำให้สกิลชิ่งจะส่งผลให้สายโลหิตนี้ชิ่งเช่นกัน","釋放數個鮮血觸手。觸手造成物理傷害，並對敵人造成物理持續傷害減益效果，最多可堆疊 3 次。可讓技能連鎖的效果也套用於這些觸手。",12,100,"",40439,""
58,5760,1,"[232,233,234,55,56,57,49,50,51,126,127,128,55,56,57,164,165,166]","","Boiling Blood","Sang bouillonnant","Kochendes Blut","沸騰する血","끓는 피","Sangue Fervente","Кипящая кровь","Sangre hirviente","โลหิตเดือด","沸騰之血","Creates a pool of boiling blood on using a travel skill, which deals physical damage over time to enemies within it.","Crée une flaque de sang bouillonnant lors de l'utilisation d'une aptitude de trajet, qui inflige des dégâts physiques sur la durée aux ennemis s'y trouvant.","Bei Benutzung einer Fortbewegungsfertigkeit wird eine Fläche aus Kochendem Blut erzeugt, die bei Gegnern darin physischen Schaden über Zeit verursacht.","トラベルスキルを使用すると沸騰する血たまりが作成され、その中にいる敵に物理継続ダメージを与える。","이동 전용 스킬 사용 시 끓는 피 웅덩이를 생성합니다. 웅덩이는 안에 있는 적에게 지속 물리 피해를 줍니다.","Ao usar uma habilidade de deslocamento, cria uma poça de sangue fervente que causa dano físico degenerativo aos inimigos dentro dela.","Создаёт на земле лужу кипящей крови с помощью умения Смещения, которая наносит постепенный физический урон стоящим на ней врагам.","Crea un charco de sangre hirviente al usar una habilidad de viaje, que inflige daño físico degenerativo a los enemigos que se encuentran sobre él.","Boiling Blood\r\nสร้างบ่อโลหิตเดือดเมื่อใช้ สกิลเดินทาง เพื่อสร้างความเสียหาย กายภาพ ต่อเนื่อง ต่อศัตรูที่อยู่ภายใน","使用快行技能時製造一攤沸騰之血，對其中的敵人造成物理持續傷害。",12,100,"",44422,"Art/2DArt/SkillIcons/HouseCyaxanSkill.dds"
59,3064,2,"[232,233,234,52,53,54,65,66,67,159,11,12,217,218,219,157,158,164,165,166]","","[DNT] Unused","[DNT] Unused","[DNT] Unused","[DNT] Unused","[DNT] Unused","[DNT] Unused","[DNT] Unused","[DNT] Unused","[DNT] Unused","[DNT] Unused","[DNT] Unused","[DNT] Unused","[DNT] Unused","[DNT] Unused","[DNT] Unused","[DNT] Unused","[DNT] Unused","[DNT] Unused","[DNT] Unused","[DNT] Unused",1,100,"",11256,""
60,1189,3,[],"","Blasphemy Enfeeble","Affaiblissement Blasphème","Blasphemie-Schwächen","冒涜のエンフィーブル","신성 모독 쇠약화","Debilitar com Blasfêmia","Богохульство Слабости","Debilitar de blasfemia","สาปส่งหมดเรี่ยวแรง","褻瀆衰弱","Casts an aura that curses all enemies in an area, reducing their accuracy and making them deal less damage.","Lance une aura qui maudit tous les ennemis dans une zone, réduisant leur précision et leur faisant subir une perte de dégâts infligés.","Zaubert eine Aura, die alle Ziele in einem Bereich verflucht, was ihre Genauigkeit verringert und bewirkt, dass sie weniger Schaden verursachen.","エリア内のすべての敵に呪いをかけるオーラを纏い、敵の命中力を減少させ、与えるダメージを低下させる。","범위 내 모든 적에게 저주를 걸어 정확도와 피해를 낮추는 오라를 시전합니다.","Ativa uma aura que amaldiçoa os inimigos em uma área, reduzindo sua precisão e dano.","Окружает аурой, которая проклинает всех врагов в области, снижая их меткость и заставляя их наносить меньше урона.","Lanza un aura que maldice a todos los objetivos de un área para reducir su precisión y hacer que inflijan menos daño.","Blasphemy Enfeeble\r\nร่ายออร่าที่สาปทุกเป้าหมายในพื้นที่ ทำให้พวกมันมีความแม่นยำลดลง และทำให้พวกมันสร้างความเสียหายลดลง อีก","施放一個光環，詛咒區域內的所有敵人，降低其命中，並使他們造成更少傷害。",24,100,"",26391,""
61,3255,0,"[232,233,234,49,50,51,37,38,39,65,66,67,159,126,127,128]","","Desecrate","Profanation","Entweihen","デセクレート","모독","Profanar","Осквернение","Profanar","วิชาผิดผี","褻瀆","Desecrates the ground, spawning corpses based on monsters in the current area and dealing chaos damage over time to enemies.","Une profanation du sol qui invoque des cadavres basés sur les monstres présents dans la zone actuelle et inflige des dégâts de chaos aux ennemis.","Entweiht den Boden, erzeugt Leichen, die auf den Monstern im aktuellen Gebiet basieren, und verursacht bei Gegnern Chaosschaden über Zeit.","地面を冒涜して、現在のエリアのモンスターに基づいた死体をスポーンし、範囲内の全ての敵に混沌ダメージを与える。","지면을 훼손하고 현재 지역 내 몬스터에 기반한 시신을 소환하여 적에게 지속 카오스 피해를 줍니다.","Profana o chão, criando cadáveres com base nos monstros da área atual e causando dano de caos degenerativo aos inimigos.","Оскверняет землю, создавая трупы на основе монстров в текущей области и нанося постепенный урон хаосом врагам.","Profana el suelo para generar cadáveres basados en los monstruos del área actual e infligir daño de caos degenerativo a los enemigos.","Desecrate\r\nนำความเสื่อมมาแก่พื้นดินให้เป็น พื้นเสื่อมทราม พร้อมกับอัญเชิญ ศพ ตามมอนสเตอร์ที่อยู่ในด้านนี้แล้วสร้างความเสียหาย เคออส ต่อเนื่องต่อศัตรูทั้งหมดที่อยู่ในพื้นที่","褻瀆地面，依據目前區域的怪物生成屍體，並對敵人造成混沌持續傷害。",16,100,"",21523,""
62,3300,0,"[49,50,51,37,38,39,65,66,67]","","Bone Offering","Offrande d'os","Knochenopfer","ボーンオファリング","뼈 공물","Oferenda Óssea","Подношение костей","Ofrenda de hueso","เซ่นไหว้ด้วยกระดูก","骸骨奉獻","Consumes a corpse, granting the owners minions the power to block both attacks and spells. The skill consumes other nearby corpses, increasing the duration for each corpse consumed.","Un sort qui consomme un cadavre afin d'octroyer aux créatures du propriétaire la capacité de bloquer les attaques et les sorts. L'aptitude consomme également les autres cadavres à proximité, augmentant sa durée pour chaque cadavre ainsi consommé.","Verbraucht einen Leichnam und verleiht verbündeten Kreaturen die Fähigkeit, Angriffe und Zauber zu blocken. Die Fertigkeit verbraucht auch andere Leichname im Umkreis, und die Dauer wird durch jeden verbrauchten Leichnam erhöht.","死体を消費することで、オーナーのミニオンにアタックとスペルの両方をブロックする能力を付与する。このスキルは周囲の他の死体も消費し、消費された死体ごとに持続時間が増える。","시신 한 구를 제물로 바쳐 소유자의 소환수의 공격 및 주문 피해 막기 확률을 증가시킵니다. 다른 시신이 인접해 있을 경우 함께 바쳐지며 시신 한 구당 지속시간이 누적 증가합니다.","Consome um cadáver, concedendo aos lacaios a capacidade de bloquear ataques e magias. A habilidade consome outros cadáveres próximos, aumentando sua duração para cada um consumido.","Поглощает труп, даруя приспешникам владельца возможность блокировать удары и чары. Умение поглощает и другие оказавшиеся рядом трупы, продлевая действие с каждым поглощённым трупом.","Consume un cadáver para conferir a los esbirros del dueño la capacidad de bloquear tanto ataques como hechizos. La habilidad consume otros cadáveres cercanos y aumenta su duración por cada cadáver consumido.","Bone Offering\r\nกลืนกินศพหนึ่ง เพื่อให้ มิเนียนของเจ้าของ มีพลังในการบล็อคทั้งการโจมตีและเวท สกิลนี้กลืนกินศพอื่นที่อยู่ใกล้และมีระยะเวลาเพิ่มขึ้นตามจำนวนศพที่กลืนกิน","消耗一個屍體，賦予擁有者的召喚物格擋攻擊和法術的能力。該技能會消耗附近其他屍體，每消耗一個屍體會增加其持續時間。",12,100,1,44467,""
63,3290,0,"[49,50,51,37,38,39,65,66,67]","","Flesh Offering","Offrande de chair","Fleischopfer","フレッシュオファリング","살점 공물","Oferenda Carnal","Подношение плоти","Ofrenda de carne","เซ่นไหว้ด้วยเนื้อหนัง","血肉奉獻","Consumes a corpse, which temporarily empowers the owners minions with swiftness. The skill consumes other nearby corpses, increasing the duration for each corpse consumed.","Un sort qui consomme un cadavre afin d'améliorer temporairement la vitesse des créatures du propriétaire. L'aptitude consomme également les autres cadavres à proximité, augmentant sa durée pour chaque cadavre ainsi consommé.","Verbraucht einen Leichnam, um verbündete Kreaturen kurzzeitig mit Schnelligkeit zu verstärken. Die Fertigkeit verbraucht auch andere Leichname im Umkreis, und die Dauer wird durch jeden verbrauchten Leichnam erhöht.","死体を消費することで、オーナーのミニオンに敏捷さを付与する。このスキルは周囲の他の死体も消費し、消費された死体ごとに持続時間が増える。","시신 한 구를 제물로 바쳐 일시적으로 소유자의 소환수의 속도를 증가시킵니다. 다른 시신이 인접해 있을 경우 함께 바쳐지며 시신 한 구당 지속시간이 누적 증가합니다.","Consome um cadáver, fortalecendo temporariamente os lacaios com agilidade. A habilidade consome outros cadáveres próximos, aumentando sua duração para cada um consumido.","Поглощает труп, временно ускоряя приспешников владельца. Умение поглощает и другие оказавшиеся рядом трупы, продлевая действие с каждым поглощённым трупом.","Consume un cadáver para conferir temporalmente rapidez a los esbirros del dueño. La habilidad consume otros cadáveres cercanos y aumenta su duración por cada cadáver consumido.","Flesh Offering\r\nกลืนกินศพหนึ่ง เพื่อให้ มิเนียนของเจ้าของ มีความเร็วเพิ่มขึ้นชั่วคราว สกิลนี้กลืนกินศพอื่นที่อยู่ใกล้และมีระยะเวลาเพิ่มขึ้นตามจำนวนศพที่กลืนกิน","消耗一個屍體，暫時賦予擁有者的召喚物速度提升。該技能會消耗附近其他屍體，每消耗一個屍體會增加其持續時間。",12,100,1,61730,""
64,11829,3,[],"","Relic of Binding","Relique de liaison","Relikt der Bindung","レリックオブバインディング","속박의 유물","Relíquia de Tolhimento","Реликвия привязи","Reliquia de unión","วัตถุตรึง","束縛聖物","Summons a stationary Relic which generates an aura. Enemies in the aura will take damage based on their life when using movement skills.","Invoque une Relique stationnaire qui génère une aura. Les ennemis à portée de l'aura subissent des dégâts en fonction de leur vie lorsqu'ils utilisent des aptitudes de déplacement.","Beschwört ein stationäres Relikt, das eine Aura erzeugt. Gegner, die sich in der Aura befinden, erleiden beim Einsatz von Bewegungsfertigkeiten Schaden, der auf ihrem Leben basiert.","オーラを発生させる静止したレリックを召喚する。オーラ内の敵は移動スキル使用時にライフに基づいたダメージを受ける。","정지 상태로 오라를 생성하는 유물을 소환합니다. 오라 속에 있는 적들은 이동 스킬 사용 시 생명력에 따라 피해를 받습니다.","Invoca uma relíquia imóvel que gera uma aura. Inimigos dentro da aura recebem dano com base na vida deles ao usar habilidades de movimento.","Призывает неподвижную реликвию, которая излучает ауру. Враги внутри ауры будут получать урон, зависящий от их здоровья, при использовании умений передвижения.","Invoca una reliquia estacionaria que genera un aura. Los enemigos que estén en el aura recibirán daño en función de su vida al usar habilidades de movimiento.","Relic of Binding\r\nอัญเชิญ วัตถุแน่นิ่ง ที่สร้างออร่า ศัตรูที่ใช้สกิลเคลื่อนที่ภายในออร่านี้จะได้รับความเสียหายตามพลังชีวิตของมัน","召喚一個會產生光環的靜止聖物。光環內的敵人使用位移技能時會根據其生命承受傷害。",28,100,"",62758,"Art/2DArt/SkillIcons/HouseBardiyaSkill.dds"
65,1289,2,"[37,38,39,200,217,218,219,164,165,166,177,178,179,188,189,190,245]","","Summon Skeletons","Invocation de Squelettes","Skelette beschwören","スケルトン召喚","해골 소환","Invocar Esqueletos","Сотворение скелетов","Invocar esqueletos","อัญเชิญโครงกระดูก","召喚骷髏","Summons Skeleton Warrior minions. They use a melee attack and die after a duration.","Invoque des Guerriers squelettes. Ils utilisent une attaque de mêlée et meurent après une certaine durée.","Beschwört Skelettkrieger-Kreaturen, die einen Nahkampfangriff verwenden und nach einer Dauer sterben.","スケルトンウォーリアーミニオンを召喚する。ミニオンは近接攻撃を行い、持続時間が経過すると死ぬ。","해골 전사 소환수들을 소환합니다. 소환수는 근접 공격을 사용하고 지속시간이 지나면 사망합니다.","Invoca lacaios Guerreiros Esqueleto, que atacam corpo a corpo e são destruídos após um período.","Создаёт скелетов-воинов. Скелеты используют атаку ближнего боя и со временем рассыпаются.","Invoca esbirros guerreros esqueleto. Usan un ataque cuerpo a cuerpo y mueren después de un tiempo.","Summon Skeletons\r\nอัญเชิญมิเนียน นักรบโครงกระดูก มายังตำแหน่งเป้าหมาย มันจะใช้การ โจมตีประชิด และมันจะตายเมื่อผ่านไประยะเวลาหนึ่ง ","召喚骷髏戰士召喚物，其使用近戰攻擊並在一段時間後死亡。",10,100,"",17409,""
66,3188,2,"[37,38,39,96,97,98,168,169,170,177,178,179,188,189,190,200,249]","","Summon Raging Spirit","Invocation d'Esprit enragé","Flammenschädel beschwören","レイジングスピリット召喚","격노의 유령 소환","Invocar Espírito Furioso","Призыв неистового духа","Invocar espíritus encolerizados","อัญเชิญวิญญาณเกรี้ยวกราด","召喚憤怒狂靈","Summons a short-lived flaming skull that rushes at nearby enemies and attacks them rapidly, converting all its physical damage to fire. ","Un sort qui invoque un crâne incandescent ayant une courte durée de vie. Le crâne fonce sur les ennemis à proximité et les attaque rapidement. Tous ses dégâts physiques sont convertis en dégâts de feu.","Beschwört einen kurzlebigen Flammenschädel, der auf Gegner im Umkreis zustürmt, sie schnell angreift und seinen gesamten physischen Schaden in Feuerschaden umwandelt. ","短命の炎の髑髏を召喚する。炎の髑髏は近くの敵に突進し素早く攻撃する。すべての物理ダメージを火ダメージに変換する。","불타는 해골을 짧은 시간 동안 소환하여 주변 적에게 달려들어 빠르게 공격하게 합니다. 해골은 자신의 모든 물리 피해를 화염 피해로 전환합니다.","Invoca um crânio flamejante de curta duração que avança contra inimigos próximos e os ataca rapidamente, convertendo todo o dano físico em dano de fogo.","Ненадолго призывает пылающий череп, который бросается на ближайших врагов и быстро их атакует, превращая весь наносимый физический урон в урон от огня.","Invoca un cráneo llameante de corta vida que carga hacia los enemigos cercanos para atacarlos rápidamente con todo su daño físico convertido en fuego.","Summon Raging Spirit\r\nอัญเชิญ กะโหลกเพลิง อายุสั้นที่พุ่งเข้าใส่ศัตรูที่อยู่ใกล้และโจมตีอย่างรวดเร็ว แปลงความเสียหาย กายภาพ ของมันทั้งหมดเป็น ไฟ","召喚持續時間短暫的火焰骷髏，它會衝向附近的敵人並快速攻擊，將自身所有物理傷害轉換為火焰傷害。",4,100,"",19108,""
67,671,2,"[200,217,218,219,164,165,166,177,178,179,188,189,190,191,192,258]",672,"Raise Zombie of Gigantism","Réanimation en Zombie du Gigantisme","Zombie des Riesenwuchses erwecken","巨人化のゾンビ蘇生","거대증의 좀비 소환","Criar Zumbi Gigante","Поднятие зомби гигантизма","Levantar zombi de gigantismo","ปลุกซอมบี้แห่งความมหึมา","殭屍復甦．巨大化","Raises a single gigantic zombie minion from a corpse, which will follow you and attack enemies with a melee strike.","Ranime un unique zombie gigantesque à partir d’un cadavre. Il vous suit et attaque les ennemis avec une frappe de mêlée.","Beschwört eine einzige, riesige Zombiekreatur aus einem Leichnam, die Euch folgt und Eure Gegner mit einem Nahkampfschlag angreift.","死体から巨大なゾンビミニオンを1体蘇生する。ゾンビは召喚者に付いて行き、近接ストライクで敵を攻撃する。","시신에서 거대한 좀비 소환수 하나를 소환합니다. 좀비는 시전자를 따라다니며 근접 타격으로 적을 공격합니다.","Cria um único zumbi gigante de um cadáver, que te acompanha e ataca inimigos com golpes corpo a corpo.","Создаёт единственного огромного ходячего мертвеца из трупа. Мертвец будет следовать за героем и атаковать врагов в ближнем бою.","Levanta un único esbirro zombi gigante de un cadáver. El zombi te sigue y ataca a los enemigos con un golpe cuerpo a cuerpo.","Raise Zombie of Gigantism\r\nปลุกมิเนียน ซอมบี้มหึมา จากศพหนึ่ง ซึ่งจะติดตามคุณและโจมตีศัตรูด้วย การฟาดประชิด","從屍體中復甦一隻巨大的殭屍召喚物，它會跟隨你並用近戰打擊攻擊敵人。",1,100,"",52491,""
68,669,2,"[200,37,38,39,164,165,166,177,178,179,232,233,234,123,124,125,157,158,196,197,198,26,27,28]",670,"Raise Zombie of Falling","Réanimation en Zombie de la Chute","Zombie des Fallens erwecken","落下のゾンビ蘇生","추락의 좀비 소환","Criar Zumbi Cadente","Поднятие падающего зомби","Levantar zombi de caída","ปลุกซอมบี้แห่งการร่วงหล่น","殭屍復甦．墜落","Raises necromantic energies into the sky where they coalesce into a zombie minion. The minion then attacks by falling to the ground, causing an impact that deals damage in an area and kills the zombie.","Un sort qui libère des énergies nécromantiques qui s'agglomèrent dans le ciel, formant un zombie. Cette créature attaque ensuite en tombant au sol, entraînant un impact qui inflige des dégâts dans une zone et tue le zombie.","Beschwört nekromantische Energien im Himmel, wo sie sich zu einer Zombiekreatur verbinden. Die Kreatur greift dann an, indem sie zu Boden fällt und einen Aufprall verursacht, der in einem Bereich Schaden verursacht und den Zombie tötet.","ネクロマンティックエナジーを上空に送り、そのエナジーはそこで一つにまとまりゾンビミニオンとなる。その後ミニオンは地面に向かって落下して攻撃し、衝撃で周囲の敵にダメージを与えるがゾンビは死亡する。","하늘로 강령술의 에너지가 피어오른 후 엉겨, 좀비 소환수가 생겨납니다. 소환수는 지상으로 추락하며 공격해 충돌 시 일정 범위에 피해를 주고 사망합니다.","Eleva energias necromânticas ao céu, onde se juntam formando um zumbi lacaio. O zumbi ataca caindo no chão, causando dano em área e morrendo no impacto.","Возносит в небо некромантическую энергию, где она сгущается в приспешника-зомби. Затем приспешник атакует путём падения на землю, что вызывает удар, наносящий урон по области и убивающий приспешника.","Levanta energías nigrománticas en el cielo donde se fusionan para crear un esbirro zombi. El esbirro ataca cayendo al suelo. La caída provoca un choque que inflige daño en un área y mata al zombi.","Raise Zombie of Falling\r\nปลุกพลังหมอผีไปยังฟากฟ้าที่จะรวมตัวเป็นมิเนียน ซอมบี้ จากนั้นมิเนียนนี้จะโจมตีด้วยการตกลงพื้น ซึ่งจะสร้างความเสียหายในพื้นที่และคร่าชีวิตซอมบี้","讓靈能的能量升至空中而凝聚為殭屍召喚物。該召喚物降落至地面來攻擊，撞擊時對一個區域造成傷害並殺死該殭屍。",1,100,"",57377,""
69,10415,2,"[0,1,142,6,7,183,184,185,37,38,39,148,149,150,143,144,145,174,175,176,26,27,28,250]",10416,"Soulrend of Reaping","Déchirure d'âme du Fauchage","Seelenriss des Entzugs","刈り取りのソウルレンド","낫질의 영혼 분리","Rasgar Alma da Ceifa","Разрыв души кровавой жатвы","Desgarrador de almas de siega","ฉีกวิญญาณแห่งการเก็บเกี่ยว","靈體撕裂．收割","Fires a projectile that deals chaos damage to enemies it hits and leeches some of that damage as energy shield.","Un sort qui envoie un projectile qui inflige des dégâts de chaos aux ennemis touchés et draine sous forme de bouclier d'énergie une partie des dégâts infligés.","Entfesselt ein Projektil, das bei getroffenen Gegnern Chaosschaden verursacht und einen Teil dieses Schadens als Energieschild raubt.","敵にヒットすると混沌ダメージを与え、そのダメージの一部をエナジーシールドとしてリーチする投射物を放つ。","명중하는 적에게 카오스 피해를 주는 투사체를 발사하고 해당 피해의 일부를 에너지 보호막으로 흡수합니다.","Dispara um projétil que causa dano de caos aos inimigos atingidos e rouba parte desse dano como escudo de energia.","Выпускает снаряд, который наносит урон хаосом противникам, в которых он попадает, и похищает часть этого урона в виде энергетического щита.","Dispara un proyectil que inflige daño de caos a los enemigos a los que impacta y absorbe una parte de ese daño como escudo de energía.","Soulrend of Reaping\r\nปล่อยโพรเจกไทล์ที่สร้างความเสียหาย เคออส ต่อศัตรูที่ปะทะ และดูดความเสียหายบางส่วนมาเป็น โล่พลังงาน","發射投射物，對擊中的敵人造成混沌傷害，並將該傷害一部分偷取為能量護盾。",28,100,"",10742,""
70,11977,2,"[49,50,51,52,53,54,148,149,150,183,184,185,232,233,234,37,38,39,187,143,144,145,174,175,176,26,27,28]","","Voltaxic Burst","Explosion voltaxique","Voltaxische Explosion","ボルタキシックバースト","전도성 격발","Explosão Voltáxica","Вольтаксовая вспышка","Estallido voltáxico","ระเบิดวอลทาซิก","魔痕爆發","Each cast of this spell waits for a short duration, releasing a burst of lightning and chaos spell damage in the surrounding area when that duration ends. Enemies killed by this damage, or shortly after, will explode.","Chaque incantation de ce sort attend un court instant avant de libérer une décharge de dégâts de foudre et de chaos dans la zone environnante. Les ennemis tués par ces dégâts, ou peu après, explosent.","Jedes Wirken dieses Zaubers entfesselt nach einer kurzen Dauer des Wartens eine Explosion aus Blitz- und Chaos-Zauberschaden im umliegenden Bereich, wenn diese Dauer endet. Gegner, die durch diesen Schaden oder kurz darauf getötet werden, explodieren.","唱えるごとに、一定時間後に周囲に雷と混沌スペルダメージの爆発を放つ。このダメージによりまたはダメージを受けた直後に倒された敵は爆発しする。","이 주문을 시전할 때마다 짧은 시간 동안 대기합니다. 대기 시간이 끝나면 폭발을 일으키며 주변에 번개 및 카오스 주문 범위 피해를 줍니다. 이 피해로 사망한 적은 폭발합니다.","A cada lançamento, a magia atrasa brevemente antes de liberar uma explosão de dano de raio e de caos ao redor. Inimigos mortos por esse dano, ou logo depois, explodem.","Каждое сотворение этих чар после короткой задержки испускает вспышку урона от молнии и урона хаосом от чар в окружающей области. Враги, убитые этим уроном или вскоре после его нанесения, взрываются.","Cada lanzamiento de este hechizo espera durante un corto tiempo y libera un estallido de daño de hechizos de rayo y caos en el área circundante cuando acaba ese tiempo. Los enemigos que mueran por este daño, o poco después, explotarán.","Voltaxic Burst\r\nการร่ายเวทนี้แต่ละครั้งจะทำการเริ่มนับระยะเวลาสั้นๆ ซึ่งจะระเบิดออกมารอบตัวเป็นความเสียหาย เวท สายฟ้าและเคออส เมื่อระยะเวลานั้นหมดลง ศัตรูที่ถูกสังหารจากความเสียหายนี้หรือหลังจากนั้นไม่นานจะระเบิดตัวเอง","該法術的每次施放都會等待一小段時間，該時間結束時，在你附近的區域釋放一陣閃電和混沌法術傷害。被這種傷害殺死的敵人或在短時間內死亡都會爆炸。",12,100,"",52144,""
71,11443,1,"[143,144,145,146,49,50,51,157,158,65,66,67,232,233,234,148,149,150,174,175,176]","","Void Sphere","Sphère du Néant","Sphäre der Leere","ヴォイドスフィア","공허 구체","Esfera do Vazio","Сфера пустоты","Esfera de vacío","หลุมต่างมิติ","虛無玉","Creates a Void Sphere which Hinders enemies in an area around it, with the debuff being stronger on enemies closer to the sphere. It also regularly releases pulses of area damage. The Void Sphere will consume the corpses of any enemies which die in its area.","Crée un trou noir qui Entrave les ennemis autour de lui. Cet effet est plus prononcé sur les ennemis les plus proches du centre de la sphère. Sphère du Néant inflige également des Dégâts de manière régulière à chacune de ses pulsations, et absorbe automatiquement le cadavre des ennemis qui meurent à proximité.","Erzeugt eine Sphäre der Leere, die Gegner in einem Gebiet um sich herum lähmt, wobei die Schwächung auf näherstehende Gegner stärker wirkt. Die Sphäre setzt auch regelmäßig einen Impuls ab, der Flächenschäden verursacht. Die Sphäre der Leere verzehrt die Leichen aller Gegner, die in ihrem Gebiet sterben.","ヴォイドスフィアを生成し、周囲の敵に妨害を付与する。スフィアに近い敵ほど妨害のデバフの効果が大きくなる。スフィアは範囲ダメージを与えるパルスも定期的に発生させる。ヴォイドスフィアは範囲内で倒された敵の死体も消費する。","주변 적의 이동을 방해하는 공허 구체를 생성합니다. 적이 구체에 가까울수록 디버프 효과가 강해집니다. 또한 주기적으로 범위 피해 파동을 방출합니다. 공허 구체는 범위 내에서 죽은 적의 시신을 흡수합니다.","Cria uma Esfera do Vazio que tolhe inimigos na área ao redor, com o efeito sendo mais forte contra alvos mais próximos da\r\nesfera. Ela também libera pulsos de dano em área com frequência. A Esfera do Vazio consome os cadáveres dos inimigos que morrem na área de efeito.","Создаёт Сферу пустоты, сковывающую врагов вокруг тем сильнее, чем ближе они к ней. Сфера периодически пульсирует уроном по области и поглощает трупы любых врагов, погибших в зоне её действия.","Crea una esfera de vacío que entumece a los enemigos en un área a su alrededor. Este efecto nocivo es más fuerte en los enemigos que están más cerca de la esfera. También libera pulsos de daño en área de forma regular. La esfera de vacío consumirá los cadáveres de cualquier enemigo que muera en su área.","Void Sphere\r\nสร้างหลุมต่างมิติขึ้นมาซึ่งจะสร้างดีบัฟ ขัดขวาง ต่อศัตรูในพื้นที่ ยิ่งศัตรูอยู่ใกล้มันเท่าไรดีบัฟก็ยิ่งรุนแรงขึ้น นอกจากนี้หลุมต่างมิติยังสร้างความเสียหาย พื้นที่ เป็นช่วงๆ อีกด้วย และมันจะกลืนกินศพของศัตรูที่ตายในพื้นที่ของมัน","創造出一顆虛無玉，其阻礙周圍區域內的敵人，距離球體越近則減益效果越高。虛無玉也會每隔一段時間釋放脈衝，造成範圍傷害。虛無玉會消耗其範圍內死亡的任何敵人屍體。",34,100,"",52783,""
72,5954,2,"[183,184,185,232,233,234,37,38,39,148,149,150,143,144,145,174,175,176,26,27,28]","","Dark Bargain","Sombre marché","Finstere Übereinkunft","ダークバーゲン","어둠의 협상","Barganha Sombria","Тёмная сделка","Trato oscuro","คำมั่นมืด","暗夜血契","Sacrifices life from a nearby allied Skeleton minion to deal chaos damage in an area around it. This effect will chain to other nearby allied skeletons. If there are no nearby allied Skeletons it will  deal damage around the caster instead.","Sacrifie la vie d'un Squelette allié à proximité pour infliger des dégâts de chaos dans une zone autour de lui. Cet effet ricoche sur les autres Squelettes alliés à proximité. Si aucun Squelette allié ne se trouve à proximité, inflige des dégâts autour du lanceur à la place.","Opfert Leben von einer verbündeten Skelettkreatur im Umkreis und verursacht in diesem Bereich Chaosschaden. Dieser Effekt verkettet sich auf andere verbündete Skelette im Umkreis. Falls sich im Umkreis keine verbündeten Skelette befinden, wird stattdessen ein Teil des Lebens des Wirkenden geopfert, um Schaden zu verursachen.","周囲の味方のスケルトンミニオンからライフを取り除き、その周囲の敵に混沌ダメージを与える。この効果は他の近くの味方のスケルトンにも連鎖する。近くに味方のスケルトンがいなければ、代わりに使用者の周囲にダメージを与える。","주변의 동료 해골 소환수 중 하나의 생명력을 희생하여 주위의 일정 범위 내에 카오스 피해를 줍니다. 해당 효과는 근처에 있는 동료 해골들에게 연쇄됩니다. 주변에 동료 해골이 없을 경우, 시전자의 주위에 피해를 줍니다.","Sacrifica a vida de um esqueleto aliado lacaio próximo para causar dano de caos na área ao redor dele. Esse efeito se propaga para outros esqueletos aliados próximos. Se não houver esqueletos aliados por perto, o dano será causado ao redor do conjurador.","Отнимает часть здоровья у союзного приспешника-скелета поблизости, чтобы нанести урон хаосом по области вокруг него. Эффект умения переходит по цепи между ближайшими союзными скелетами. Если поблизости нет скелетов, умение нанесёт урон вокруг того, кто его сотворил.","Sacrifica vida de un esbirro esqueleto aliado para infligir daño de caos en un área alrededor de él. Este efecto se encadenará a otros esqueletos aliados cercanos. Si no hay esqueletos aliados cerca, entonces infligirá daño alrededor del lanzador del hechizo.","Dark Bargain\r\nสละพลังชีวิตของ มิเนียนโครงกระดูกที่เป็นเพื่อน เพื่อสร้างความเสียหาย เคออส ในพื้นที่รอบๆ มัน โดยผลนี้จะชิ่งไปยัง โครงกระดูกที่เป็นเพื่อน ตัวอื่นๆ ที่อยู่ใกล้ หากไม่มี โครงกระดูกที่เป็นเพื่อน ที่อยู่ใกล้ มันจะสร้างความเสียหายรอบตัวผู้ร่ายแทน","獻祭附近友方骷髏召喚物的生命，對其周圍造成混沌傷害。該效果會連鎖至其他附近的友方骷髏。如果附近並無友方骷髏，則會改為對施法者周圍造成傷害。",28,100,"",35371,""
73,3306,2,"[183,184,185,232,233,234,37,38,39,148,149,150,174,175,176,157,158,143,144,145,186,26,27,28]","","Profane Cascade","Cascade profane","Gottlose Kaskade","プロファンカスケード","부정한 폭포","Cascata Profana","Нечестивый каскад","Cascada profana","นอกรีตเรียงหลั่น","褻瀆爆發","Pillars of unholy stone emerge from the ground in a series of small bursts, each damaging enemies caught in the area.","Des piliers de pierre impie émergent du sol en une série de petites explosions, chacune endommageant les ennemis pris dans la zone.","Säulen aus unheiligem Stein schießen in kleinen Wellen aus dem Boden. Jede Welle verursacht Schaden bei getroffenen Gegnern.","不浄な石の柱が連続して地面から出現し、それぞれ範囲内の敵にダメージを与える。","땅에서 부정한 돌기둥이 솟아오르면서 잇달아 작은 폭발을 일으켜 범위 내의 적들에게 피해를 줍니다.","Pilares de pedra profana surgem do chão em pequenas explosões sequenciais, cada uma causando dano aos inimigos na área de efeito.","Из земли поочерёдно вырываются шпили нечестивого камня, которые поражают врагов в области.","Unos pilares de piedra profana emergen del suelo en una serie de pequeños estallidos. Cada estallido daña a los enemigos atrapados en el área.","Profane Cascade\r\nแท่นศิลาอธรรมพุ่งออกมาจากพื้นเป็นขั้นบันไดเล็กๆ แต่ละขั้นจะสร้างความเสียหายต่อศัตรูที่อยู่ในพื้นที่","邪惡的石柱從地底冒出，造成一連串的小型爆裂，每次都會對範圍內的敵人造成傷害。",28,100,"",51539,"Art/2DArt/SkillIcons/HouseBardiyaSkill.dds"
74,11830,3,[],"","Summon Seeking Void","Invocation de Néant traqueur","Suchende Leere beschwören","シーキングヴォイド召喚","추적의 공허 소환","Invocar Vazio Perseguidor","Призыв преследующей пустоты","Invocar vacío de búsqueda","อัญเชิญห้วงว่างตามติด","召喚尋敵虛空","Summons a living void that seeks nearby enemies, continually firing bolts of chaotic energy while doing so.","Invoque un néant vivant qui traque les ennemis à proximité tout en tirant continuellement des traits d'énergie.","Beschwört eine lebendige Leere, die nach Gegnern im Umkreis sucht und dabei kontinuierlich Blitze aus chaotischer Energie abfeuert.","近くの敵を探し、その間混沌のエネルギーのボルトを放ち続ける生きたヴォイドを召喚する。","주변의 적들을 추적하며 계속 카오스 에너지가 깃든 볼트를 발사하는 살아 있는 공허를 소환합니다.","Invoca um vazio vivo que procura inimigos próximos, disparando continuamente setas de energia caótica enquanto se move.","Призывает живую пустоту, которая преследует врагов поблизости, в то же время непрерывно выпуская заряды хаотической энергии.","Invoca un vacío viviente que busca a los enemigos cercanos y que dispara descargas de energía caótica mientras lo hace.","Summon Seeking Void\r\nอัญเชิญ ห้วงว่างมีชีวิต ที่ติดตามศัตรูที่อยู่ใกล้พร้อมยิงลูกพลังงานเคออสอย่างต่อเนื่อง","召喚會追蹤附近敵人的活體虛空，在過程中持續發射混沌能量箭。",28,100,1,54144,"Art/2DArt/SkillIcons/HouseBardiyaSkill.dds"
75,12003,2,"[183,184,185,232,233,234,37,38,39,148,149,150,143,144,145,174,175,176,0,1,142,129,130,131,26,27,28]","","Forbidden Rite Totem","Totem de Rite interdit","Verbotener-Ritus-Totem","フォビドゥンライトトーテム","금단의 의식 토템","Totem de Ritual Proibido","Тотем Запретного ритуала","Tótem de ritual prohibido","โทเทมพิธีต้องห้าม","禁忌儀式圖騰","Creates a Spell Totem that casts an exploding projectile towards targets and extra projectiles surrounding it. The projectiles deal chaos damage based on the totem's life and energy shield. Casting this spell damages the totem.","Crée un Totem incantateur qui lance un projectile explosif vers des cibles, ainsi que des projectiles supplémentaires autour de lui. Les projectiles infligent des dégâts de chaos en fonction de la vie et du bouclier d'énergie du totem. Le totem subit des dégâts à chaque fois qu'il utilise ce sort.","Erzeugt ein Zaubertotem, das ein explodierendes Projektil auf Ziele zaubert und zusätzliche Projektile um diese herum entfesselt. Die Projektile verursachen Chaosschaden, der auf dem Leben und Energieschild des Totems basiert. Durch das Wirken der Fertigkeit erleidet das Totem Schaden.","対象に向けて爆発する投射物と共に、周囲に追加の投射物を放つスペルトーテムを生成する。この投射物はトーテムのライフとエナジーシールドに基づいて混沌ダメージを与える。このスペルを使用するとトーテムはダメージを受ける。","대상을 향해 폭발하는 투사체를 던지고 그 주위에는 추가 투사체들을 던지는 주문 토템을 생성합니다. 투사체는 토템의 생명력과 에너지 보호막에 따라 카오스 피해를 줍니다. 이 주문을 시전하면 토템이 피해를 받습니다.","Cria um Totem Mágico que dispara um projétil explosivo contra os alvos e projéteis adicionais ao redor. Os projéteis causam dano de caos com base na vida e no escudo de energia do totem. Lançar este feitiço danifica o totem.","Устанавливает колдовской тотем, который выпускает взрывающийся снаряд в цели и дополнительные снаряды вокруг себя. Снаряды наносят урон хаосом в зависимости от здоровья и энергетического щита тотема. Сотворение этого умения наносит тотему урон.","Crea un tótem de hechizos que lanza un proyectil explosivo hacia los objetivos y proyectiles adicionales que lo rodean. Los proyectiles infligen daño de caos en función de la vida y el escudo de energía del tótem. Lanzar este hechizo inflige daño al tótem.","Forbidden Rite Totem\r\nสร้างโทเทมเวทที่ร่ายโพรเจกไทล์ระเบิดไปยังเป้าหมายและส่งโพรเจกไทล์เพิ่มเติมไปยังศัตรูรอบตัวมัน โพรเจกไทล์เหล่านี้สร้างความเสียหาย เคออส ตามค่า พลังชีวิตและโล่พลังงาน ของโทเทม การร่ายเวทนี้จะสร้างความเสียหายต่อโทเทม","創造出一個朝目標施放一個爆炸投射物，並在周圍釋放額外投射物的法術圖騰。投射物依據圖騰的生命和能量護盾造成混沌傷害。施放此法術會傷害圖騰。",16,100,1,29071,""
76,9320,0,"[11,232,233,234,49,50,51,58]","","Despair","Désespoir","Verzweiflung","ディスペア","절망","Desespero","Отчаяние","Desesperación","สิ้นหวัง","絕望","Curses all targets in an area, lowering their chaos resistance.","Maudit tous les ennemis dans une zone, réduisant leur résistance au chaos.","Verflucht alle Ziele in einem Bereich, was ihren Chaoswiderstand verringert.","範囲内の全ての敵を呪い、その敵の混沌耐性を下げる。","범위 내 모든 대상에게 저주를 걸어 카오스 저항을 낮춥니다.","Amaldiçoa os alvos em uma área, reduzindo sua resistência a dano de caos.","Проклинает всех врагов в области, cнижая их сопротивление хаосу.","Maldice a todos los objetivos en un área para disminuir su resistencia al caos.","Despair\r\nสาปทุกเป้าหมายในพื้นที่ ทำให้พวกมันมีค่าต้านทาน เคออส ลดลง","詛咒區域內所有目標，降低其混沌抗性。",24,100,"",56742,""
77,6392,3,[],"","Envy","Convoitise","Neid","エンビー","선망","Inveja","Зависть","Envidia","ริษยา","忌妒","Casts an aura that adds chaos damage to attacks and spells.","Une aura qui ajoute des dégâts de chaos aux attaques et aux sorts.","Zaubert eine Aura, die Angriffen und Zaubern Chaosschaden hinzufügt.","アタックとスペルに混沌ダメージを追加するオーラを纏う。","공격과 주문에 카오스 피해를 추가하는 오라를 시전합니다.","Ativa uma aura que adiciona dano de caos aos ataques e magias.","Окружает аурой, которая добавляет урон хаосом к атакам и чарам.","Proyecta un aura que agrega daño de caos a los ataques y los hechizos.","Envy\r\nร่ายออร่าที่เสริมความเสียหาย เคออส ให้กับการโจมตีและเวท","施放一個光環，為攻擊和法術附加混沌傷害。",24,100,"",17515,""
78,10486,3,[],"","Zealotry","Zèle","Glaubenseifer","ゼロトリー","열광","Fanatismo","Фанатизм","Exaltación","คลั่งศาสนา","狂熱","Casts an aura that grants bonuses to damage and critical strike chance of spells, and gives a chance to create Consecrated Ground against stronger enemies.","Une aura qui octroie un bonus de dégâts et de chances de coup critique avec les sorts, ainsi que des chances de créer du Sol consacré contre les ennemis plus puissants.","Zaubert eine Aura, die Boni auf Zauberschaden und die Chance auf kritische Treffer gewährt. Die Aura gewährt außerdem eine Chance, gegen stärkere Gegner Geweihten Boden zu erzeugen.","スペルダメージを増加させクリティカル率を増加させ、強い敵に対した際に神聖領域を生成する可能性を得るオーラを纏う。","주문 피해와 주문 치명타 확률을 증가시키는 오라를 시전합니다. 또한 일정 확률로 강한 적을 공격 시 신성화 지대를 생성합니다.","Ativa uma aura que concede bônus para o dano e para a chance de golpe crítico de feitiços, além de uma chance de criar chão consagrado contra inimigos mais fortes.","Окружает аурой, которая увеличивает наносимый урон от чар и шанс критического удара чарами, а также дает шанс создать освящённую землю в бою с сильными врагами.","Proyecta un aura que otorga bonificaciones al daño y a la probabilidad de golpe crítico de los hechizos, y otorga una probabilidad de crear suelo consagrado contra los enemigos más fuertes.","Zealotry\r\nร่ายออร่าที่เพิ่มโอกาสคริติคอล เวท และความเสียหาย เวท และให้โอกาสสร้าง พื้นศักดิ์สิทธิ์ ต่อศัตรูที่แข็งแกร่ง","施放一個光環，提供法術的傷害和暴擊率加成，並對強大的敵人有機率製造奉獻地面。",24,100,"",14498,""
79,2802,0,"[232,233,234,206,207,208,49,50,51,65,66,67,159]","","Smoke Mine","Mine fumigène","Rauchmine","スモークマイン","연막 지뢰","Mina de Fumaça","Дымовая мина","Mina de humo","ทุ่นระเบิดควัน","煙霧地雷","Throws a mine that will then cause teleportation when detonated. Creates clouds of smoke that blinds enemies, and gives a temporary buff to movement speed. ","Un jet de mine qui entraîne une téléportation lors de son activation. Elle crée des nuages de fumée qui aveuglent les ennemis et octroient un bonus temporaire de vitesse de déplacement.","Wirft eine Mine, die eine Teleportation verursacht, wenn sie gezündet wird. Sie erzeugt Rauch, der Gegner blendet, und gewährt einen kurzzeitigen Bonus auf die Bewegungsgeschwindigkeit. ","起爆するとテレポートさせるマインを投げる。敵を盲目状態にする煙幕を発生させ、移動スピードに一時的なバフを与える。","폭발 시 순간이동을 유발하는 지뢰를 투척합니다. 적들의 실명시키는 연막을 생성하고, 일시적인 이동 속도 버프를 부여합니다.","Arremessa uma mina que teletransporta ao ser detonada. Cria nuvens de fumaça que cegam inimigos e concede um bônus temporário de velocidade de movimento.","Бросает мину, которая при подрыве вызывает телепортацию. Создаёт облака дыма, которые ослепляют врагов и временно ускоряют передвижение.","Lanza una mina que provocará un teletransporte cuando se detone. Crea nubes de humo que ciegan a los enemigos y otorga una bonificación temporal a la velocidad de movimiento.","Smoke Mine\r\nโยนทุ่นระเบิดที่จะเทเลพอร์ตผู้ร่ายเมื่อจุดชนวน สร้างม่านควันที่สร้างสถานะ ตาบอด ต่อศัตรู และให้บัฟความเร็วในการเคลื่อนที่ชั่วคราว","投擲一個地雷，其引爆時造成傳送。產生對敵人致盲的煙霧之雲，並給予暫時移動速度增益效果。",10,100,"",64528,""
80,1985,3,[],"","Grace","Grâce","Anmut","グレース","은총","Graça","Грация","Gracia","สง่างาม","優雅","Casts an aura that grants evasion.","Une aura qui octroie de l'évasion.","Zaubert eine Aura, die Ausweichen gewährt.","回避力を付与するオーラを纏う。","회피를 부여하는 오라를 시전합니다.","Ativa uma aura que concede evasão.","Окружает аурой, которая повышает уклонение.","Proyecta un aura que otorga evasión.","Grace\r\nร่ายออร่าที่มอบการหลบหลีก","施放一個光環，賦予閃避。",24,100,"",2792,""
81,10824,3,[],"","Summon Skitterbots","Invocation d'Arachnobots","Arachnobots beschwören","スキッターボット召喚","원격 기폭 장치 소환","Invocar Robôs Rastejantes","Призыв мехаботов","Invocar robots escurridizos","อัญเชิญหุ่นยนต์จิ๋ว","召喚探測機獸","Summons a Chilling Skitterbot and a Shocking Skitterbot, which will trigger traps and detonate mines. Mines detonated by Skitterbots will re-arm and can then be detonated again. The Skitterbots grant more trap and mine damage, and cannot be targeted or damaged.","Un sort permettant d'invoquer deux Arachnobots, un frigorifiant et un autre électrocutant. Les Arachnobots déclenchent les pièges et activent les mines. Les mines activées par les Arachnobots sont réarmées et peuvent exploser à nouveau. Les Arachnobots octroient davantage de dégâts des mines et des pièges, et ne peuvent pas être ciblés ni endommagés.","Beschwört einen unterkühlenden und einen schockenden Arachnobot, die Fallen auslösen und Minen zünden. Von Arachnobots gezündete Minen werden von diesen wieder scharf gestellt und können erneut gezündet werden. Arachnobots gewähren mehr Fallen- und Minenschaden und können nicht anvisiert oder beschädigt werden.","冷却のスキッターボットと感電のスキッターボットを召喚する。スキッターボットはトラップを作動させ、マインを起爆する。スキッターボットにより起爆されたマインは再装填され、再び起爆することができる。スキッターボットはトラップおよびマインダメージを上昇させ、敵から直接対象にされることもダメージを受けることもない。","냉각의 원격 기폭 장치와 감전의 원격 기폭 장치를 소환하면 덫을 발동시키고 지뢰를 폭발시킵니다. 원격 기폭 장치로 인해 폭발한 지뢰는 재무장한 다음 다시 폭발할 수 있습니다. 원격 기폭 장치는 덫과 지뢰 피해를 증폭시키며, 공격 대상으로 지정되거나 피해를 받지 않습니다.","Invoca um Robô Rastejante de Gelo e um Robô Rastejante de Choque, que ativam armadilhas e detonam minas. As minas detonadas por eles se rearmam e podem explodir novamente. Os Robôs Rastejantes aumentam o dano de armadilhas e minas, e não podem ser alvos nem sofrer dano.","Призывает охлаждающего мехабота и шокирующего мехабота, которые будут активировать ловушки и подрывать мины. Взорванные мехаботами мины возводятся повторно и могут взорваться еще раз. Мехаботы даруют больше урона от ловушек и мин и не могут быть выбраны в качестве цели или повреждены.","Invoca un Robot escurridizo escarchante y un Robot escurridizo electrocutante que activarán trampas y detonarán minas. Las minas detonadas por los robots escurridizos se volverán a armar y podrán volver a detonar. Los robots escurridizos otorgan más daño de trampas y minas, y no se pueden dañar ni seleccionar como objetivos.","Summon Skitterbots\r\nอัญเชิญ หุ่นยนต์จิ๋วหนาวเย็นและหุ่นยนต์จิ๋วช็อค ซึ่งจะคอยทริกเกอร์กับดักและจุดชนวนทุ่นระเบิด ทุ่นระเบิดที่ถูกชุดชนวนจะติดตั้งตัวเองใหม่และสามารถจุดชนวนได้อีกครั้ง หุ่นยนต์จิ๋วยังทำให้สร้างความเสียหายด้วย กับดักและทุ่นระเบิด เพิ่มขึ้น อีก และพวกมันจะไม่ได้รับความเสียหายและไม่ตกเป็นเป้าหมายใดๆ","召喚冰緩探測機獸和感電探測機獸，觸發陷阱和引爆地雷。由探測機獸引爆的地雷會重新佈署，接著可再次引爆。探測機獸賦予更多陷阱和地雷傷害，且無法做為目標或受到傷害。",16,100,"",44296,""
82,2761,0,"[65,66,67,159,49,50,51,213,214,215,209,210,211,71,72,73,0,1,86,87,88]","","Vaal Lightning Trap","Piège de foudre vaal","Vaal-Blitzfalle","ヴァールライトニングワープ","바알 번개 덫","Armadilha de Raios Vaal","Ловушка молний ваал","Trampa de rayos vaal","วาล์ กับดักสายฟ้า","瓦爾．閃電陷阱","Throws a trap that launches a ring of projectiles through the enemy that set it off, dealing lightning damage to them and subsequent targets and leaving a trail of shocked ground.","Jette un piège qui envoie des projectiles dans toutes les directions en traversant l'ennemi qui l'a déclenché. Ces projectiles infligent des dégâts de foudre et laissent une traînée de sol électrocutant sur leur passage.","Wirft eine Falle, die einen Ring aus Projektilen durch den Gegner schießt, der sie ausgelöst hat, und ihm sowie nachfolgenden Zielen Blitzschaden zufügt. Die Projektile hinterlassen außerdem einen Pfad schockenden Bodens.","投射物をリング状に発射するトラップを投げる。投射物はトラップを作動させた敵を貫通し、その敵とさらに投射物が命中した敵に雷ダメージを与え、感電領域を地面に残す。","적들 사이에 고리 형태의 투사체를 투척하여, 발동 시 대상과 그 다음 대상들에게 번개 피해를 주고 투사체가 지나가는 곳을 감전 지대로 만듭니다.","Lança uma armadilha que dispara um círculo de projéteis através do inimigo que a ativou, causando dano de raio nele e em outros alvos, deixando um rastro de chão eletrificado.","Бросает ловушку, которая срабатывает при приближении врагов и разбрасывает снаряды во все стороны. Снаряды наносят урон от молнии и оставляют участки заряженной земли.","Lanza una trampa que dispara un anillo de proyectiles a través del enemigo que la ha activado, le inflige daño de rayo a él y a los subsiguientes objetivos y deja un rastro de suelo electrificado.","Vaal Lightning Trap\r\nโยนกับดักที่จะยิงโพรเจกไทล์ออกรอบทิศทางผ่านศัตรูที่ทริกเกอร์ สร้างความเสียหาย สายฟ้า ต่อศัตรูที่โดนและเป้าหมายอื่น โพรเจกไทล์จะทิ้ง พื้นช็อค ไปตามทาง","投擲一個陷阱，當敵人經過而觸發時會發射環狀發散的投射物，對該敵人及後續目標造成閃電傷害，並留下感電地面蹤跡。",12,100,1,25149,""
83,8703,0,"[65,66,67,49,50,51,232,233,234,37,38,39]","","Trarthan Agility","Agilité trarthienne","Trarthanische Agilität","トラーサンアジリティ","트라투스의 민첩함","Agilidade Trarthana","Тератновое проворство","Agilidad de Trarthan","คล่องแคล่วอย่างทาร์ทาน","特拉特斯靈敏","Creates a temporary aura that grants action speed.","Crée une aura temporaire qui octroie de la vitesse d'action.","Erzeugt eine temporäre Aura, die Aktionsgeschwindigkeit gewährt.","アクションスピードを付与する一時的なオーラを纏う。","동작 속도를 부여하는 일시적 오라를 생성합니다.","Ativa uma aura temporária que concede velocidade de ação.","Окружает временной аурой, которая повышает скорость действий.","Crea un aura temporal que otorga velocidad de acción.","Trarthan Agility\r\nสร้างออร่าชั่วคราวที่เพิ่มความเร็วในการกระทำ","製造一個會賦予行動速度的暫時性光環。",28,100,"",38072,"Art/2DArt/SkillIcons/HouseAzadiSkill.dds"
84,2859,2,"[213,214,215,206,207,208,209,210,211,212,154,155,156,151,152,153,0,1,201]","","Spectral Throw of Trarthus","Lancer spectral de Trarthus","Spektralwurf von Trarthus","トラーサスのスペクトラルスロー","트라투스의 환영 무기 투척","Arremesso Espectral de Trarthus","Призрачный бросок Тератны","Lanzamiento espectral de Trarthus","โยนอาวุธเงาแห่งทาร์ทัส","特拉特斯靈體投擲","Throws a trap which, once triggered, fires many spectral weapons. They fly out in all directions and then return to where the trap triggered, in a spinning attack that damages enemies in their path.","Jette un piège qui, une fois déclenché, projette plusieurs armes spectrales. Celles-ci volent dans toutes les directions, puis reviennent vers l'emplacement de déclenchement du piège en tournoyant, infligeant des dégâts aux ennemis traversés.","Wirft eine Falle, die beim Auslösen viele spektrale Waffen abfeuert. Diese fliegen in alle Richtungen und kehren dann zum Auslöseort der Falle zurück – in Form eines wirbelnden Angriffs, der Gegnern in der Flugbahn Schaden zufügt.","作動すると複数の霊体の武器を放つトラップを投げる。霊体は全方向に飛び、トラップが作動した位置に回帰する。飛行中に回転アタックを行い通り道にいる敵にダメージを与える。","덫을 투척합니다. 이 덫은 발동하면 영체 무기를 여러 개 발사합니다. 무기는 사방으로 날아갔다가 덫이 발동한 위치로 되돌아오며 경로에 있는 적들에게 피해를 주는 회전 공격을 합니다.","Lança uma armadilha que, ao ser acionada, dispara várias armas espectrais em todas as direções. Essas armas retornam girando ao ponto de ativação e causam dano aos inimigos no trajeto.","Бросает ловушку, которая при срабатывании выпускает большое количество призрачного оружия. Оно летит во всех направлениях и затем, вращаясь, возвращается к месту срабатывания ловушки, нанося удары оказавшимся на пути врагам.","Lanza una trampa que, una vez activada, dispara muchas armas espectrales. Salen volando en todas direcciones y luego regresan a donde se activó la trampa, en un ataque giratorio que daña a los enemigos que están en su camino.","Spectral Throw of Trarthus\r\nโยนกับดักที่จะยิงอาวุธเงาออกมาหลายชิ้นเมื่อถูกทริกเกอร์ พวกมันจะบินออกไปทุกทิศทางและกลับมาหาตำแหน่งที่ทริกเกอร์กับดัก พวกมันจะหมุนโจมตี สร้างความเสียหายต่อศัตรูระหว่างทาง","投擲一個觸發後會發射許多靈體武器的陷阱。它們會朝四面八方飛出，然後回到陷阱被觸發的位置，並且以旋轉攻擊對路徑上的敵人造成傷害。",12,100,"",62393,""
85,12023,2,"[213,214,215,206,207,208,209,210,211,212,154,155,156,151,152,153,201]","","Spectral Helix of Trarthus","Spirale spectrale de Trarthus","Spektralhelix von Trarthus","トラーサスのスペクトラルヘリックス","트라투스의 영체 나선","Espiral Espectral de Trarthus","Призрачная спираль Тератны","Hélice espectral de Trarthus","เกลียวอาวุธเงาแห่งทาร์ทัส","特拉特斯靈體旋武","Throws a trap which, once triggered, fires a spectral weapon. It spins around while flying in a large spiral, damaging enemies in its path, and bouncing if it collides with walls.","Jette un piège qui, une fois déclenché, projette une arme spectral. L'arme tournoie en décrivant une spirale, frappant tous les ennemis sur son passage et rebondissant contre les murs avec lesquels elle entre en collision.","Wirft eine Falle, die beim Auslösen eine spektrale Waffe abfeuert. Diese dreht sich im Flug in einer großen Spirale, verursacht an Gegnern in seiner Flugbahn Schaden und prallt ab, wenn sie mit Wänden kollidiert.","作動すると複数の霊体の武器を放つトラップを投げる。トラップを1個投げる。霊体は巨大な螺旋状に回転しながら飛び、通り道の敵にダメージを与え、壁に衝突すると跳ね返る。","덫을 투척합니다. 이 덫은 발동하면 영체 무기를 발사합니다. 무기는 큰 나선을 그리면서 날면서 빙글빙글 돌아 경로에 있는 적들에게 피해를 주고, 벽에 충돌하면 튕겨 나옵니다.","Lança uma armadilha que, ao ser acionada, dispara uma arma espectral, que gira em uma grande espiral enquanto avança, causando dano aos inimigos atingidos e ricocheteando em paredes.","Бросает ловушку, которая при срабатывании выпускает призрачное оружие. Вращаясь, оно летит по широкой спирали, нанося урон оказавшимся на пути врагам и отскакивая от стен.","Lanza una trampa, la cual, una vez activada, dispara un arma espectral. Gira mientras vuela en una espiral grande para dañar a los enemigos que se encuentran en su camino, y rebota si choca con las paredes.","Spectral Helix of Trarthus\r\nโยนกับดักที่จะยิงอาวุธเงาออกมาเมื่อถูกทริกเกอร์ มันจะหมุนไปรอบๆ เป็นเกลียวขนาดใหญ่ สร้างความเสียหายต่อศัตรูระหว่างทาง และจะกระดอนออกเมื่อมันกระทบกับกำแพง","投擲一個觸發後會發射一個靈體武器的陷阱。它以大螺旋型式飛行時會旋轉，對其路徑上的敵人造成傷害，並在與牆壁碰撞時彈射。",12,100,"",28988,""
86,2100,0,"[213,214,215,206,207,208,65,66,67,159,217,218,219,49,50,51]","","Bear Trap","Piège à ours","Bärenfalle","ベアトラップ","곰 덫","Armadilha de Urso","Медвежий капкан","Trampa de osos","กับดักหมี","捕熊陷阱","Throws a trap that damages and immobilises an enemy for a duration based on how much damage was dealt. After the immobilise expires, a debuff remains on the enemy for a duration, lowering their movement speed by an amount which lessens over time. The affected enemy will take increased damage from traps and mines until the debuff expires.","Un piège qui endommage et immobilise un ennemi pour une durée proportionnelle aux dégâts infligés. À la fin de l'immobilisation, l'ennemi reçoit un effet néfaste temporaire qui réduit sa vitesse de déplacement et qui s'estompe au fil du temps. Cet effet néfaste augmente également les dégâts que l'ennemi subit de la part des pièges et des mines.","Wirft eine Falle, die einem Gegner Schaden zufügt und ihn für eine Dauer bewegungsunfähig macht, die von der Höhe des verursachten Schadens abhängt. Nach Ablauf dieser Dauer verbleibt eine Schwächung auf dem Gegner, die ihn verlangsamt und mit der Zeit abnimmt. Der betroffene Gegner erleidet erhöhten Schaden durch Fallen und Minen, bis die Schwächung abklingt.","単体の敵にダメージを与え、そのダメージ量に応じて、持続時間中敵の移動を封じるトラップを投げる。移動の阻止が終わったあともデバフは残り続け、敵の移動スピードを下げる。この効果は時間の経過とともに軽減する。デバフがなくなるまで敵はトラップとマインから受けるダメージが増加する。","일정 시간 동안 적을 제자리에 고정시키고 피해를 주는 덫을 던집니다. 지속시간은 받은 피해량에 비례합니다. 덫에서 벗어난 적은 일정 시간 동안 이동 속도가 감소하지만, 시간이 지나면서 서서히 회복됩니다. 이 상태가 지속되는 동안 적은 덫과 지뢰로부터 받는 피해가 증가합니다.","Lança uma armadilha que causa dano e imobiliza um inimigo por um período com base no dano causado. Ao término da\r\nimobilização, o inimigo sofre uma penalidade que reduz sua velocidade de movimento gradualmente e aumenta o dano\r\nrecebido de armadilhas e minas até que o efeito expire.","Бросает ловушку, которая наносит урон и обездвиживает врага на некоторое время в зависимости от количества нанесённого урона. После окончания действия обездвиживания, на враге некоторое время будет оставаться отрицательный эффект, снижающий скорость его передвижения (значение этого эффекта уменьшается с течением времени). До завершения действия отрицательного эффекта враг будет получать увеличенный урон от мин и ловушек.","Lanza una trampa que daña e inmoviliza a un enemigo durante un tiempo que se calcula en función de la cantidad de daño infligido. Cuando finaliza la inmovilización, durante un tiempo permanece en el enemigo un efecto nocivo que reduce su velocidad de movimiento en una cantidad que decrece con el paso del tiempo. El enemigo afectado recibirá daño aumentado de las trampas y las minas hasta que expire el efecto nocivo.","Bear Trap\r\nโยนกับดักที่สร้างความเสียหายและดักศัตรูตัวหนึ่งเอาไว้เป็นระยะเวลาตามความเสียหายที่เกิดขึ้น เมื่อกับดักหมดฤทธิ์ ศัตรูจะติดดีบัฟระยะเวลาหนึ่งที่เพิ่มความเสียหายที่ได้รับจากกับดักและทุ่นระเบิด และลดความเร็วในการเคลื่อนที่ แต่จะค่อยๆ กลับมาเร็วเหมือนเดิมจนหมดเวลา","投擲一個陷阱，對敵人造成傷害並使其禁錮，禁錮持續時間依造成的傷害量決定。禁錮結束後，敵人會受到減益效果影響並持續一段時間，效果期間會降低其移動速度但隨時間遞減。受影響的敵人從陷阱和地雷受到的傷害增加，持續至該減益效果結束。",4,100,"",13711,""
87,12010,2,"[232,233,233,206,207,208,212,213,214,215,157,158,148,149,150,174,175,176,209,210,211,201,123,124,125]","","Blade Trap","Piège de lames","Klingenfalle","ブレードトラップ","칼날 덫","Armadilha de Lâminas","Ловушка лезвий","Trampa de filos","กับดักใบมีด","刀鋒陷阱","Throws a trap which, once triggered, swings two copies the equipped weapon around it in circles, each repeatedly damaging enemies it spins through.","Jette un piège qui, lorsqu'il est déclenché, crée deux répliques tournoyantes de l'arme équipée. Ces répliques décrivent un mouvement circulaire et infligent des dégâts aux ennemis qu'elles traversent.","Wirft eine Falle, die bei Auslösung zwei Kopien der ausgerüsteten Waffe in Kreisen um sie herum schwingt und wiederholt an Gegnern Schaden verursacht, die von ihnen berührt werden.","作動すると装備中の武器のコピーを2個を振り円形に回転させ、周囲の敵に繰り返しダメージを与えるトラップを投げる。","덫을 투척합니다. 이 덫은 발동하면 장착한 무기의 복제본 두 개를 주위에 원형으로 휘두릅니다. 각 복제본은 칼날이 스치는 적들에게 반복적인 피해를 줍니다.","Lança uma armadilha que, ao ser acionada, faz girar duas cópias da sua arma equipada em volta dela, causando dano repetidamente aos inimigos atingidos.","Бросает ловушку, которая при срабатывании проворачивает две копии используемого героем оружия по кругу, многократно нанося урон врагам, сквозь которых они проходят.","Lanza una trampa que, al activarse, arroja dos copias del arma equipada a su alrededor en círculos para que cada una de ellas dañe repetidamente a los enemigos sobre los que da vueltas.","Blade Trap\r\nโยนกับดักที่จะหมุนร่างจำลองของ อาวุธที่สวมใส่ สองชิ้นเป็นวงกลมรอบตัวมันเมื่อถูกทริกเกอร์ แต่ละอันสร้างความเสียหายต่อศัตรูที่หมุนผ่านซ้ำๆ","投擲一個陷阱，在觸發後對其周圍圓形區域內揮舞兩把裝備中武器的複製品，每把武器在旋轉過程中接觸敵人會重複造成傷害。",12,100,"",11054,""
88,2458,2,"[206,207,208,213,214,215,42,71,72,73,209,210,211,232,233,234,202,86,87,88]","","Ball Lightning of Orbiting Trap","Piège de Boule de foudre de la Gravitation","Kugelblitz-des-Umkreisens-Falle","軌道のトラップのボールライトニング","공전하는 덫의 구형 번개","Esfera de Raios da Armadilha Orbitante","Ловушка Шаровой молнии орбиты","Trampa de bola de rayos en órbita","กับดักบอลสายฟ้าแห่งการโคจร","天雷之珠．軌跡陷阱","Throws a trap which, once triggered, fires a single projectile which moves in a spiral while damaging each enemy in an area around it repeatedly with bolts of lightning.","Jette un piège qui, une fois déclenché, envoie un projectile se déplaçant en spirale et projetant des éclairs endommageants sur chaque ennemi dans une zone autour de lui.","Wirft eine Falle, die bei Auslösung ein einzelnes Projektil entfesselt, das sich in Form einer Spirale bewegt und das bei Gegnern in einem Bereich um sich herum durch Blitzschläge wiederholt Schaden verursacht.","作動すると螺旋状に移動する投射物を1個発射し、稲妻で範囲内の敵に繰り返しダメージを与えるトラップを投げる。","덫을 투척합니다. 이 덫을 발동하면 소용돌이 모양으로 움직이며 번개로 주변 범위 내의 모든 적에게 반복적인 피해를 주는 투사체를 1개 발사합니다.","Lança uma armadilha que, ao ser acionada, dispara um único projétil que se move em espiral, causando dano repetidamente aos inimigos ao redor com raios elétricos.","Бросает ловушку, выпускающую снаряд, который движется по спирали и постоянно бьёт молниями врагов в области действия.","Lanza una trampa que, una vez activada, dispara un único proyectil que se mueve en forma de espiral para dañar repetidamente a cada enemigo en un área a su alrededor con descargas de rayo.","Ball Lightning of Orbiting Trap\r\nโยนกับดักที่จะยิงโพรเจกไทล์ที่เคลื่อนที่เป็นเกลียวเมื่อถูกทริกเกอร์ ซึ่งสร้างความเสียหายซ้ำๆ ต่อศัตรูแต่ละตัวในพื้นที่รอบๆ ด้วยสายฟ้า","投擲一個陷阱，在觸發後發射一個沿螺旋路徑移動的投射物，以雷電對周圍敵人造成傷害。",28,100,"",37561,""
89,1250,2,"[206,207,208,213,214,215,42,71,72,73,209,210,211,232,233,234,202,201,86,87,88]","","Lightning Warp Trap","Piège de Téléportation foudroyante","Blitzteleportation-Falle","ライトニングワープトラップ","번개 차원 이동 덫","Armadilha de Teletransporte Relampejante","Ловушка Грозового перехода","Trampa de Teletransporte de rayo","กับดักวาร์ปสายฟ้า","閃電傳送陷阱","Throws a trap which, once triggered, teleports to a targeted destination. When the teleport occurs, lightning damage is dealt to the area around both where the trap was and where it teleported to. ","Jette un piège qui, une fois déclenché, se téléporte vers une destination ciblée. Lorsque la téléportation a lieu, des dégâts de foudre sont infligés dans une zone autour de son emplacement initial et de son point de téléportation.","Wirft eine Falle, die bei Auslösung zum Zielort teleportiert. Bei der Teleportation wird sowohl um den ursprünglichen als auch um den teleportierten Ort der Falle herum Blitzschaden verursacht. ","作動すると対象地点までテレポートするトラップを投げる。テレポートが起きる際、トラップの設置点と到達点の両方のエリアの周囲に、雷ダメージを与える。","덫을 투척합니다. 이 덫은 발동하면 대상 지점으로 순간이동합니다. 순간이동 시 덫의 출발 지점과 도착 지점 주위의 일정 범위에 번개 피해를 줍니다.","Lança uma armadilha que, ao ser acionada, teletransporta-se para um local escolhido. Ao se teletransportar, causa dano de raio nas áreas de origem e de destino.","Бросает ловушку, которая при срабатывании переносится в указанное место. При переходе по области вокруг точек отправления и назначения бьёт молния.","Lanza una trampa que, una vez activada, teletransporta a una ubicación objetivo. Cuando se produce el teletransporte, inflige daño de rayo alrededor de las áreas de inicio y de destino.","Lightning Warp Trap\r\nโยนกับดักที่จะเทเลพอร์ตไปยังจุดหมายที่เลือกเมื่อถูกทริกเกอร์  เมื่อเกิดการเทเลพอร์ตจะสร้างความเสียหาย สายฟ้า ต่อศัตรูในพื้นที่รอบๆ ตำแหน่งต้นทางและปลายทาง","投擲一個觸發後會傳送至指定位置的陷阱。當傳送發生時，陷阱會對原本位置和傳送後的區域周圍造成閃電傷害。",28,100,"",5247,""
90,9461,2,"[206,207,208,213,214,215,42,71,72,73,209,210,211,232,233,234,65,66,67,159,251,86,87,88]","","Lightning Spire Trap","Piège de pic de foudre","Blitzleiterfalle","ライトニングスパイアトラップ","번개 첨탑 덫","Armadilha de Torre de Raios","Ловушка шпиля молний","Trampa de pararrayos","กับดักขดลวดสายฟ้า","鋒雷陷阱","Throws a trap which, once triggered, will repeatedly strike multiple areas around it for a duration, dealing lightning damage.","Jette un piège qui, lorsqu'il est déclenché, foudroie à de multiples reprises des zones situées autour de lui pendant une certaine durée, infligeant des dégâts de foudre.","Wirft eine Falle, die bei Auslösung in mehreren Bereichen um sie herum für eine Dauer wiederholt einschlägt und dabei Blitzschaden verursacht.","作動すると持続時間中周囲のエリアを複数回繰り返し雷ダメージで攻撃するトラップを投げる。","발동 시 일정 시간 동안 주변의 여러 범위에 반복해서 번개 피해를 주는 덫을 투척합니다.","Lança uma armadilha que, ao ser acionada, atinge repetidamente várias áreas ao redor por um período, causando dano de raio.","Бросает ловушку, которая при срабатывании в течение некоторого времени несколько раз поражает области вокруг себя, нанося урон от молнии.","Lanza una trampa que, una vez activada, golpea repetidamente varias áreas a su alrededor durante un tiempo e inflige daño de rayo.","Lightning Spire Trap\r\nโยนกับดักที่จะทำให้เกิดฟ้าผ่าในพื้นที่รอบๆ กับดักเป็นระยะเวลาหนึ่งเมื่อถูกทริกเกอร์ สร้างความเสียหาย สายฟ้า","投擲一個陷阱，觸發後在一段時間內對周圍多個區域重複打擊，造成閃電傷害。",28,100,1,8075,""
91,2756,2,"[206,207,208,213,214,215,0,1,6,7,171,172,173,42,71,72,73,209,210,211,212,201,202,246,86,87,88]","","Lightning Trap","Piège de foudre","Blitzfalle","ライトニングトラップ","번개 덫","Armadilha de Raios","Ловушка молний","Trampa de rayo","กับดักสายฟ้า","閃電陷阱","Throws a trap that launches a ring of projectiles through the enemy that set it off, dealing lightning damage to them and subsequent targets.","Un piège qui envoie des projectiles à travers l'ennemi qui l'a déclenché dans toutes les directions, infligeant des dégâts de foudre à toutes les cibles touchées.","Wirft eine Falle, die einen Ring aus Projektilen durch den Gegner schießt, der sie ausgelöst hat, und ihm sowie nachfolgenden Zielen Blitzschaden zufügt.","投射物を放射状に発射するトラップを投げる。投射物はトラップを作動させた敵を通過し、その敵とさらに投射物が命中した敵に雷ダメージを与える。","적들 사이에 고리 형태의 투사체를 투척하여, 발동 시 대상과 그 다음 대상들에게 번개 피해를 줍니다.","Lança uma armadilha que dispara um círculo de projéteis através do inimigo que a ativou, causando dano de raio a ele e a outros alvos.","Бросает ловушку, которая срабатывает при приближении врагов и выпускает снаряды во все стороны. Снаряды наносят урон от молний.","Lanza una trampa que dispara un anillo de proyectiles a través del enemigo que la ha activado y le inflige daño de rayo a él y a los subsiguientes objetivos.","Lightning Trap\r\nโยนกับดักที่จะยิงโพรเจกไทล์ออกรอบทิศทางเมื่อถูกทริกเกอร์ สร้างความเสียหาย สายฟ้า ต่อศัตรูที่โดนและเป้าหมายอื่นๆ","投擲一個陷阱，當敵人經過而觸發時會發射環狀發散的投射物，對該敵人及後續目標造成閃電傷害。",12,100,"",17037,""
92,2735,2,"[71,72,73,232,233,234,37,38,39,93,94,136,137,138,148,149,150]","","Unnerving Blast","Explosion perturbante","Entmutigende Explosion","アンナービングブラスト","낙담의 폭발","Explosão Enervante","Обескураживающий взрыв","Explosión enervadora","ระเบิดเขย่าขวัญ","膽怯爆裂","Creates a delayed explosion at a targeted area which unnerves enemies on hit. The explosion does physical damage partially converted to lightning.","Crée une explosion retardée à un emplacement ciblé. L’explosion perturbe les ennemis touchés et inflige des dégâts physiques partiellement convertis en dégâts de foudre.","Erzeugt eine verzögerte Explosion an einem Zielort, die Gegner bei Treffer entmutigt. Die Explosion verursacht physischen Schaden, der teilweise in Blitzschaden umgewandelt wird.","指定範囲に遅延した爆発を発生させ、命中した敵を狼狽させる。爆発は一部が雷ダメージに変換された物理ダメージを与える。","목표 지역에 지연 시간이 있는 폭발을 일으켜, 명중 시 적에게 낙담을 유발합니다. 폭발은 물리 피해를 부분적으로 번개로 전환합니다.","Cria uma explosão retardada na área selecionada, que amedronta os inimigos atingidos. A explosão causa dano físico parcialmente convertido em raio.","С некоторой задержкой вызывает взрыв в указанной области, который обескураживает врагов. Взрыв наносит физический урон, частично преобразованный в урон от молнии.","Crea una explosión retardada en un área objetivo que enerva a los enemigos al impactarlos. La explosión inflige daño físico parcialmente convertido en daño de rayo.","Unnerving Blast\r\nสร้างระเบิดล่าช้าที่พื้นที่เป้าหมายเพื่อสร้างสถานะ เขย่าขวัญ ต่อศัตรูเมื่อปะทะ ความเสียหาย กายภาพ ส่วนหนึ่งที่ระเบิดนี้สร้างถูกแปลงเป็น สายฟ้า","在目標區域製造一次延遲爆炸，使擊中的敵人陷入膽怯。爆炸會造成物理傷害，並將部分轉換為閃電傷害。",16,100,1,19034,"Art/2DArt/SkillIcons/HouseAzadiSkill.dds"
93,9485,0,"[120,121,122,232,233,234,65,66,67,136,137,138]","","Charged Dash of the Arcane","Charge fulgurante des Arcanes","Geladener Sprint des Arkanen","秘術のチャージドダッシュ","비전의 충전 질주","Impulso Energizado do Arcano","Заряженный рывок колдовства","Embestida cargada de lo arcano","ชาร์จพลังพุ่งตัวแห่งอาคม","雷霆衝鋒．秘術","Projects an illusion which gains stages while it moves, until it stops at a maximum total distance. Waves of area damage frequently pulse along its path. Increases and reductions to spell damage apply to the damage this attack deals.","Projette une illusion qui gagne des paliers en se déplaçant, jusqu'à ce qu'elle atteigne la distance maximale possible. Des pulsations infligeant des dégâts de zone sont libérées le long du trajet. Les augmentations et réductions de dégâts des sorts s'appliquent aux dégâts infligés par cette attaque.","Projiziert eine Illusion, die Phasen erhält, während sie sich bewegt, bis die Illusion bei einer maximalen Gesamtdistanz zum Stillstand kommt. Entlang des Wegs pulsieren Wellen von Flächenschaden. Erhöhungen und Verringerungen des Zauberschadens gelten für den Schaden, den dieser Angriff verursacht.","移動しながらステージを獲得していく幻影を投影する。幻影は最大移動距離に達すると停止し、その経路に沿って、範囲ダメージの波動が頻繁に発生する。このアタックによるダメージには、スペルダメージの増減が適用される。","환상을 투영합니다. 환상은 최대 거리에 도달해 멈출 때까지, 움직이는 동안 단계를 획득합니다. 경로를 따라 범위 피해의 파도가 수시로 파동을 치게 됩니다. 주문 피해에 적용되는 증가 및 감소 수치가 이 공격이 주는 피해에 적용됩니다.","Projeta uma ilusão que acumula estágios enquanto se move, até parar ao atingir a distância máxima. Ondas de dano em área pulsam com frequência ao longo do trajeto. Aumentos e reduções de dano mágico afetam o dano causado por este ataque.","Создаёт иллюзию, которая получает заряды, пока движется, до достижения ею максимального расстояния. На пути её движения регулярно наносится урон волнами. На урон этой атаки влияют увеличения и уменьшения урона от чар.","Proyecta una ilusión que gana fases a medida que se mueve, hasta que se detiene a una distancia total máxima. Pulsa frecuentemente con olas de daño en área a lo largo de su camino. Los aumentos y reducciones al daño de hechizos se aplican al daño que inflige este ataque.","Charged Dash of the Arcane\r\nสำแดงภาพลวงตาที่ได้รับสเตจเพิ่มขึ้นขณะที่ภาพลวงตาเคลื่อนไหวจนกระทั่งมันไปสุดระยะทาง มันจะสร้างความเสียหาย พื้นที่ ออกมาเป็นระลอกอย่างต่อเนื่องไปตามเส้นทางของมัน การเพิ่มและลดความเสียหาย เวท ส่งผลต่อความเสียหายที่สร้างด้วยการโจมตีนี้","投射出一道幻影，移動時獲得疊層，並在到達最大總距離時停下。範圍傷害的波動頻繁地沿著其路徑迸發。對法術傷害的增減會套用在此攻擊造成的傷害。",28,100,1,5673,""
94,12127,1,"[232,233,234,148,149,150,136,137,138,49,50,51,65,66,67,159]","","Tornado of Elemental Turbulence","Tornade de la Turbulence élémentaire","Tornado der elementaren Turbulenzen","元素の乱流のトルネード","격동하는 원소의 회오리","Tornado de Turbulência Elemental","Торнадо стихийной хаотичности","Tornado de turbulencia elemental","พายุสลาตันแห่งธาตุระส่ำระสาย","龍捲風．元素紛亂","Creates a Tornado of a random element that hinders and repeatedly damages enemies around it, converting physical damage to its element. The Tornado will chase down enemies for a duration.","Crée une tornade d'un élément aléatoire qui entrave et inflige continuellement des dégâts aux ennemis à proximité d'elle. Elle convertit les dégâts physiques en dégâts de l'élément choisi. La Tornade poursuit les ennemies pendant un certain temps.","Erzeugt einen Tornado eines zufälligen Elements, der an Gegnern um ihn herum wiederholt Schaden verursacht und diese lähmt. Der physische Schaden wird in das Element umgewandelt. Der Tornado verfolgt Gegner für eine Dauer.","周囲の敵を妨害し、物理ダメージをランダムな元素に変換して繰り返しダメージを与える竜巻を生成する。トルネードは副次的持続時間に敵を追いかける。","주변의 적의 이동을 방해하고 반복적인 피해를 주는 무작위 원소의 회오리를 생성합니다. 회오리는 물리 피해를 해당하는 원소 피해로 전환하며, 일정 시간 동안 적을 추적합니다.","Cria um tornado de um elemento aleatório que tolhe e causa dano repetidamente aos inimigos ao redor, convertendo dano físico em seu elemento. O tornado persegue os inimigos por um período.","Создаёт торнадо случайной стихии, сковывающее врагов и многократно наносящее по ним урон. Преобразует физический урон в урон от случайной стихии. Торнадо будет преследовать врагов в течение определённого времени.","Crea un tornado de un elemento aleatorio que entumece y daña repetidamente a los enemigos a su alrededor y convierte el daño físico en su elemento. El tornado perseguirá a los enemigos durante un tiempo.","Tornado of Elemental Turbulence\r\nสร้าง พายุสลาตัน ที่มีธาตุแบบสุ่มที่สร้างสถานะ ขัดขวาง และความเสียหายต่อศัตรูที่อยู่รอบตัวมันอย่างต่อเนื่อง พร้อมแปลงความเสียหาย กายภาพ เป็น ธาตุนั้นๆ โดยพายุสลาตันนี้จะไล่ตามศัตรูเป็นระยะเวลาหนึ่ง","產生一道隨機元素的龍捲風，對其周圍的敵人造成阻礙並重複造成傷害，將物理傷害轉換為其元素。龍捲風在一段時間內會追擊敵人。",34,100,1,23225,""
95,2335,3,[],"","Arctic Armour","Armure arctique","Arktische Rüstung","アークティックアーマー","한기의 방어구","Armadura Ártica","Северная броня","Armadura ártica","เกราะน้ำแข็ง","極地裝甲","Conjures an icy barrier that chills enemies on hit. The barrier creates chilled ground while moving, and causes less Fire and Physical damage while stationary.","Invoque une barrière de glace qui frigorifie les ennemis au toucher. La barrière laisse une traînée de sol frigorifiant lors du déplacement, et octroie une perte de dégâts de feu et physiques subis en étant immobile.","Beschwört eine eisige Barriere, die Gegner bei Treffer unterkühlt. Die Barriere erzeugt unterkühlten Boden während in Bewegung und bewirkt, dass im Stand weniger Feuerschaden und physischer Schaden erlitten werden.","ヒット時にその敵に冷却のデバフを与える氷のバリアを召喚する。移動中は足元に冷却領域を作成し、静止中には受ける火ダメージと物理ダメージを低下させる。","명중 시 해당 적을 냉각시키는 얼음 방어막을 만듭니다. 이 방어막은 이동 상태에서는 지면을 얼어붙게 만들고, 정지 상태에서는 화염 피해와 물리 피해를 감폭시킵니다.","Conjura uma barreira de gelo que esfria os inimigos que a atingem. Enquanto se move, a barreira cria terreno congelado e,\r\nquando está parada, reduz o dano de fogo e físico recebido.","Создаёт ледяную преграду, которая охлаждает атакующих врагов. Преграда оставляет участки замёрзшей земли при передвижении и заставляет получать меньше физического урона и урона от огня при нахождении на одном месте.","Invoca una barrera glacial que escarcha a los enemigos al impactarlos. La barrera crea suelo escarchado al moverse y provoca menos daño físico y de fuego cuando está quieta.","Arctic Armour\r\nเสกบาเรียน้ำแข็งที่สร้างสถานะ หนาวเย็น ต่อศัตรูที่ปะทะ บาเรียนี้จะสร้าง พื้นหนาวเย็น ขณะเคลื่อนที่และได้รับความเสียหาย ไฟและกายภาพ ลดลง อีก ขณะอยู่กับที่","施展出一道寒冰屏障，在擊中時對敵人造成冰緩。在移動期間，屏障會產生冰緩地面，在靜止時會造成較少火焰和物理傷害。",16,100,"",55367,""
96,11453,0,"[37,38,39,65,66,67,159,232,233,234,49,50,51]","","Frost Shield","Bouclier de givre","Frostschild","フロストシールド","서리 방패","Escudo Gélido","Морозный щит","Escudo de escarcha","ม่านพลังน้ำแข็ง","寒霜護盾","Places a Frost Shield that drains energy shield for one second or until none remains, gaining stages while this drain occurs. The Frost Shield takes and prevents some damage from hits of allies while in its area. Enemies in the area are Chilled.","Place un Bouclier de givre qui draine le bouclier d’énergie pendant une seconde ou jusqu’à épuisement, gagnant des paliers durant ce drain. Le Bouclier de givre absorbe une partie des dégâts des touches subies par les alliés dans sa zone. Les ennemis présents dans sa zone sont Frigorifiés.","Platziert einen Frostschild, der den Energieschild für eine Sekunde aufzehrt oder bis keiner übrig bleibt und baut dadurch Phasen auf. Der Frostschild erleidet und vermeidet einen Teil des Schadens anstelle von Verbündeten, während man sich in seinem Gebiet aufhält. Gegner im Gebiet werden unterkühlt.","フロストシールドを設置し、エナジーシールドを1秒間の間もしくはなくなるまで消費し、消費が起きてる間ステージを獲得し続ける。フロストシールドは、味方が範囲内で受けるヒットダメージの一部を代わりを防ぎ、範囲内の敵は冷却のデバフを受ける。","에너지 보호막을 1초 동안 또는 남지 않을 때까지 소모하는 서리 방패를 설치합니다. 소모하는 동안 단계를 획득합니다. 서리 방패는 범위 내에 있는 동안 동료의 명중으로 인한 피해 일부를 대신 받아 방지합니다. 범위 내의 적은 냉각됩니다.","Cria um Escudo Gélido que drena o escudo de energia por um segundo ou até que ele se esgote, ganhando estágios durante a drenagem. O Escudo Gélido recebe e evita parte do dano de golpes contra aliados na área de efeito e esfria inimigos.","Создаёт на земле Морозный щит, расходующий энергетический щит на протяжении одной секунды или до опустошения, при этом накапливая стадии. Морозный щит принимает на себя и предотвращает часть урона от ударов по союзникам в области. Враги под щитом охлаждаются.","Coloca un escudo de escarcha que drena el escudo de energía durante un segundo o hasta que se vacíe y que va ganando fases a medida que tiene lugar el drenaje. El escudo de escarcha recibe e impide una parte del daño de los impactos de los aliados mientras estén en su área. Los enemigos que están en el área quedan escarchados.","Frost Shield\r\nวางม่านพลังน้ำแข็งที่จะดูด โล่พลังงาน 1 วินาทีหรือจนกว่าโล่พลังงานจะหมด ซึ่งจะได้รับสเตจจากการดูดโล่พลังงานนี้ ม่านพลังจะรับความเสียหายบางส่วนจากการปะทะแทนเพื่อนที่อยู่ในพื้นที่ รวมถึงสร้างสถานะ หนาวเย็น ต่อศัตรูที่อยู่ในพื้นที่","設置一面寒霜護盾，會吸收能量護盾、持續 1 秒或直到已無能量護盾，在吸收過程中獲得疊層。寒霜護盾會為範圍內友方承受並吸收部分擊中傷害。區域內敵人會受到冰緩。",34,100,"",57491,""
97,5179,2,"[206,207,208,213,214,215,209,210,211,232,233,234,202,68,69,70,80,81,82,201,123,124,125]","","Ice Trap","Piège de glace","Eisfalle","アイストラップ","얼음 덫","Armadilha de Gelo","Ледяная ловушка","Trampa de hielo","กับดักน้ำแข็ง","冰凍陷阱","Throws a trap that creates a series of icy runic explosions when triggered, dealing cold damage to all enemies caught in the blasts.","Un piège qui crée une série d'explosions runiques de glace lorsqu'il est déclenché, infligeant des dégâts de froid à tous les ennemis se trouvant dans la zone d'effet.","Wirft eine Falle, die eine Reihe von Eisexplosionen zündet, wenn sie ausgelöst wird, und bei Gegnern innerhalb der Explosionen Kälteschaden verursacht.","作動すると氷の魔法の爆発を連続して起こすトラップを投げ、それにより発生した爆風に触れた全ての敵に冷気ダメージを与える。","발동될 경우 잇달아 얼음 룬 폭발을 일으키는 덫을 투척하여, 폭발에 휩쓸린 모든 적에게 냉기 피해를 줍니다.","Lança uma armadilha que, ao ser acionada, cria uma série de explosões rúnicas de gelo, causando dano de gelo a todos os inimigos atingidos.","Бросает ловушку, которая при срабатывании создаёт ледяные взрывы, наносящие урон от холода по области.","Lanza una trampa que provoca una serie de explosiones de runas heladas al activarse y que inflige daño de hielo a todos los enemigos alcanzados por las explosiones.","Ice Trap\r\nโยนกับดักที่จะสร้างระเบิดอักขระน้ำแข็งชุดหนึ่งเมื่อถูกทริกเกอร์ สร้างความเสียหาย น้ำแข็ง ต่อศัตรูที่อยู่ในระเบิด","投擲一個陷阱，觸發時會產生一系列寒冰符文爆炸，對爆炸範圍內的所有敵人造成冰冷傷害。",28,100,"",62997,""
98,12340,0,"[65,66,67,159,49,50,51]","","Vaal Arctic Armour","Armure arctique vaal","Vaal-Arktische Rüstung","ヴァールアークティックアーマー","바알 한기의 방어구","Armadura Ártica Vaal","Северная броня ваал","Armadura ártica vaal","วาล์ เกราะน้ำแข็ง","瓦爾．極地裝甲","Immediately encases the caster in ice, protecting for a duration or until taken damage from a number of hits, and also grants a buff once the cast time has finished. Cannot move or perform non-instant actions while protected in the ice. When the ice breaks, the buff is also removed.","Emprisonne immédiatement le lanceur dans la glace, le protégeant pendant une certaine durée ou jusqu'à ce qu'il subisse un certain nombre de touches endommageantes. Octroie également un effet bénéfique lorsque l'incantation s'achève. Le lanceur ne peut ni se déplacer ni accomplir d'actions non instantanées tant qu'il est protégé par la glace. Lorsque la glace se brise, l'effet bénéfique prend également fin.","Hüllt den Wirkenden sofort in Eis und schützt für eine Dauer oder bis Schaden von einer Anzahl von Treffern erlitten wird, und gewährt eine Stärkung, sobald die Zauberzeit beendet wurde. Der Wirkende kann sich nicht bewegen oder nicht sofortige Aktionen durchführen, solange dieser vom Eis geschützt wird. Wenn das Eis bricht, wird auch die Stärkung entfernt.","即座に使用者を氷で包み、持続時間の間または一定数のヒットによりダメージを受けるまで防御する。またキャストタイムが終わるとバフを付与する。氷の中にいる時に即時でないアクションを行うことはできない。氷が破壊されると、バフもまた取り除かれる。","즉시 시전자를 얼음으로 둘러싸 일정 시간 동안 또는 일정 횟수 피격으로 피해를 받을 때까지 보호하고, 시전 시간이 끝나면 버프를 부여합니다. 얼음으로 보호받는 동안에는 이동하거나 비-즉시 행동을 할 수 없습니다. 얼음이 깨지면 버프 역시 제거됩니다.","Envolve imediatamente o conjurador em gelo, protegendo-o por um período ou até sofrer dano de uma certa quantidade de golpes. Ao concluir o tempo de conjuração, concede um bônus. Durante a proteção, não é possível se mover ou realizar\r\nações que não sejam instantâneas. Quando o gelo se quebra, o bônus também é removido.","Немедленно заковывает сотворившего умение в лёд, защищая его некоторое время или пока не будет получен урон от нескольких ударов, а также дарует положительный эффект по завершении сотворения. Находясь во льду, нельзя двигаться и выполнять не мгновенные действия. Когда лёд разбивается, положительный эффект также исчезает.","Recubre inmediatamente al lanzador del hechizo con hielo para protegerlo durante un tiempo o hasta que reciba el daño de una cierta cantidad de impactos. También otorga un efecto beneficioso cuando acaba el tiempo de lanzamiento. No podrá moverse ni realizar acciones que no sean instantáneas mientras esté protegido por el hielo. Cuando el hielo se rompe, también se elimina el efecto beneficioso.","Vaal Arctic Armour\r\nหุ้มกายผู้ร่ายด้วยน้ำแข็งทันที มันจะคุ้มครองเป็นระยะเวลาหนึ่ง หรือจนกว่าผู้ร่ายจะได้รับการปะทะที่สร้างความเสียหายจนครบจำนวน และยังมอบบัฟเมื่อเวลาร่ายสิ้นสุดลงอีกด้วย ผู้ร่ายไม่สามารถเคลื่อนไหวหรือทำการกระทำที่ไม่ส่งผลทันทีได้ขณะที่อยู่ในน้ำแข็ง เมื่อน้ำแข็งแตก บัฟนี้จะถูกกำจัดเช่นกัน","立刻將施放者保護在冰塊中，保護一段時間或承受一定次數的擊中，並在施放時間結束時給予一個增益效果。在受冰塊保護期間無法移動或施展非立即的行動。當冰塊破除後，增益效果也會被移除。",16,100,1,44455,""
99,6470,2,"[206,207,208,213,214,215,209,210,211,232,233,234,202,68,69,70,201]","","[DNT] UNUSED","[DNT] UNUSED","[DNT] UNUSED","[DNT] UNUSED","[DNT] UNUSED","[DNT] UNUSED","[DNT] UNUSED","[DNT] UNUSED","[DNT] UNUSED","[DNT] UNUSED","[DNT] UNUSED","[DNT] UNUSED","[DNT] UNUSED","[DNT] UNUSED","[DNT] UNUSED","[DNT] UNUSED","[DNT] UNUSED","[DNT] UNUSED","[DNT] UNUSED","[DNT] UNUSED",1,100,"",60048,"Art/2DArt/SkillIcons/HouseCyaxanSkill.dds"
100,5818,2,"[206,207,208,213,214,215,209,210,211,232,233,234,202,68,69,70,80,81,82,126,127,128]",5819,"Greater Vortex Trap","Piège de Vortex majeur","Größerer-Vortex-Falle","グレーターヴォーテックストラップ","상위 소용돌이 덫","Armadilha de Vórtice Maior","Великая ловушка Пурги","Trampa de vórtice superior","กับดักน้ำวนชั้นสูง","高階漩渦陷阱","Throw multiple traps that cause icy blasts, dealing cold damage to enemies, and leaving behind whirling vortices which deals cold damage over time and chills enemies caught in them.","Jette plusieurs pièges qui provoque des explosions glaciales, infligeant des dégâts de froid aux ennemis. Ces pièges laissent derrière eux des vortex tourbillonnants qui infligent des dégâts de froid sur la durée et gèlent les ennemis pris dedans.","Werft mehrere Fallen, die eisige Explosionen erzeugen, die bei Gegnern Kälteschaden verursachen und wirbelnde Vortexe hinterlassen, die Kälteschaden über Zeit verursachen und Gegner unterkühlen, die sich in ihnen aufhalten.","氷の爆発を引き起こし敵に冷気ダメージを与える複数の罠を投げる。また冷気継続ダメージを与え巻き込まれた敵を凍らせる渦を残す。","얼음 폭발을 일으키는 덫을 여러 개 던져 적들에게 냉기 피해를 줍니다. 또한 소용돌이를 남겨 지속 냉기 피해를 주고 적들을 냉각시킵니다.","Lança várias armadilhas que geram explosões de gelo, causando dano de gelo aos inimigos e deixando para trás vórtices giratórios que causam dano de gelo degenerativo e esfriam os inimigos atingidos.","Бросает несколько ловушек, которые вызывают ледяные взрывы, наносящие урон от холода врагам. В области действия порывы ледяного ветра наносят врагам постепенный урон от холода и охлаждают их.","Lanza varias trampas que provocan explosiones heladas y que infligen daño de hielo a los enemigos. También dejan vórtices giratorios detrás de sí que infligen daño de hielo degenerativo y escarchan a los enemigos a los que atrapan.","Greater Vortex Trap\r\nโยนกับดักหลายอันที่ระเบิดน้ำแข็งเมื่อถูกทริกเกอร์ สร้างความเสียหาย น้ำแข็ง ต่อศัตรู และทิ้งวงน้ำวนไว้เพื่อสร้างความเสียหาย น้ำแข็ง ต่อเนื่อง และสร้างสถานะ หนาวเย็น ต่อศัตรูที่อยู่ในพื้นที่","投擲多個會造成寒冰爆破的陷阱，對敵人造成冰冷傷害，並留下一道漩渦，對其中的敵人造成冰冷持續傷害和冰緩。",28,100,1,3493,""
101,2277,2,"[206,207,208,213,214,215,209,210,211,232,233,234,202,68,69,70,80,81,82,201,0,1]",2278,"Creeping Frost Trap","Piège de Givre dévorant","Schleichender-Frost-Falle","クリーピングフロストトラップ","엄습하는 서리 덫","Armadilha de Gelo Insidiosa","Ловушка Ползучего мороза","Trampa de escarcha acechante","กับดักน้ำแข็งคืบคลาน","霜寒滲透陷阱","Throws a trap which, once triggered, fire an icy projectile that bursts on impact or when reaching the targeted area, dealing area damage and creating a chilling area that deals cold damage over time. This area will creep across the ground towards nearby enemies until its duration expires.","Jette un piège qui, une fois déclenchée, projette un projectile glacial qui explose à l'impact ou lorsqu'il atteint l'emplacement ciblé, infligeant des dégâts de zone et créant une zone frigorifiante qui inflige des dégâts de froid sur la durée. Cette zone se déplace en direction des ennemis à proximité jusqu'à ce que sa durée expire.","Wirft eine Falle, die bei Auslösung ein eisiges Projektil entfesselt, das beim Aufprall oder beim Erreichen des Zielgebiets explodiert und Flächenschaden verursacht und dabei eine unterkühlende Fläche erzeugt, die Kälteschaden über Zeit verursacht. Diese Fläche bewegt sich auf Gegner im Umkreis zu, bis die Dauer ausläuft.","作動すると着弾時または指定したエリアに到達したときに炸裂する氷の投射物を放ち、範囲ダメージを与えるとともに、冷気継続ダメージを与える冷却エリアを生成する罠を投げる。このエリアは持続時間が切れるまで近くの敵に向かって地面を這うように移動する。","덫을 투척합니다. 이 덫은 발동하면 대상 지점에 도달하거나 충돌하면 폭발하는 얼음 투사체를 발사하여 범위 피해를 주고 지역을 냉각시켜 지속 냉기 피해를 줍니다. 해당 지역은 지속시간이 끝날 때까지 적들을 찾아 이동합니다.","Lança uma armadilha que, ao ser ativada, dispara um projétil de gelo que explode no impacto ou ao atingir a área selecionada, causando dano de área e criando uma zona gelada que causa dano de gelo degenerativo. Essa zona se move lentamente pelo chão em direção aos inimigos até se dissipar.","Бросает ловушку, которая выпускает ледяной снаряд, который взрывается при попадании или достижении указанного места, наносит урон по области и создаёт охлаждающий участок, наносящий постепенный урон от холода. Этот участок будет расползаться по земле в направлении к ближайшим врагам до завершения времени своего действия.","Lanza una trampa que, una vez activada, dispara un proyectil helado que explota al chocar o al llegar al área objetivo. La explosión inflige daño en área y crea un área de escarcha que inflige daño de hielo degenerativo. Esta área se deslizará por el suelo hacia los enemigos cercanos hasta que expire su duración.","Creeping Frost Trap\r\nโยนกับดักที่ยิงโพรเจกไทล์น้ำแข็งเมื่อถูกทริกเกอร์ ที่จะระเบิดเมื่อกระทบหรือถึงพื้นที่เป้าหมาย สร้างความเสียหาย พื้นที่ และสร้าง พื้นที่หนาวเย็น ที่สร้างความเสียหาย น้ำแข็ง ต่อเนื่อง ต่อศัตรูที่อยู่บนพื้นที่ พื้นที่นี้จะค่อยๆ คืบคลานเข้าหาศัตรูที่อยู่ใกล้จนกว่าระยะเวลาของมันจะหมดลง","投擲一個陷阱，觸發時會射出一個寒冰投射物，在接觸到敵人或到達目標區域時會爆炸，造成範圍傷害和製造會造成冰冷持續傷害的冰緩區域。此冰緩區域會蔓延至附近的敵人，直到它的持續時間結束。",12,100,"",9321,""
102,12478,2,"[71,72,73,232,233,234,37,38,39,93,94,136,137,138,148,149,150,65,66,67]","","Divine Retribution","Rétribution divine","Göttliche Vergeltung","ディヴァインリトリビューション","신성한 응징","Castigo Divino","Божественное возмездие","Retribución divina","เทพลงทัณฑ์","神聖制裁","Retaliate against a blocked hit with a surge of divine power, causing multiple waves of lightning bursts to expand outward from a targeted location. ","Riposte lorsque vous bloquez en libérant une salve de pouvoir divin qui fait s'abattre des vagues d'éclairs qui se propagent vers l'extérieur de l'emplacement ciblé.","Führt einen Gegenschlag gegen einen geblockten Treffer aus, indem Ihr göttliche Macht entfesselt, die bewirkt, dass mehrere Blitzwellen ausgehend vom Zielort nach außen hin explodieren. ","ブロックしたヒットに対して神の力のうねりで報復し、対象地点から外側に向かって広がる複数の雷の爆発の波を起こす。","명중을 막은 후 보복으로 신성한 힘을 뿜어, 대상 지점으로부터 바깥으로 퍼져나가는 번개의 파장을 여러 개 생성합니다.","Ao bloquear um golpe, revida com um surto de poder divino, fazendo várias explosões de relâmpago se espalharem a partir do local escolhido.","Отвечает на заблокированный удар выбросом божественной силы, порождая несколько волн электрических взрывов, расходящихся из указанной точки.","Toma represalias contra un impacto bloqueado con un torrente de poder divino que genera múltiples oleadas de estallidos de rayo que se expanden hacia fuera desde una ubicación objetivo.","Divine Retribution\r\nโต้กลับการปะทะที่บล็อค ด้วยพลังเทวาที่ส่งคลื่นระเบิดสายฟ้าแผ่ขยายออกมาจากตำแหน่งเป้าหมายหลายลูก","遭擊中而成功格擋時，以神聖力量展開復仇，自目標區域生成多道向外擴散的閃電爆發。",16,100,1,24685,""
103,10492,2,"[139,140,141,71,72,73,232,233,234,37,38,39,93,94,136,137,138,135,148,149,150]",10493,"Divine Ire","Courroux divin","Göttlicher Zorn","ディヴァインアイア","신성한 진노","Ira Divina","Божественный гнев","Ira divina","เทพพิโรธ","聖怒","Channels raw energy to build up stages, damaging surrounding enemies. Releases to unleash this energy in a burst in the surrounding area and a beam forward. Maximum of 10 Stages.","Canalise de l’énergie brute pour accumuler des paliers, infligeant des dégâts aux ennemis proches. Lorsque cette aptitude est relâchée, l'énergie accumulée est expulsée, créant une explosion autour du lanceur et un rayon devant lui. Maximum 10 paliers.","Kanalisiert rohe Energie, um Phasen aufzubauen und bei Gegnern im Umkreis Schaden zu verursachen. Beim Loslassen wird die Energie in Form eines Strahls nach vorne und im Umkreis entfesselt. Maximal 10 Phasen.","エネルギーを溜めてステージを積み上げ、周囲の敵にダメージを与える。チャネリングを止め解放すると、周囲および前方にビーム状のエナジーブラストを放出する。最大10ステージ。","집중을 유지하며 가공되지 않은 에너지를 끌어모아 단계를 증가시킵니다. 집중 유지를 중단하면 에너지를 주위 지역에 격발하고 광선으로 전방에 발사합니다. 최대 10단계까지 증가합니다.","Canaliza energia para acumular até 10 estágios, causando dano aos inimigos ao redor. Toda a energia é liberada em uma explosão ao redor e em um raio frontal.","Во время поддержания проводит энергию и накапливает стадии, нанося урон окружающим врагам. Прекращение поддержания высвобождает энергию в виде вспышки вокруг и направленного вперёд луча. Максимум 10 стадий.","Canaliza energía pura para acumular fases e infligir daño a los enemigos circundantes. Suelta para liberar esta energía en un estallido en el área circundante y en un haz frontal. Puede tener un máximo de 10 fases.","Divine Ire\r\nแชนเนลพลังงานดิบเพื่อสะสมสเตจพร้อมกับสร้างความเสียหายต่อศัตรูที่อยู่ใกล้จำนวนหนึ่ง เมื่อปล่อยพลังจะระเบิดรอบตัวพร้อมยิงลำแสงมหาประลัยเข้าใส่ศัตรูที่อยู่ตรงหน้า สะสมได้สูงสุด 10 สเตจ","引導原始能量來蓄積疊層，對周圍敵人造成傷害。接著對周圍區域釋放能量爆發並向前射出一道光束。最大可達 10 層。",28,100,"",45226,""
104,2080,1,"[232,233,234,38,37,39,129,130,131,136,137,138,49,50,51,107,148,149,150,114]","","Shockwave Totem of Shocking","Totem sismique de l'Électrocution","Schockwellen-Totem des Schockens","感電のショックウェーブトーテム","감전의 충격파 토템","Totem de Onda de Choque Elétrico","Сотрясающий тотем шока","Tótem de onda sísmica de electrocución","โทเทมคลื่นกระแทกแห่งการช็อค","震波圖騰．電震","Summons a totem that shakes the earth around it, knocking back and damaging nearby enemies. A portion of physical damage the totem deals is converted to lightning.","Un totem qui fait trembler la terre autour de lui, repoussant et endommageant les ennemis à proximité. Une partie des dégâts physiques infligés par le totem est convertie en dégâts de foudre.","Beschwört ein Totem, das die Erde um sich herum zum Beben bringt und damit Schaden verursacht und Gegner zurückstößt. Ein Teil des physischen Schadens des Totems wird in Blitzschaden umgewandelt.","周囲の地面に衝撃を与えるトーテムを召喚し、周囲の敵をノックバックさせダメージを与える。トーテムが与える物理ダメージの一部は雷ダメージに変換される。","주변 지역을 뒤흔드는 토템을 소환하여 주변의 적들을 밀어내고 피해를 줍니다. 토템이 주는 물리 피해의 일부가 번개로 전환됩니다.","Cria um totem que faz a terra tremer ao redor, empurrando e causando dano aos inimigos próximos. Parte do dano físico do totem é convertido em dano de raio.","Устанавливает тотем, который сотрясает землю вокруг себя, раня и отбрасывая оказавшихся рядом врагов. Часть наносимого тотемом физического урона становится уроном от молнии.","Invoca un tótem que sacude la tierra a su alrededor para empujar y dañar a los enemigos cercanos. Una parte del daño físico que inflige el tótem se convierte en rayo.","Shockwave Totem of Shocking\r\nอัญเชิญ โทเทม ที่สั่นพื้นรอบๆ ตัวมัน ผลักศัตรูที่อยู่ใกล้ออกไปและสร้างความเสียหายต่อมัน ความเสียหาย กายภาพ ส่วนหนึ่งที่โทเทมสร้างถูกแปลงเป็น สายฟ้า","召喚一個圖騰震動其周圍的大地，對附近的敵人造成傷害並將其擊退。圖騰造成的一部分物理傷害會轉換為閃電傷害。",28,100,1,6651,""
105,10478,0,"[232,233,234,49,50,51,65,66,67,159,136,137,138,71,72,73,86,87,88]","","Wave of Conviction","Vague de condamnation","Welle der Verurteilung","ウェーブオブコンヴィクション","신념의 파도","Onda de Convicção","Волна осуждения","Ola de condena","คลื่นพลังลงทัณฑ์","信念浪湧","An expanding wave of energy surges forward, damaging enemies in a cone-shaped area over a duration. Each enemy hit is inflicted with Exposure matching the element of which they took the highest damage","Un sort qui envoie vers l'avant une vague d'énergie en forme de cône, endommageant les ennemis sur une durée. L'élément qui inflige le plus de dégâts applique à chaque ennemi l'Exposition à cet élément.","Entfesselt eine Welle aus Energie, die sich kegelförmig ausbreitet und bei Gegnern über eine Dauer Schaden verursacht. Bei jedem getroffenen Gegner wird die Anfälligkeit angewendet, die dem Schadenstyp entspricht, von dem er am meisten Schaden erlitten hat.","エネルギーの波が前方に幅を広げながら押し寄せ、円錐状の範囲の敵に時間をかけてダメージを与える。攻撃を受けた全ての敵は、最も高いダメージを受けた元素と一致する曝露デバフが付与される。","팽창하는 에너지의 파도가 전방으로 뿜어지면서, 지속시간 동안 부채꼴 형태 범위 내에 있는 적들에게 피해를 줍니다. 이 스킬에 피해를 받은 적들은 각자 가장 많은 피해를 받은 원소 속성의 노출효과가 부여됩니다.","Uma onda crescente de energia avança, causando dano aos inimigos em uma área cônica por um período. Cada inimigo atingido recebe exposição do elemento que causou mais dano.","Расширяющаяся волна энергии устремляется вперёд по области конической формы, нанося урон противникам в течение времени действия. На каждого попавшего под удар противника накладывается Восприимчивость к той стихии, от которой он получил наибольший урон.","Una ola expansiva de energía surge hacia adelante para dañar a los enemigos en un área con forma de cono durante un tiempo. Cada enemigo impactado queda afectado por la exposición al elemento del cual haya recibido más daño.","Wave of Conviction\r\nคลื่นพลังแผ่ขยายออกไปด้านหน้าเป็นระยะเวลาหนึ่ง สร้างความเสียหายต่อศัตรูในพื้นที่ทรงกรวย ศัตรูที่ถูกปะทะจะติดสถานะ พ่ายแก่ธาตุ ของธาตุที่ได้รับความเสียหายสูงที่สุด","向前方錐形範圍發送一股滾動的能量一段時間，對敵人造成傷害。每個被擊中的敵人都會根據其受到的最高傷害，而被施加對應屬性的曝曬",16,100,"",14732,""
106,4027,3,[],"","Herald of Ash","Héraut de la cendre","Herold der Asche","ヘラルドオブアッシュ","재의 전령","Arauto Vulcânico","Вестник пепла","Heraldo de ceniza","สาสน์ธุลี","灰燼之捷","Grants a buff providing fire damage based on physical damage. While the buff is active, on enemy kill, other enemies near them will be burned based on the overkill damage. ","Un effet bénéfique octroyant des dégâts de feu en fonction des dégâts physiques. En tuant un ennemi alors que cet effect est actif, les autres ennemis autour de lui subissent des dégâts de brûlure en fonction des dégâts excédentaires.","Gewährt eine Stärkung, die Feuerschaden basierend auf dem physischen Schaden gewährt. Während die Stärkung aktiv ist, werden bei gegnerischer Tötung andere Gegner in der Nähe basierend auf dem überzähligen Schaden verbrannt. ","物理ダメージ量に応じて火ダメージを追加するバフを付与する。このバフの影響下で敵を倒すと、その周囲の敵にオーバーキルダメージに応じた燃焼ダメージを与える。","물리 피해에 비례하여 화염 피해를 제공하는 버프를 부여합니다. 버프가 활성화되어 있는 동안 적 처치 시 주변의 적들에게 처치한 대상의 과잉살상 피해량에 기반한 화상 피해를 줍니다.","Concede um bônus que causa dano de fogo com base no dano físico. Enquanto o bônus estiver ativo, ao matar um inimigo, outros inimigos ao redor serão queimados conforme o dano de massacre.","Дарует положительный эффект, который добавляет часть физического урона в виде урона от огня. Если во время действия умения убить врага, то ближайшие враги получают урон от горения, зависящий от избыточного урона.","Otorga un efecto beneficioso que proporciona daño de fuego basado en tu daño físico. Mientras tengas este efecto, si matas a un enemigo, otros enemigos cerca de él se incendiarán basándose en el daño excesivo.","Herald of Ash\r\nมอบบัฟที่จะให้ความเสียหาย ไฟ ขึ้นอยู่กับความเสียหาย กายภาพ ขณะที่มีบัฟนี้ การสังหารศัตรูตัวอื่นๆ จะทำให้ศัตรูที่อยู่ใกล้มัน ติดไฟ ตามความเสียหายล้นเกิน","賦予一個增益效果，依據物理傷害提供火焰傷害。增益效果生效時，在擊殺敵人後，會依據溢出傷害對其附近的其他敵人造成燃燒。",16,100,"",44334,""
107,10479,1,"[232,233,234,49,50,51,65,66,67,159,136,137,138,77,78,79,193,194,195,199]","","Wave of Conviction of Trarthus","Vague de condamnation de Trarthus","Welle der Verurteilung von Trarthus","トラーサスのウェーブオブコンヴィクション","트라투스의 신념의 파도","Onda de Convicção de Trarthus","Волна осуждения Тератны","Ola de condena de Trarthus","คลื่นพลังลงทัณฑ์แห่งทาร์ทัส","特拉特斯信念浪湧","An expanding wave of energy surges outwards, damaging enemies in a ring-shaped area over a duration. The ring then returns, damaging enemies again on the way back.","Un sort qui envoie une vague d'énergie depuis votre personnage, endommageant les ennemis dans une zone en forme d'anneau pendant une certaine durée. L'anneau revient ensuite vers le lanceur, endommageant à nouveau les ennemis sur son passage.","Entfesselt eine Welle aus Energie, die sich ringförmig ausbreitet und bei Gegnern über eine Dauer Schaden verursacht. Der Ring kehrt zurück und verursacht dabei bei Gegnern erneut Schaden.","エネルギーの波が外側に幅を広げながら押し寄せ、リング状の範囲の敵に時間をかけてダメージを与える。その後、リングは戻り、その途中に再び敵のダメージを与える。","팽창하는 에너지의 파도가 밖으로 뻗어 나가면서, 지속시간 동안 고리 형태 범위 내에 있는 적들에게 피해를 줍니다. 그 후 고리가 돌아오며 돌아오는 길에 적들에게 다시 피해를 줍니다.","Uma onda de energia crescente avança, causando dano aos inimigos em uma área circular por um período. Depois, ela retorna e causa dano novamente.","Расширяющаяся волна энергии устремляется во все стороны в форме кольца, нанося урон противникам в течение времени действия. Затем кольцо возвращается и снова наносит урон врагам на обратном пути.","Una ola expansiva de energía surge hacia fuera para dañar a los enemigos en un área con forma de anillo durante un tiempo. Después, el anillo regresa para volver a infligir daño a los enemigos en el camino de vuelta. ","Wave of Conviction of Trarthus\r\nคลื่นพลังแผ่ขยายออกมาเป็นระยะเวลาหนึ่ง สร้างความเสียหายต่อศัตรูในพื้นที่วงแหวน จากนั้นวงแหวนจะกลับมาที่เดิมเพื่อสร้างความเสียหายต่อศัตรูอีกครั้ง","向前方環形範圍發送一股滾動的能量一段時間，對敵人造成傷害。隨後環形返回，在回程途中再次對敵人造成傷害。",16,100,1,4286,""
108,6662,2,"[232,233,234,136,137,138,77,78,79,37,38,39,0,1,154,155,156,220,193,194,195,199]","","Holy Mortar","Mortier sacré","Heiliger Mörser","ホーリーモーター","신성한 박격포","Morteiro Sagrado","Святая мортира","Mortero sagrado","ระเบิดปูพรมศักดิ์สิทธิ์","神聖迫擊砲","Fling a blast of holy flame, which explodes on impact dealing a mixture of fire and physical area damage.","Un jet de flamme sacrée qui explose à l'impact, infligeant un mélange de dégâts de feu et de dégâts physiques de zone.","Entfesselt einen Stoß aus heiligen Flammen, der bei Aufprall explodiert und eine Mischung aus Feuer- und physischem Flächenschaden verursacht.","聖なる炎の爆風を放つ。衝撃で爆発し、火および物理の範囲ダメージを与える。","신성한 불길의 돌풍을 내보냅니다. 돌풍은 충돌 시 폭발하며 화염 및 물리 범위 피해를 줍니다.","Lança uma rajada de chama sagrada que explode no impacto, causando dano misto de fogo e físico em uma área.","Бросает священное пламя, которое взрывается при ударе, нанося урон от огня и физический урон по области.","Lanza un estallido de llama sagrada, que explota al chocar para infligir una mezcla de daño físico y de fuego en área.","Holy Mortar\r\nเหวี่ยงเพลิงศักดิ์สิทธิ์ลูกหนึ่งที่ระเบิดออกมาเมื่อกระทบ สร้างความเสียหาย พื้นที่ ไฟและกายภาพ ผสมกัน","發射神聖火焰的爆裂，在衝擊時爆炸，造成火焰和物理的混合範圍傷害。",24,100,"",1577,"Art/2DArt/SkillIcons/HouseAzadiSkill.dds"
109,6746,2,"[232,233,234,49,50,51,136,137,138,77,78,79,37,38,39,65,66,67,159,193,194,195,199]",6747,"Meteor","Météore","Meteor","メテオ","유성","Meteoro","Метеор","Meteorito","อุกกาบาต","隕石","Call a meteor from the skies, which crashes down dealing area fire damage to those it hits.","Un météore qui tombe du ciel avant de s'écraser violemment au sol, infligeant alors des dégâts de feu de zone aux cibles touchées.","Beschwört einen Meteor vom Himmel, der herabstürzt und bei getroffenen Gegnern Feuer-Flächenschaden verursacht.","上空から隕石を呼び出し、落下させてヒットした対象に範囲火ダメージを与える。","하늘에서 유성을 불러 내립니다. 유성은 땅에 떨어지며 명중하는 대상에게 범위 화염 피해를 줍니다.","Invoca um meteoro que cai do céu, causando dano de fogo em quem estiver na área afetada.","Призывает с небес метеор, который падает на землю и наносит урон от огня по области тем, в кого попадёт.","Invoca un meteorito de los cielos, que se estrella para infligir daño de fuego en área a aquellos a quienes impacta.","Meteor\r\nเรียกอุกกาบาตมาจากฟากฟ้าที่ตกลงมาสร้างความเสียหาย พื้นที่ ไฟ ต่อผู้ที่ถูกปะทะ","從空中召下一顆隕石，砸下後對被擊中的敵人造成範圍火焰傷害。",24,100,1,40723,"Art/2DArt/SkillIcons/HouseAzadiSkill.dds"
110,10403,2,"[232,233,234,49,50,51,216,136,137,138,77,78,79,37,38,39]",10404,"Purifying Flame","Flamme purificatrice","Reinigende Flamme","ピュリファイングフレイム","정화의 불길","Chama Purificadora","Очищающее пламя","Llama purificadora","เปลวไฟชำระล้าง","淨化烈焰","Creates a wave of divine fire dealing damage in a line, then creates Consecrated Ground and deals damage in an area. A larger shockwave then expands outwards, damaging enemies standing on Consecrated Ground that were not already hit.","Une vague de feu divin qui inflige des dégâts en ligne droite, puis crée du Sol consacré et explose en infligeant des dégâts dans une zone. Ensuite, le sort expulse une onde de choc qui blesse les ennemis se trouvant sur du Sol consacré et n'ayant pas été touchés par l'explosion initiale.","Eine Welle göttlichen Feuers verursacht in einer geraden Linie Schaden und erzeugt anschließend in einem Bereich um das Ziel herum Geweihten Boden und verursacht Schaden. Darauf folgt eine größere Schockwelle, die sich nach außen hin ausbreitet und an Gegnern auf dem Geweihten Boden Schaden verursacht, die zuvor noch nicht getroffen wurden.","直線上に聖なる炎の波動を発生させ、ダメージを与える。その後、神聖領域を生成し範囲ダメージを与える。大きな衝撃波が外側に向かって広がり、まだヒットを受けていない神聖領域上の敵にもダメージを与える。","신성한 화염의 파도를 생성하여 일직선상에 피해를 준 후, 신성화 지대를 생성하여 범위 내에 피해를 줍니다. 대상 지점으로부터 충격파가 퍼져나가며 신성화 지대 위에 서 있는 적들에게 피해를 줍니다.","Cria uma onda de fogo divino que causa dano em linha, depois gera um chão consagrado e causa dano em área. Em seguida, uma onda maior avança, causando dano aos inimigos que não foram atingidos antes e que estão no chão consagrado.","Создаёт волну божественного огня, которая наносит урон по линии, создаёт освящённую землю и наносит урон по области. Затем большая ударная волна распространяется наружу, нанося урон всем ещё не поражённым врагам, стоящим на освящённой земле.","Crea una ola de fuego divino que inflige daño en una línea y después crea suelo consagrado e inflige daño en un área. Una onda expansiva más grande se extiende hacia afuera para dañar a los enemigos que estén sobre el suelo consagrado y que no hayan sido impactados aún.","Purifying Flame\r\nสร้างคลื่นเพลิงศักดิ์สิทธิ์ออกไปเป็นเส้นตรงแล้วสร้าง พื้นศักดิ์สิทธิ์ พร้อมสร้างความเสียหายในพื้นที่รอบตำแหน่งเป้าหมาย จากนั้นจะทำการปล่อยคลื่นพลังขนาดใหญ่ออกมา สร้างความเสียหายต่อศัตรูที่ยืนอยู่บน พื้นศักดิ์สิทธิ์ แต่ยังไม่ถูกปะทะตั้งแต่แรก","產生一道直線聖焰波，並產生奉獻地面，對一個區域造成傷害。接著一道更大的震波向外擴散，對奉獻地面上尚未遭擊中的敵人造成傷害。",1,100,"",17763,""
111,6055,1,"[129,130,131,37,38,39,49,50,51,65,66,67,159,252]",6056,"Scorching Ray Totem","Totem de Rayon calcinant","Sengender-Strahl-Totem","スコーチングレイトーテム","작열 광선 토템","Totem de Raio Calcinante","Тотем Опаляющего луча","Tótem de haz abrasador","โทเทมลำแสงแผดเผา","熾灼奔流圖騰","Creates a Spell Totem that unleashes a beam of fire that burns enemies it touches. Enemies in the beam raises the burning, adding a portion of the beam's damage in stages. Inflicts Fire Exposure at maximum stages. Enemies who leave the beam continue to burn for a duration.","Crée un Totem incantateur qui libère un rayon de feu qui brûle les ennemis. Plus la canalisation dure, plus la brûlure du rayon augmente, jusqu'à appliquer l'Exposition au feu lorsque le nombre maximal de paliers est atteint. Les ennemis continuent de brûler pendant une certaine durée après avoir quitté les flammes du rayon.","Erzeugt ein Zaubertotem, das einen Feuerstrahl entfesselt, der Gegner bei Berührung verbrennt. Das Verweilen innerhalb des Strahls verstärkt den Brand und fügt einen Teil des Strahlschadens phasenweise hinzu. Bei maximalen Phasen wird Feuer-Anfälligkeit verursacht. Gegner, die den Strahl verlassen, brennen noch für eine Dauer weiter.","触れた敵を燃やす炎のビームを放つトーテムを生成する。敵がビームの中に留まると燃焼の威力が増し、ステージごとにビームのダメージの一部が追加される。最大ステージに達すると曝露(火)を付与する。ビームから離れた敵も持続時間中は燃焼を続ける。","적들에게 화상을 주는 화염 광선을 시전하는 주문 토템을 생성합니다. 광선 속 적들은 화상이 심해지며, 단계가 거듭될수록 광선의 피해가 추가됩니다. 최대 단계에 이르면 적에게 화염 노출을 적용합니다. 광선에서 벗어난 적들은 일정 시간 동안 화상이 지속됩니다.","Cria um Totem Mágico que libera um raio de fogo, queimando os inimigos atingidos. Os inimigos no raio intensificam a queimadura, e o dano aumenta em estágios. No estágio máximo, inflige Exposição ao Fogo. Inimigos que saem do raio continuam queimando por um período.","Устанавливает колдовской тотем, выпускающий луч огня, который опаляет всех, кого коснётся. Чем дольше враги находятся под действием луча, тем больше урона они получают. По достижении максимального урона накладывает Восприимчивость к огню. Даже выйдя из луча, враги продолжат гореть.","Crea un tótem de hechizos que dispara un haz de fuego que incendia a los enemigos que toca. Los enemigos que permanezcan en el haz intensifican el incendio, ya que en cada fase se añade una parte del daño del haz. En las fases máximas, aplica exposición al fuego. Después de salir del haz, los enemigos seguirán incendiados durante un tiempo.","Scorching Ray Totem\r\nสร้างโทเทมเวทที่ปล่อยลำแสงไฟที่สร้างสถานะ ติดไฟ ต่อศัตรู ยิ่งมันอยู่ในลำแสงนานก็ยิ่ง ติดไฟ รุนแรงขึ้น เพิ่มความเสียหายลำแสงส่วนหนึ่งตามจำนวนสเตจที่มี เมื่อสเตจเต็มจะสร้างสถานะ พ่ายแก่ไฟ ต่อศัตรู ศัตรูที่ออกจากลำแสงจะติดสถานะ ติดไฟ ต่อไปเป็นระยะเวลาหนึ่ง","產生一個法術圖騰，其釋放一道對敵人燃燒的火焰射束。觸碰此射束的敵人將會增加燃燒效果，並依疊層增加射束的傷害。在最大疊層時造成火焰曝曬。敵人離開射束範圍的短時間內將持續受到燃燒傷害。",12,100,1,47293,""
112,2348,1,"[77,78,79,49,50,51,129,130,131,0,1,37,38,39,154,155,156,136,137,138,114,199,253]","","Holy Flame Totem","Totem de flammes sacrées","Heiliges Flammentotem","ホーリーフレイムトーテム","신성한 화염 토템","Totem de Chama Sagrada","Тотем священного огня","Tótem de llamas sagradas","โทเทมไฟศักดิ์สิทธิ์","神聖火蛇圖騰","Summons a totem that channels to fire a stream of flame at nearby enemies, and creates an area of consecrated ground around the totem.","Un totem qui crée du Sol consacré autour de lui et canalise un jet de flammes continu sur les ennemis à proximité.","Beschwört ein Totem, das kanalisiert und einen Strahl aus Feuer auf Gegner im Umkreis speit und um sich herum Geweihten Boden erzeugt.","近くの敵に炎を連続して発射するトーテムを召喚する。トーテムの周囲に神聖領域が生成される。","주변의 적들에게 불줄기를 지속해서 뿜어내는 토템을 소환합니다. 소환된 토템 주변에는 신성화 지대를 생성됩니다.","Cria um totem que canaliza para disparar um jato de fogo contra os inimigos próximos, além de criar uma área de chão consagrado ao redor.","Герой устанавливает тотем, который выпускает потоки пламени во врагов, и создаёт область освящённой земли вокруг тотема.","Invoca un tótem que canaliza para disparar una columna de fuego a los enemigos cercanos y crea un área de suelo consagrado alrededor de él.","Holy Flame Totem\r\nอัญเชิญ โทเทม ที่จะแชนเนลเพื่อปล่อยกระแสเพลิงเข้าใส่ศัตรูที่อยู่ใกล้ พร้อมทั้งสร้าง พื้นศักดิ์สิทธิ์ ในพื้นที่รอบโทเทม","召喚一個圖騰，引導並對附近敵人射出一道火焰流，並在圖騰附近產生奉獻地面區域。",4,100,1,47949,""
113,12243,2,"[0,1,126,127,128,65,66,67,159,49,50,51,232,233,234,55,56,57]",12244,"Vaal Caustic Arrow","Flèche caustique vaal","Vaal-Ätzender Pfeil","ヴァールコースティックアロー","바알 부식성 화살","Flecha Cáustica Vaal","Едкая стрела ваал","Flecha cáustica vaal","วาล์ ศรกัดกร่อน","瓦爾．腐化箭矢","Fires a slow-moving serpentine arrow which deals chaos damage while piercing enemies, and leaves a trail of caustic ground. Enemies standing on the caustic ground take chaos damage over time.","Une flèche qui se déplace lentement de façon sinueuse, qui inflige des dégâts de chaos en transperçant les ennemis, et qui répand du Sol caustique. Les ennemis situés sur le Sol caustique subissent des dégâts de chaos sur la durée.","Feuert einen langsamen, sich windenden Pfeil ab, der beim Durchbohren von Gegnern Chaosschaden verursacht und eine Spur aus ätzendem Boden hinterlässt. Gegner, die auf diesem Boden stehen, erleiden Chaosschaden über Zeit.","敵を貫通し腐食領域の軌跡を残しながら混沌ダメージを与えるゆっくり移動する蛇のような矢を放つ。腐食領域上の敵は混沌継続ダメージを受ける。","구불거리며 천천히 날아가는 화살을 발사해 적을 관통하는 동안 카오스 피해를 주고 화살이 지나간 자리에 부식성 지대를 생성합니다. 부식성 지대에 있는 적은 지속 카오스 피해를 받습니다.","Dispara uma flecha lenta e serpenteante que atravessa os inimigos, causando dano de caos e deixando o chão cáustico. Inimigos na área afetada sofrem dano de caos degenerativo.","Выпускает медленно летящую змеящуюся стрелу, которая пронзает врагов, наносит урон хаосом и оставляет след из участков едкой земли. Враги, находящиеся на едкой земле, получают постепенный урон хаосом.","Dispara una flecha serpenteante de movimiento lento que inflige daño de caos cuando perfora a los enemigos y deja un rastro de suelo cáustico. Los enemigos que se encuentren en el suelo cáustico recibirán daño de caos degenerativo.","Vaal Caustic Arrow\r\nยิงศรอสรพิษที่เคลื่อนไหวช้าๆ ที่เจาะทะลุศัตรูและสร้างความเสียหาย เคออส และทิ้ง พื้นกัดกร่อน แถบหนึ่งไปตามทาง ศัตรูที่ยืนอยู่บน พื้นกัดกร่อน จะได้รับความเสียหาย เคออส ต่อเนื่อง","發射一支慢速蛇行的箭矢，造成混沌傷害並穿透敵人，留下腐蝕地面。站在腐蝕地面上的敵人受到混沌持續傷害。",28,100,1,36274,""
114,688,2,"[0,1,232,233,234,49,50,51,126,127,128,157,158,120,121,122,143,144,145,113,2,171,172,173,22]",690,"Caustic Arrow","Flèche caustique","Ätzender Pfeil","コースティックアロー","부식성 화살","Flecha Cáustica","Едкая стрела","Flecha cáustica","ศรกัดกร่อน","腐化箭矢","Fires an arrow which deals chaos damage in an area on impact, and spreads caustic ground. Enemies standing on the caustic ground take chaos damage over time.","Une flèche qui inflige des dégâts de chaos de zone à l'impact et répand du Sol caustique. Les ennemis situés sur le Sol caustique subissent des dégâts de chaos sur la durée.","Feuert einen Pfeil ab, der beim Einschlag in einem Bereich Chaosschaden verursacht und ätzenden Boden erzeugt. Gegner, die auf diesem Boden stehen, erleiden Chaosschaden über Zeit.","着弾時に周囲に混沌ダメージを与え、腐食領域を作る矢を放つ。腐食領域上の敵は混沌継続ダメージを受ける。","화살을 발사해 대상 지점에 도달하거나 충돌 시 범위 피해를 주고 부식성 지대를 생성합니다. 부식성 지대에 있는 적에게는 지속 카오스 피해를 줍니다.","Dispara uma flecha que causa dano de caos em área no impacto e deixa o chão cáustico. Inimigos na área afetada sofrem dano de caos degenerativo.","Выпускает стрелу, которая при приземлении наносит урон хаосом по области и создаёт участок едкой земли. Враги, находящиеся на едкой земле, получают постепенный урон хаосом.","Dispara una flecha que inflige daño de caos en un área al chocar y propaga suelo cáustico. Los enemigos que se encuentren en el suelo cáustico recibirán daño de caos degenerativo.","Caustic Arrow\r\nยิงศรออกไป เมื่อกระทบจะสร้างความเสียหาย เคออส ในพื้นที่ และกระจาย พื้นกัดกร่อน ศัตรูที่ยืนอยู่บน พื้นกัดกร่อน จะได้รับความเสียหาย เคออส ต่อเนื่อง","射出一發帶有腐蝕效果的箭矢，對擊中的敵人造成混沌傷害，並且產生腐蝕地面。在腐蝕地面上的敵人將會受到混沌持續傷害。",1,100,"",58174,""
115,6943,0,"[232,233,234,143,144,145]","","Chaotic Burst","Explosion chaotique","Chaotische Explosion","ケイオティックバースト","혼돈의 격발","Estouro Caótico","Вспышка хаоса","Estallido caótico","ระเบิดเคออส","混沌爆發","Deals physical and chaos attack damage in an area.","Inflige des dégâts d'attaque physiques et de chaos dans une zone.","Verursacht physischen und Chaos-Angriffsschaden in einem Bereich.","物理および混沌ダメージを与える。","범위 내에 물리 및 카오스 공격 피해를 줍니다.","Causa dano de ataque físico e de caos em uma área.","Наносит физический урон и урон хаосом от атак по области.","Inflige daño físico y de caos de ataques en un área.","Chaotic Burst\r\nสร้างความเสียหาย กายภาพและเคออส ในพื้นที่","對一片區域造成物理和混沌攻擊傷害。",16,100,"",26913,"Art/2DArt/SkillIcons/HouseBardiyaSkill.dds"
116,8887,2,"[0,1,157,158,183,184,185,120,121,122,154,155,156,33,34,35]","","Chaotic Shot","Tir chaotique","Chaotischer Schuss","ケイオティックショット","혼돈의 사격","Disparo Caótico","Выстрел хаоса","Disparo caótico","ศรเคออส","混沌射擊","Fire a rapidly decelerating arrow that converts part of the physical damage it deals to chaos. When it comes to a stop, it will trigger Chaotic Burst.","Tire une flèche qui décélère rapidement et convertit une partie des dégâts physiques qu'elle inflige en dégâts de chaos. Lorsqu'elle s'arrête, elle déclenche Explosion chaotique.","Feuert einen schnell verlangsamenden Pfeil, der einen Teil des verursachten physischen Schadens in Chaosschaden umwandelt. Wenn der Pfeil zum Stillstand kommt, löst er ‘Chaotische Explosion‘ aus.","急速に減速する矢を発射し、物理ダメージの一部を混沌ダメージに変換してダメージを与える。矢が停止するとケイオティックバーストが発動する。","빠르게 속도가 줄어드는 화살을 발사합니다. 이 화살은 주는 물리 피해의 일부를 카오스로 전환합니다. 화살이 멈추면 혼돈의 격발을 일으킵니다.","Dispara uma flecha que perde velocidade rapidamente, converte parte do dano físico em dano de caos e, ao parar, ativa uma Explosão Caótica.","Выпускает быстро замедляющуюся стрелу, которая преобразует часть наносимого ею физического урона в урон хаосом. Остановившись, она вызывает срабатывание Вспышки хаоса.","Dispara una flecha que se desacelera rápidamente y que convierte parte del daño físico que inflige en caos. Cuando se detiene, activa Estallido caótico.","Chaotic Shot\r\nยิงศรที่จะลดความเร็วลงเรื่อยๆ ไปจนถึงตำแหน่งเป้าหมา ซึ่งแปลงความเสียหาย กายภาพ ที่สร้างส่วนหนึ่งเป็น เคออส จากนั้นเมื่อศรแน่นิ่งจะทริกเกอร์ระเบิดเคออส (Chaotic Burst)","發射一支急速加快的箭矢，且造成物理傷害的一部分轉換為混沌傷害。當它停止時，將會觸發混沌爆發。",16,100,"",18986,"Art/2DArt/SkillIcons/HouseBardiyaSkill.dds"
117,9781,2,"[0,1,232,233,234,49,50,51,126,127,128,157,158,120,121,122,143,144,145,113,259]","","Toxic Rain","Pluie toxique","Toxischer Regen","トキシックレイン","맹독성 비","Chuva Tóxica","Токсичный дождь","Lluvia tóxica","ฝนพิษ","腐蝕毒雨","Fire arrows into the air that rain down around the targeted area, dealing damage to enemies they hit and creating spore pods where they land. Each spore pod deals chaos damage over time to nearby enemies and slows their movement speed. The pods last for a duration before bursting, dealing area damage.","Un tir qui envoie plusieurs flèches dans les airs avant qu'elles ne retombent autour de l'endroit ciblé, infligeant des dégâts aux ennemis et créant des bulbes de spores sur le sol. Chaque bulbe inflige des dégâts de chaos sur la durée aux ennemis à proximité tout en réduisant leur vitesse de déplacement. Au bout d'un court laps de temps, les bulbes explosent, infligeant des dégâts de zone.","Feuert Pfeile in die Luft, die im Zielbereich herabregnen, Schaden an getroffenen Gegnern verursachen und Sporenkapseln am Landepunkt hinterlassen. Jede Sporenkapsel verursacht Chaosschaden über Zeit an Gegnern im Umkreis und verlangsamt ihre Bewegungsgeschwindigkeit. Nach einer kurzen Verzögerung platzen die Kapseln und verursachen Flächenschaden.","空中に矢を放ち指定位置に雨のように矢を降らせ、命中した敵にダメージを与え、着弾位置に胞子嚢を咲かせる。それぞれの胞子嚢は周囲の敵に混沌継続ダメージを与え、その移動スピードを遅くする。胞子嚢は持続時間が経過すると爆発し、範囲ダメージを与える。","허공으로 화살을 쏘면, 목표 지역 주위에 떨어져 내리며 명중한 적에게 피해를 주고 떨어진 곳에 포자 주머니를 만듭니다. 각 포자 주머니는 주변의 적들에게 지속 카오스 피해를 주고 이동 속도를 느리게 만듭니다. 주머니는 지속시간이 경과하면 폭발하여 범위 피해를 줍니다.","Dispara flechas para o alto, que caem ao redor da área selecionada, causando dano aos inimigos atingidos e criando esporângios no local. Cada esporângio causa dano de caos degenerativo aos inimigos próximos e reduz a velocidade de movimento deles. Após um período, os esporângios explodem e causam dano em área.","Выпускает в воздух стрелы, которые обрушиваются на указанную область, нанося урон задетым врагам и создавая стручки со спорами в месте приземления. Каждый стручок наносит постепенный урон хаосом ближайшим врагам и замедляет скорость их передвижения. По истечении короткого промежутка времени, стручки взрываются, нанося урон по области.","Dispara flechas al aire que caen alrededor del área objetivo para dañar a los enemigos a los que impactan y crear vainas de esporas donde aterrizan. Cada vaina de esporas inflige daño de caos degenerativo a los enemigos cercanos y disminuye su velocidad de movimiento. Después de un tiempo, las vainas estallan e infligen daño en área.","Toxic Rain\r\nยิงศรขึ้นสู่ฟากฟ้า ซึ่งจะโปรยปรายลงมาบนพื้นที่เป้าหมาย สร้างความเสียหายต่อศัตรูที่ปะทะและทิ้งสปอร์ไว้ที่จุดที่ศรตก ซึ่งสปอร์แต่ละกอจะสร้างความเสียหาย เคออส ต่อเนื่อง ต่อศัตรูที่อยู่ใกล้ และลดความเร็วในการเคลื่อนที่ของมัน สปอร์จะอยู่ได้ระยะเวลาหนึ่ง ก่อนที่จะแตกออกและสร้างความเสียหาย พื้นที่","朝空中發射數個箭矢並在目標區域如雨般降下，對擊中的敵人造成傷害並於它們降下的地方製造黴孢。每個黴孢對附近敵人造成混沌持續傷害並減緩它們的移動速度。短暫時間過後，黴孢會爆炸造成範圍傷害。",12,100,"",38628,""
118,9771,2,"[0,1,49,50,51,126,127,128,157,158,120,121,122,143,144,145,33,34,35,14,74,113]","","Scourge Arrow of Menace","Flèche d'épines de la Menace","Verhängnispfeil der Bedrohung","脅威のスカージアロー","위험의 재앙의 화살","Flecha Virulenta da Ameaça","Стрела скверны угрозы","Flecha de espinas de amenaza","ลูกศรหายนะแห่งการคุกคาม","天譴之箭．威脅","Fire an arrow that leaves a spore pod in its wake. The spore pod blooms, firing thorn arrows, which travel for a short time before dissipating. Modifiers that cause additional projectiles to be fired will only apply to the initial arrows, each of which leaves its own spore pod.","Tire une flèche qui dépose un bulbe sur son trajet. Quand le bulbe éclot, il projette des épines qui disparaissent rapidement durant leur trajet. Les modificateurs de projectiles supplémentaires ne s'appliquent qu'aux flèches initiales, chacune de ces flèches dépose son propre bulbe.","Feuert einen Pfeil, der in seiner Flugbahn eine Sporenkapsel hinterlässt. Die Sporenkapsel öffnet sich und entfesselt Dornenpfeile, die über eine kurze Zeit fliegen und dann verschwinden. Modifikatoren für zusätzliche Projektile wirken sich ausschließlich auf die ursprünglichen Pfeile aus, und jeder Pfeil hinterlässt seine eigene Sporenkapsel.","通り道に胞子嚢を生成する矢を放つ。それぞれの胞子嚢は開花するとトゲの矢を放つ。トゲの矢は短い間飛んだ後に消滅する。投射物を追加するモッドは最初の矢にのみ適応され、それぞれ投射物で胞子嚢が生成される。","지나가는 경로에 포자 주머니 1개를 남기는 화살을 발사합니다. 포자 주머니는 개별적으로 만개함과 동시에, 잠시 동안 날아가다 소멸하는 가시 화살을 발사합니다. 추가 투사체 발사 속성 부여는 최초의 화살에만 적용되며, 이 경우 각 화살이 포자 주머니를 1개씩 남깁니다.","Dispara uma flecha que deixa um esporângio durante o trajeto. O esporângio floresce e dispara flechas espinhosas, que voam por um breve período antes de sumir. Modificadores que concedem projéteis adicionais só afetam as flechas iniciais, e cada uma delas deixa seu próprio esporângio.","Выпускает стрелу, оставляющую за собой стручок со спорами. Стручок со спорами распускается, выпуская шипы, которые летят некоторое время, прежде чем рассеяться.  Модификаторы дополнительных снарядов добавляют стрелы первоначальному выстрелу, каждая из которых оставляет свой собственный стручок со спорами.","Dispara una flecha que deja caer una vaina de esporas a su paso. La vaina de esporas florecerá y liberará flechas de espinas, que viajarán durante un corto período de tiempo antes de disiparse. Los modificadores que otorgan proyectiles adicionales solo afectarán a las flechas iniciales, y cada una de ellas dejará caer su propia vaina de esporas.","Scourge Arrow of Menace\r\nยิงศรที่ทิ้งสปอร์ไปตามทาง สปอร์แต่ละกอจะบานและปล่อยศรหนามที่จะเคลื่อนที่ระยะทางสั้นๆ ก่อนที่จะสลายหายไป ม็อดที่เพิ่มจำนวนโพรเจกไทล์จะส่งผลต่อจำนวนศรดอกแรกที่ยิงออกเท่านั้น โดยแต่ละดอกจะทิ้งสปอร์ของมันเอง","發射一支箭矢，在路徑上留下黴孢。黴孢會展開、射出飛行一小段時間後消失的棘刺之矢。額外射出投射物的詞綴只會套用於初始箭矢，每支箭矢都會留下其黴孢。",28,100,"",28502,""
119,9376,0,"[232,233,234,49,50,51,65,66,67,159,180,181,182,30,31,32]",9377,"Intimidating Cry","Cri d'intimidation","Einschüchternder Schrei","インティミデーティングクライ","위협의 함성","Clamor Intimidador","Устрашающий клич","Grito intimidatorio","คำรามข่มขู่","威嚇戰吼","Performs a warcry, taunting nearby enemies to attack the user and exerting subsequent attacks. The user and nearby allies gain a buff that grants movement speed.","Pousse un cri de guerre qui stimule les prochaines attaques et provoque les ennemis à proximité, les obligeant à attaquer l'utilisateur. L'utilisateur et les alliés à proximité gagnent également un effet bénéfique qui octroie de la vitesse de déplacement.","Entfesselt einen Kriegsschrei, der alle Gegner im Umkreis verspottet, wodurch sie den Charakter angreifen, und alle folgenden Angriffe potenziert. Der Nutzer und Verbündete im Umkreis erhalten eine Stärkung, die Bewegungsgeschwindigkeit gewährt.","ウォークライを行い、近くの敵を挑発し、使用者を攻撃させ、使用者のその後のアタックを奮起させる。使用者および周囲の味方に移動スピードを増加させるバフを付与する。","함성을 질러 주변의 적들을 도발하여 시전자를 공격하게 하고, 이어지는 공격에 전력을 다합니다. 시전자와 주변 동료들이 이동 속도를 부여하는 버프를 받습니다.","Esbraveja um clamor, provocando os inimigos próximos a atacar o usuário e fortalecendo os ataques seguintes. O usuário e os aliados próximos ganham um bônus que aumenta a velocidade de movimento.","Издаёт боевой клич, провоцирующий ближайших врагов атаковать издавшего клич и улучшающий последующие атаки. Дарует ему и союзникам положительный эффект, дающий повышение скорости передвижения.","Ejecuta un grito de guerra que provoca a los enemigos cercanos para que ataquen al usuario y optimiza los siguientes ataques. El usuario y los aliados cercanos obtienen un efecto beneficioso que otorga velocidad de movimiento.","Intimidating Cry\r\nส่งเสียงคำรามเพื่อยั่วยุศัตรูที่อยู่ใกล้ให้มาโจมตีผู้ใช้ พร้อมกันนี้ก็ทำให้การโจมตีหลังจากนั้นทำไปด้วยความฮึกเหิม ผู้ใช้และเพื่อนที่อยู่ใกล้จะได้รับบัฟเพิ่มความเร็วในการเคลื่อนที่","發出一道戰吼，嘲諷附近敵人，使他們攻擊施放者，並竭盡後續攻擊。使用者和附近友方獲得賦予移動速度的增益效果。",10,100,"",38311,""
120,9569,2,"[232,233,234,223,164,165,166,120,121,122,229,230,231,203,204,205,191,192,46]","","Ground Slam","Fracas tellurique","Schmetterhieb","グラウンドスラム","대지 강타","Impacto Sísmico","Сотрясение","Impacto sísmico","ทุบพื้น","裂地之擊","Slams the ground, creating a wave that travels forward and damages enemies with an increased chance to stun. The wave deals more damage to closer enemies. ","Fracasse le sol, créant ainsi une vague qui se déplace vers l'avant et endommage les ennemis avec des chances augmentées de les étourdir. Cette vague inflige davantage de dégâts aux ennemis les plus proches.","Schlägt auf den Boden, wodurch eine nach vorne schnellende Welle erzeugt wird, die bei Gegnern Schaden verursacht und die Chance auf Betäuben erhöht. Die Welle verursacht bei nahen Gegnern mehr Schaden. ","前方の地面を叩きつけ、前方に移動する衝撃波を放つ。衝撃波は敵にダメージを与え、増加したスタン確率を持つ。近い敵へのダメージは上昇する。","지면을 강타하여 대지의 물결을 일으켜 전방으로 뻗어나가게 합니다. 물결은 적들에게 피해를 주고 증가된 확률로 기절시킵니다. 시전자에게 가까운 적일수록 더 큰 피해를 받습니다.","Ao golpear o chão, cria-se uma onda que avança e causa dano aos inimigos, com maior chance de atordoá-los. A onda causa mais dano aos inimigos mais próximos.","С силой бьёт по земле перед собой и создаёт волну, которая движется вперёд, наносит урон и с повышенной вероятностью оглушает врагов. Волна наносит больше урона близко расположенным врагам.","Golpea el suelo para crear una onda que viaja hacia adelante y daña a los enemigos con una probabilidad aumentada de aturdirlos. La onda inflige más daño a los enemigos más cercanos. ","Ground Slam\r\nทุบพื้นสร้างคลื่นพลังที่จะเคลื่อนที่ไปด้านหน้าซึ่งจะสร้างความเสียหายต่อศัตรูและมีโอกาสสร้างสถานะ สตัน เพิ่มขึ้น คลื่นพลังนี้จะสร้างความเสียหายเพิ่มขึ้น อีก ต่อศัตรูที่อยู่ใกล้","重擊地面，產生朝前方移動、對敵人造成傷害且暈眩機率增加的波動。波動會對距離較近的敵人造成更多傷害。",1,100,"",53728,""
121,110,0,"[232,233,234,120,121,122,229,230,231,164,165,166,222]","","Leap Slam","Bond percutant","Sprunghieb","リープスラム","도약 강타","Salto Impactante","Наскок","Salto con impacto","กระโจนทุบ","躍擊","Jump through the air, damaging and knocking back enemies when landing.","Un bond dans les airs qui endommage et repousse les ennemis à l'atterrissage.","Springt in die Luft, fügt Gegnern am Aufschlagpunkt Schaden zu und stößt diese zurück.","空中に飛び上がり、着地点にいる敵にダメージを与え、ノックバックする。","공중으로 도약 후 착지하면서 적들에게 피해를 주고 밀쳐냅니다.","Salta pelo ar, causando dano e empurrando inimigos ao tocar o chão.","Прыгает высоко вверх и приземляется в указанное место, наносит урон врагам и отталкивает их.","Salta por los aires para infligir daño y empujar a los enemigos al aterrizar.","Leap Slam\r\nกระโดดขึ้นกลางอากาศเพื่อลงมาจู่โจมพื้นที่เป้าหมาย สร้างความเสียหายและผลักศัตรูออกไป","躍至空中，在著地時對敵人造成傷害並將其擊退。",10,100,"",2135,""
122,1578,0,"[49,50,51,65,66,67,159,37,38,39,224]","","Molten Shell","Carapace volcanique","Lavaschilde","モルテンシェル","용암 방패","Escudo Incandescente","Расплавленный панцирь","Coraza fundida","กระดองหลอมละลาย","熔岩護盾","Applies a buff that adds armour, and can take some of the damage from hits before being depleted.","Applique un effet bénéfique qui ajoute de l'armure et peut absorber une partie des dégâts subis au toucher avant d'être épuisé.","Wendet eine Stärkung an, die Rüstung hinzufügt, und einen Teil des Schadens von Treffern absorbieren kann, bevor sie verbraucht ist.","効果が尽きるまでヒットダメージの一部を使用者の代わりに受け、追加のアーマーを付与するバフを適用する。","방어도를 추가하고 시전자가 피격당할 경우, 피해의 일부를 대신 맞아주는 버프를 시전합니다.","Aplica um bônus que aumenta a armadura e pode absorver parte do dano dos golpes até se esgotar. Quando o bônus termina ou se esgota, a habilidade reflete dano aos inimigos ao redor com base no dano total absorvido pelo bônus.","Накладывает положительный эффект, дарующий броню и поглощающий урон от ударов, пока не истощится.","Aplica un efecto beneficioso que añade armadura y que puede recibir una parte del daño de los impactos antes de agotarse.","Molten Shell\r\nสร้างบัฟที่เสริมค่าเกราะ และรับความเสียหาย ปะทะ บางส่วนแทนผู้ร่ายตามจำนวนที่กำหนดก่อนที่จะหมดไป","為一名友方施加護甲增益效果，在被耗盡之前承受部分擊中傷害。",16,100,"",21036,""
123,1603,3,[],"","Endure","Endurance","Widerstehen","エンデュア","인내","Tolerar","Стойкость","Aguante","อดกลั้น","堅忍","Grants endurance charges to all nearby allies.","Octroie des charges d'endurance à tous les alliés à proximité.","Gewährt allen Verbündeten im Umkreis Widerstands-Ladungen.","近くの味方全員にエンデュランスチャージを付与する。","주변의 모든 동료에게 인내 충전을 부여합니다.","Concede cargas de tolerância aos aliados próximos.","Дарует заряды выносливости всем союзникам поблизости.","Otorga cargas de aguante a todos los aliados cercanos.","Endure\r\nมอบ Endurance Charge ให้กับเพื่อนที่อยู่ใกล้ทั้งหมด","賦予附近所有友方耐力球。",1,100,"",57171,"Art/2DArt/SkillIcons/HouseKeitaSkill.dds"
124,6095,0,"[120,121,122,65,66,67,159,232,233,234,229,230,231,164,165,166,123,124,125]","","Burrow","Charge souterraine","Wühlen","バロー","굴착","Escavar","Зарывание","Excavación","ดำดิน","鑽地","Dive underground, dealing attack damage to nearby enemies and burrowing towards a targeted location. Then, erupt from the earth, dealing attack damage in an area.","Plonge sous terre, infligeant des dégâts d'attaque aux ennemis à proximité, puis charge vers un emplacement ciblé. Ensuite, jaillit de la terre, infligeant des dégâts d'attaque dans une zone.","Wühlt sich unter die Erde, fügt Gegnern im Umkreis Angriffsschaden zu und gräbt sich zu einem Zielort. Bricht anschließend aus der Erde hervor und verursacht Angriffsschaden in einem Bereich.","地中に潜り込み、付近の敵にアタックダメージを与えながら、指定した場所に向かって地中を掘り進む。その後、地面から噴出し、範囲アタックダメージを与える。","지하로 뛰어들어 주변의 적들에게 공격 피해를 주고 대상 지점을 향해 굴을 팝니다. 그 후 땅에서 뛰어나와 일정 범위 내에 공격 피해를 줍니다.","Entra debaixo da terra, causando dano de ataque aos inimigos próximos e cavando até o local escolhido. Depois, irrompe do chão, causando dano de ataque em área.","Ныряет под землю, нанося урон от атак врагам поблизости и двигаясь в указанное место. Затем вырывается из земли, нанося урон от атак по области.","Se sumerge bajo tierra para infligir daño de ataques a los enemigos cercanos y avanzar hacia una ubicación objetivo. A continuación, emerge de la tierra para infligir daño de ataques en un área.","Burrow\r\nดำดินเพื่อสร้างความเสียหาย โจมตี ต่อศัตรูที่อยู่ใกล้ แล้วมุดดินไปหาตำแหน่งเป้าหมาย แล้วผุดขึ้นมาจากดินเพื่อสร้างความเสียหาย โจมตี ในพื้นที่","潛入地底，對附近敵人造成攻擊傷害並挖向指定位置。接著從地底衝出，對一片區域造成攻擊傷害。",28,100,"",31440,"Art/2DArt/SkillIcons/HouseKeitaSkill.dds"
125,11275,2,"[229,230,231,164,165,166,232,233,234,120,121,122,217,218,219,123,124,125,254]",11276,"Sunder of Trarthus","Déferlement tellurique de Trarthus","Verwüsten von Trarthus","トラーサスのサンダー","트라투스의 산산조각","Ruptura de Trarthus","Раскол Тератны","Fisurar de Trarthus","แผ่นดินแยกแห่งทาร์ทัส","特拉特斯大地震擊","Slams the ground, creating a slow wave of churning terrain that damages enemies in a sequence of areas. A number of enemies hit by the wave will release a shockwave, damaging other enemies around them. Using the skill again will stop the previous wave. When the wave reaches a target or terrain, it can restart aiming towards an enemy, if one is in range.","Fracasse le sol et ébranle la terre, créant ainsi une vague qui se déplace lentement vers l'avant et inflige des dégâts en un enchaînement de petites zones d'effet. Les ennemis touchés par cette vague génèrent une onde de choc qui inflige des dégâts de zone autour d'eux. Réutiliser cette aptitude met fin à la vague précédente. Lorsqu'elle atteint une cible ou du terrain, la vague peut se rediriger vers un nouvel ennemi, à condition qu'il y en ait un à portée.","Schlägt auf den Boden und erzeugt eine langsame Welle, die die Erde aufwühlt und Gegnern in nachfolgenden Bereichen Schaden zufügt. Einige Gegner, die von der Welle getroffen wurden, entfesseln eine Schockwelle, die anderen Gegnern um sie herum Schaden zufügt. Durch erneutes Wirken der Fertigkeit wird die vorherige Welle gestoppt. Wenn die Welle ein Ziel oder Gelände erreicht, kann sie die Richtung zu einem Gegner wechseln, falls sich einer in Reichweite befindet.","地面を叩きつけ、ゆっくりとした隆起のうねりを作り、敵に範囲ダメージを与える。うねりの攻撃を受けた多数の敵は衝撃波を放ち、周囲の他の敵にダメージを与える。再度スキルを使用すると直前のうねりが止まる。うねりが対象または地形に到達すると、範囲内に敵がいる場合は、その敵に向かって狙いを再開できる。","지면을 강타하면 요동치는 지면이 느린 파도를 일으키며 여러 개의 범위를 생성하며 순차적으로 피해를 줍니다. 파도에 맞은 적의 상당수는 충격파를 방출하여 주변의 다른 적들에게 피해를 줍니다. 스킬을 다시 사용하면 기존 파도가 멈춥니다. 파도가 대상 또는 지형에 도달하면, 범위 내에 적이 있을 경우 그 적을 향해 조준을 다시 시작할 수 있습니다.","Ao golpear o chão, cria-se uma onda lenta de terreno instável que causa dano aos inimigos em uma sequência de áreas. Alguns inimigos atingidos pela onda liberam uma onda de choque, causando dano a outros inimigos ao redor. Usar a habilidade novamente interrompe a onda anterior. Quando a onda atinge um alvo ou obstáculo, ela pode mudar de direção e ir atrás de outro inimigo, se estiver ao alcance.","Сотрясает землю, создавая медленно движущуюся волну вздыбленной почвы, которая наносит урон врагам в нескольких последовательных участках. Часть задетых волной противников создаёт отдельную ударную волну, наносящую урон врагам вокруг. Повторное использование умения прервёт предыдущую волну. Когда волна достигает цели или препятствия, она может сменить направление в сторону нового врага, если тот находится в радиусе действия.","Golpea el suelo y crea una ola de tierra agitada que avanza lentamente y que daña a los enemigos en una secuencia de áreas. Algunos de los enemigos que reciban el impacto de la ola liberarán una onda que dañará a otros enemigos a su alrededor. Al volver a usar la habilidad, la ola anterior se detendrá. Cuando la ola alcanza a un objetivo o llega a un terreno, puede volver a empezar a dirigirse hacia un enemigo, si hay alguno en su alcance.","Sunder of Trarthus\r\nทุบพื้นเพื่อสร้างคลื่นระเบิดที่คืบคลานไปตามพื้นผิวเบื้องหน้าอย่างเชื่องช้า ซึ่งจะสร้างความเสียหายให้กับศัตรูที่อยู่ในพื้นที่ ศัตรูจำนวนหนึ่งที่ถูกปะทะจากคลื่นนี้จะก่อให้เกิดคลื่นสะท้อนที่สร้างความเสียหายให้กับศัตรูที่อยู่รอบตัวมัน การใช้สกิลนี้อีกครั้งจะทำให้คลื่นระเบิดคลื่นก่อนหายไป เมื่อคลื่นระเบิดไปถึงเป้าหมายหรือไปถึงพื้นผิว มันจะเล็งไปยังศัตรูที่อยู่ในระยะใหม่ได้อีกครั้ง","重擊地面，產生一道移動的震盪波，對敵人依序造成傷害。震盪波擊中敵人後釋放出震波，對周圍其他敵人造成傷害。再次使用此技能將使前一震盪波停止行進。震盪波遭遇目標或地形時，如果範圍內還有敵人，便會再次瞄準目標。",12,100,"",17654,""
126,8975,2,"[229,230,231,164,165,166,232,233,234,120,121,122,217,218,219,65,66,67,159,203,204,205,123,124,125]","","Tectonic Cascade","Cascade tectonique","Tektonische Kaskade","テクトニックカスケード","지층 폭포","Cascata Tectônica","Тектонический каскад","Cascada tectónica","เปลือกโลกเรียงหลั่น","地構爆發","Create a cascading series of concussive eruptions which deal attack damage.","Crée une série d’éruptions percutantes en cascade qui infligent des dégâts d’attaque.","Erzeugt eine kaskadenartige Reihe von erschütternden Eruptionen, die Angriffsschaden verursachen.","アタックダメージを与える一連の衝撃的な噴火を連続的に発生させます。","공격 피해를 주는 충격적인 분출을 연달아 일으킵니다.","Cria uma sequência de explosões em cascata que causam dano de ataque.","Создаёт каскадную серию сотрясающих извержений, которые наносят урон от атак.","Crea una serie de erupciones conmocionantes en cascada que infligen daño de ataques.","Tectonic Cascade\r\nสร้างการปะทุสั่นสะเทือนเรียงหลั่นเป็นชุดที่สร้างความเสียหาย โจมตี","製造一連串震盪爆發，造成攻擊傷害。",28,100,1,40527,"Art/2DArt/SkillIcons/HouseKeitaSkill.dds"
127,5463,2,"[229,230,231,164,165,166,232,233,234,49,50,51,120,121,122,217,218,219,110,111,112,123,124,125]","","Earthquake of Amplification","Séisme de l'Amplification","Erdbeben der Ausweitung","増幅のアースクエイク","증폭의 지진","Terremoto de Amplificação","Землетрясение усиления","Terremoto de amplificación","แผ่นดินไหวแห่งความทวีคูณ","震地．增幅","Smashes the ground, dealing damage in an area and cracking the earth. The crack will erupt in a powerful aftershock after a long duration. Cracks created before the first one has erupted will not generate their own aftershocks.","Fracasse le sol, infligeant ainsi des dégâts de zone tout en fissurant le sol. Après une longue durée, cette fissure éclate en une puissante réplique sismique. Les fissures créées avant que la première n'éclate ne génèrent pas de répliques supplémentaires.","Zertrümmert den Erdboden und verursacht Schaden in einem Bereich, der die Erde aufreißt. Dieser Riss zieht nach langer Dauer ein starkes Nachbeben nach sich. Risse, die vor dem Nachbeben eines anderen entstanden sind, erzeugen keine eigenen Nachbeben.","地面を叩きつけ、範囲ダメージを与えるとともに地面に亀裂を入れる。この亀裂は長い持続時間の後に強力な余震を起こして爆発する。最初の亀裂が爆発する前に作られた亀裂が余震を起こすことはない。","지면을 강타해 범위 내에 피해를 주고 대지에 균열을 생성합니다. 긴 시간이 지난 후 균열은 여진을 일으킵니다. 첫 번째 여진이 발생하기 전의 균열은 여진을 발생시키지 않습니다.","Ao golpear o chão, causa dano em uma área e abre uma rachadura. Após um período, a rachadura irrompe em um poderoso tremor secundário. As rachaduras criadas antes da primeira erupção não criam seus próprios tremores secundários.","Cотрясает землю, нанося урон в области и оставляя разлом в земле. После длительного промежутка времени разлом взрывается, выпуская мощную остаточную волну. Разломы, созданные до взрыва первоначального разлома, не смогут выпускать остаточные волны.","Golpea el suelo para infligir daño en una área y agrietar la tierra. Esta grieta estallará en forma de una poderosa réplica después de un tiempo largo. Las grietas creadas antes de que estallara la primera no generarán sus propias réplicas.","Earthquake of Amplification\r\nทุบพื้น สร้างความเสียหายในพื้นที่และทำให้แผ่นดินเกิดรอยร้าวที่ระเบิดคลื่นสะท้อนรุนแรงออกมาหลังจากระยะเวลานานผ่านไป โดยรอยร้าวที่เกิดขึ้นก่อนที่รอยร้าวแรกจะระเบิดจะไม่สร้างคลื่นสะท้อนใหม่","敲擊地面，對一個區域造成傷害，使地面裂開。裂痕會持續很長一段時間，之後爆發出強力的餘震。在第一次爆發後產生的裂痕不會生成其餘震。",28,100,"",41346,""
128,1997,3,[],"","Determination","Détermination","Entschlossenheit","デターミネーション","결의","Determinação","Решимость","Determinación","ปณิธาน","堅定","Casts an aura that grants armour.","Une aura qui octroie de l'armure.","Zaubert eine Aura, die Rüstung gewährt.","アーマーを付与するオーラを纏う。","방어도를 부여하는 오라를 시전합니다.","Ativa uma aura que concede armadura.","Окружает аурой, которая укрепляет броню.","Proyecta un aura que otorga armadura.","Determination\r\nร่ายออร่าที่มอบค่าเกราะ","施放一個光環，賦予護甲值。",24,100,"",52845,""
129,9580,2,"[229,230,231,164,165,166,221,217,218,219,120,121,122,232,233,234,65,66,67,159,203,204,205,123,124,125]","","Vaal Ground Slam","Fracas tellurique vaal","Vaal-Schmetterhieb","ヴァールグラウンドスラム","바알 대지 강타","Impacto Sísmico Vaal","Сотрясение ваал","Impacto sísmico vaal","วาล์ ทุบพื้น","瓦爾．裂地之擊","Slams the ground, creating a wave that travels in all directions that damages enemies with an increased chance to stun. The wave deals more damage to closer enemies.","Fracasse le sol, créant ainsi une vague qui se déplace dans toutes les directions et endommage les ennemis avec des chances augmentées de les étourdir. Cette vague inflige davantage de dégâts aux ennemis les plus proches.","Schlägt auf den Boden, wodurch eine in alle Richtungen schnellende Welle erzeugt wird, die bei Gegnern Schaden verursacht und die Chance auf Betäuben erhöht. Die Welle verursacht bei nahen Gegnern mehr Schaden.","地面を叩きつけ、周囲に衝撃波を放つ。衝撃波は敵にダメージを与え、高いスタン確率を持つ。近くの敵に対してはダメージが上昇する。","지면을 강타하여 대지의 물결을 일으켜 사방으로 뻗어나가게 합니다. 물결은 적들에게 피해를 주고 증가된 확률로 기절시킵니다. 시전자에게 가까운 적일수록 더 큰 피해를 받습니다.","Ao golpear o chão, cria uma onda que se espalha em todas as direções, causando dano aos inimigos e aumentando a chance de atordoar. A onda causa mais dano em inimigos mais próximos.","Сильным ударом по земле создаёт волну, которая движется во всех направлениях, наносит урон врагам и имеет повышенный шанс оглушения. Волна наносит больше урона врагам поблизости.","Golpea la tierra para crear una onda que viaja en todas direcciones y que daña a los enemigos con una probabilidad aumentada de aturdirlos. La onda inflige más daño a los enemigos cercanos.","Vaal Ground Slam\r\nทุบพื้นสร้างคลื่นพลังที่จะเคลื่อนที่ไปรอบทิศทางซึ่งจะสร้างความเสียหายต่อศัตรูและมีโอกาสสร้างสถานะ สตัน เพิ่มขึ้น คลื่นพลังนี้จะสร้างความเสียหายเพิ่มขึ้น อีก ต่อศัตรูที่อยู่ใกล้","重擊地面，產生朝各方向移動、對敵人造成傷害且暈眩機率增加的波動。波動會對距離較近的敵人造成更多傷害。",28,100,1,10712,""
130,4880,0,"[232,233,234,49,50,51,65,66,67,159,180,181,182,30,31,32]","","Infernal Cry","Cri infernal","Höllischer Schrei","インファーナルクライ","지옥불 함성","Clamor Infernal","Клич преисподней","Grito infernal","คำรามโลกันตร์","煉獄戰吼","Performs a warcry, taunting nearby enemies to attack the user and exerting subsequent attacks. The user and nearby allies gain a buff that grants a portion of their physical damage as extra fire damage. In addition to being taunted, enemies are inflicted with a secondary debuff causing them to explode when they die, dealing fire damage in an area.","Pousse un cri de guerre qui stimule les prochaines attaques et provoque les ennemis à proximité, les obligeant à attaquer l'utilisateur. De plus, ce cri de guerre octroie un effet bénéfique à l'utilisateur et aux alliés à proximité qui rajoute une partie de leurs dégâts physiques sous forme de dégâts de feu supplémentaires. Ce cri de guerre inflige également un effet néfaste aux ennemis à proximité, qui les fait exploser lorsqu'ils meurent, infligeant des dégâts de feu dans une zone.","Entfesselt einen Kriegsschrei, der alle Gegner im Umkreis verspottet, wodurch sie den Charakter angreifen, und alle folgenden Angriffe potenziert. Der Nutzer und Verbündete im Umkreis erhalten eine Stärkung, die einen Teil ihres physischen Schadens als extra Feuerschaden gewährt. Neben der Verspottung wird auf Gegner im Umkreis eine sekundäre Schwächung angewendet, wodurch sie bei Tod explodieren und Feuerschaden in einem Bereich verursachen.","ウォークライを行い、近くの敵を挑発し使用者を攻撃させ、使用者のその後のアタックを奮起させる。使用者および周囲の味方に物理ダメージの一部を火ダメージとして獲得するバフを付与する。挑発に加え、敵は死亡時に爆発し周囲に火ダメージを与える副次的デバフを受ける。","함성을 질러 주변의 적들을 도발하여 사용자를 공격하게 하고, 이어지는 공격에 전력을 다합니다. 사용자와 주변 동료들이 물리 피해의 일부를 추가 화염 피해로 획득하게 하는 버프를 받습니다. 주변 적들을 도발하는 것에 더해, 사망 시 폭발하여 범위 내에 화염 피해를 주도록 하는 2차 디버프를 유발합니다.","Esbraveja um clamor, provocando os inimigos próximos a atacar o usuário e fortalecendo os ataques seguintes. O usuário e os aliados próximos ganham um bônus que adiciona parte do dano físico como dano de fogo. Inimigos provocados recebem uma penalidade secundária, fazendo com que explodam ao morrer, causando dano de fogo em área.","Издаёт боевой клич, провоцирующий ближайших врагов атаковать издавшего клич и улучшающий последующие атаки. Дарует ему и ближайшим союзникам положительный эффект, дарующий часть наносимого ими физического урона в виде дополнительного урона от огня. Помимо провокации, поражённые умением враги взрываются при смерти, нанося урон от огня по области.","Ejecuta un grito de guerra que provoca a los enemigos cercanos para que ataquen al usuario y optimiza los siguientes ataques. El usuario y los aliados cercanos obtienen un efecto beneficioso que otorga una parte de su daño físico como daño de fuego extra. Además de estar provocados, los enemigos reciben un efecto nocivo secundario que hace que exploten al morir e inflijan daño de fuego en un área.","Infernal Cry\r\nส่งเสียงคำรามเพื่อยั่วยุศัตรูที่อยู่ใกล้ให้มาโจมตีผู้ใช้ พร้อมกันนี้ก็ทำให้การโจมตีหลังจากนั้นทำไปด้วยความฮึกเหิม ผู้ใช้และเพื่อนที่อยู่ใกล้จะได้รับบัฟที่นำความเสียหาย กายภาพ บางส่วนไปเสริมเป็น ไฟ ส่วนศัตรูถูกยั่วยุจะติดดีบัฟรองที่ทำให้มันระเบิดเมื่อตายเพื่อสร้างความเสียหาย ไฟ ในพื้นที่","發出一道戰吼，嘲諷附近敵人，使他們攻擊施放者，並竭盡後續攻擊。施放者和附近友方獲得一個增益效果，賦予相當於其物理傷害一部分的額外火焰傷害。除了受到嘲諷，敵人也會受到第二個減益效果影響，使其死亡時爆炸，對一個區域造成火焰傷害。",24,100,"",59259,""
131,12235,2,"[77,78,79,232,233,234,229,230,231,96,97,98,225,120,121,122,76,40,193,194,195,199]",12236,"Volcanic Fissure of Snaking","Fissure volcanique du Serpentement","Vulkanische Spalte der Bewegung","蛇行のヴォルカニックフィッシャー","구불거림의 화산 균열","Fenda Vulcânica Serpenteante","Вулканический разлом зигзагов","Fisura volcánica de serpenteo","ภูเขาไฟผ่าแยกแห่งการเลี้ยวลด","炎火脈動．蜿蜒","Slam the ground, creating a winding fissure that deals area damage while travelling outwards. When it reaches the target location it erupts dealing damage in an area. After erupting, the fissure can continue to move towards enemies to cause further eruptions.","Fracasse le sol, déclenchant une fissure sinueuse qui inflige des dégâts de zone sur son passage. Lorsqu'elle atteint l'emplacement ciblé, elle engendre une éruption qui inflige des dégâts de zone. Après cette éruption, la fissure continue son trajet en direction des ennemis et engendre de nouvelles éruptions.","Schlagt auf den Boden, wodurch eine Spalte entsteht, die sich nach außen bewegt und dabei Flächenschaden verursacht. Wenn sie den Zielort erreicht, bricht sie aus und verursacht Schaden in einem Bereich. Nachdem sie ausgebrochen ist, kann sich die Spalte weiter auf Gegner zubewegen und weitere Ausbrüche erzeugen.","地面を叩きつけ、外側に移動しながら範囲ダメージを与えるうねる亀裂を生成する。対象地点に達した際に噴火し周囲にダメージを与える。噴火後、亀裂は敵に向かって続けて移動し続けることができ、さらに噴火を起こす。","지면을 강타하여 굽이치는 균열을 생성합니다. 균열은 플레이어로부터 멀어지며 범위 피해를 주고, 목표 지점에 도달하면 폭발하여 범위 내에 피해를 줍니다. 균열은 폭발 후에도 적을 향해 이동하며 추가로 폭발을 일으킬 수 있습니다.","Golpeia o chão, criando uma fenda sinuosa que causa dano por onde passa. Ao chegar ao local escolhido, ela entra em erupção e causa dano em área. Em seguida, a fenda continua indo atrás de inimigos para causar mais erupções.","Сильным ударом по земле создаёт расходящуюся в стороны расселину, которая наносит урон по области, а по достижении указанного места извергается, также нанося урон по области. После извержения расселина может продолжать двигаться в сторону врагов, вызывая дальнейшие извержения.","Golpea el suelo y crea una fisura sinuosa que inflige daño en área mientras se abre camino hacia fuera. Cuando alcanza la ubicación objetivo, estalla e inflige daño en área. Tras estallar, la fisura sigue moviéndose hacia los enemigos para realizar nuevos estallidos.","Volcanic Fissure of Snaking\r\nทุบพื้นเพื่อปล่อยรอยแยกคดเคี้ยวที่เดินทางออกไปพร้อมสร้างความเสียหาย พื้นที่ เมื่อมันถึงตำแหน่งเป้าหมาย มันจะปะทุและสร้างความเสียหายในพื้นที่ หลังจากที่รอยแยกนี้ปะทุ มันจะเคลื่อนไปหาศัตรูเพื่อทำการปะทุเพิ่มเติม","重擊地面，製造一道曲折的裂縫，在向外蔓延時造成範圍傷害。當它到達目標位置時會爆發，對一片區域造成傷害。爆發後，裂縫會持續向敵人移動再次爆發。",12,100,"",53235,""
132,12136,0,"[49,50,51,37,38,39,65,66,67,47]","","Flame Link","Lien de flammes","Flammenverbindung","フレイムリンク","화염의 연결","Vínculo Flamejante","Пламенная связь","Vínculo de llamas","ประสานเพลิง","連結：烈焰","Targets an ally to apply a buff which links to them for a duration, which grants added fire damage to the linked target. If the target dies while linked, the caster will also die. ","Cible un allié pour lui appliquer un effet bénéfique qui le lie au lanceur pendant une certaine durée. Cet effet bénéfique octroie des dégâts de feu supplémentaires à la cible liée. Si la cible liée meurt alors que le lien est actif, le lanceur meurt également.","Zielt auf einen Verbündeten und wendet eine Stärkung an, die beide für eine Dauer verbindet, was zusätzlichen Feuerschaden gewährt, der auf dem Leben des verbundenen Ziels basiert. Wenn das Ziel stirbt, während es verbunden ist, so stirbt auch der Wirkende. ","味方を対象として、使用者と相手を一定時間リンクし相手に追加の火ダメージのバフを付与する。リンクしている際に相手が死亡した場合、使用者も死亡する。","동료를 대상으로 지정하여 일정 시간 동안 자신과 연결하는 버프를 적용합니다. 버프는 연결된 대상에게 추가 화염 피해를 부여합니다. 연결된 상태에서 대상이 사망하면 시전자도 사망합니다.","Escolhe um aliado e aplica um bônus que cria um vínculo por um período. Enquanto estiverem conectados, o aliado causa dano de fogo adicional com base na vida do conjurador. Se o aliado morrer durante o vínculo, o conjurador também morre.","Временно связывает себя и союзника положительным эффектом. Пока связь действует, союзник наносит дополнительный урон от огня. Если союзник погибнет, сотворивший чары также умрёт.","Selecciona a un aliado para aplicarle un efecto beneficioso que lo vincula a él durante un tiempo y que otorga daño de fuego agregado al objetivo vinculado. Si el objetivo muere mientras el vínculo está activo, el lanzador del vínculo también morirá.","Flame Link\r\nเลือกเพื่อนให้เป็นเป้าหมายเพื่อสร้างบัฟที่ประสานเข้ากับเขาเป็นระยะเวลาหนึ่ง ซึ่งมอบการเสริมความเสียหาย ไฟ ให้กับเป้าหมายที่ประสาน หากเป้าหมายตายขณะที่ประสาน ผู้ร่ายจะตายตามเช่นกัน","以一個友方為目標，施加增益效果，賦予連結的目標附加火焰傷害。如果目標在連結時死亡，施放者也會死亡。",34,100,"",47364,""
133,5924,1,"[49,50,51,232,233,234,77,78,79,120,121,122,225,193,194,195,199]","","Ashen Fissure","Fissure cendreuse","Aschene Spalte","アッシェンフィッシャー","잿빛 균열","Fenda Cinérea","Пепельный разлом","Fisura de ceniza","เถ้าธุลีผ่าแยก","餘燼裂縫","Creates a fiery fissure which deals attack damage, partially converting physical damage to fire. Enemies struck have a chance to be covered in ash.","Crée une fissure ardente qui inflige des dégâts d'attaque, convertissant une partie des dégâts physiques en dégâts de feu. Les ennemis touchés ont une chance d'être recouverts de cendres.","Erzeugt eine feurige Spalte, die Angriffsschaden verursacht und physischen Schaden teilweise in Feuerschaden umwandelt. Getroffene Gegner haben eine Chance, mit Asche bedeckt zu werden.","炎の亀裂を作り出し、物理ダメージの一部を火ダメージに変換したアタックダメージを与える。ストライクを受けた敵は一定確率で灰まみれになる。","공격 피해를 주는 불타는 균열을 생성하고, 물리 피해를 부분적으로 화염으로 전환합니다. 명중당한 적은 일정 확률로 재로 뒤덮입니다.","Cria uma fenda ardente que causa dano de ataque, convertendo parte do dano físico em fogo. Inimigos atingidos podem ficar cobertos de cinzas.","Создаёт огненный разлом, наносящий урон от атак, частично преобразуя физический урон в урон от огня. Попавшие под удар враги с некоторым шансом покрываются пеплом.","Crea una fisura ardiente que inflige daño de ataques y que convierte parcialmente el daño físico en daño de fuego. Los enemigos golpeados tienen una probabilidad de quedar cubiertos de cenizas.","Ashen Fissure\r\nสร้างรอยแยกเพลิงที่สร้างความเสียหาย โจมตี และแปลงความเสียหาย กายภาพ บางส่วนเป็น ไฟ ศัตรูที่ถูกปะทะมีโอกาสติดสถานะ อาบขี้เถ้า","製造一道造成攻擊傷害的熾熱裂縫，部分物理傷害轉換為火焰傷害。被擊中的敵人有機率被餘燼纏身。",28,100,"",42361,"Art/2DArt/SkillIcons/HouseKeitaSkill.dds"
134,9627,1,"[49,50,51,232,233,234,77,78,79,120,121,122,9,225,123,124,125,193,194,195,199]","","Consecrated Path","Chemin consacré","Geweihter Pfad","コンセクレイテッドパス","축성의 진격","Caminho Consagrado","Освящённый путь","Camino consagrado","เส้นทางศักดิ์สิทธิ์","奉獻之路","Slams the ground at a targeted location. If an enemy is near the targetted location, teleport to it from a short distance away, slam, and create an area of consecrated ground. ","Fracasse le sol à un emplacement ciblé. Si un ennemi se trouve près de cet emplacement, se téléporte depuis une courte distance, fracasse à nouveau, et crée une zone de sol consacré.","Schlägt an einem Zielort auf den Boden. Wenn sich in der Nähe des Zielorts ein Gegner befindet, wird aus kurzer Entfernung dorthin teleportiert, bevor der Schlag ausgeführt wird, und dabei geweihter Boden erzeugt. Kann nicht durch Mehrfachschlag unterstützt werden. ","指定位置の地面を叩きつける。もしも敵が指定位置の近くにいれば、少し離れた位置からテレポートを行い、地面を叩きつけ、神聖領域を生成する。","대상 지점의 지면을 강타합니다. 대상 지점 주위에 적이 있을 경우, 그곳으로 단거리 순간이동을 하며 충돌하여 신성화 지대를 생성합니다. 연속타격의 보조는 받을 수 없습니다.","Desfere uma pancada no local escolhido. Se houver um inimigo por perto, teletransporta-se até ele de uma curta distância, golpeia e cria uma área de chão consagrado.","Сотрясает землю в указанном месте. Если поблизости от этого места находится враг, перед сотрясением телепортирует к нему с короткого расстояния, наносит удар и создаёт участок освящённой земли.","Golpea el suelo en una ubicación objetivo. Si hay un enemigo cerca de esa ubicación, se teletransportará hasta él desde una corta distancia, lo golpeará y creará un área de suelo consagrado.","Consecrated Path\r\nทุบพื้นที่ตำแหน่งเป้าหมาย หากมีศัตรูอยู่ใกล้ตำแหน่งที่เลือก จะเทเลพอร์ตไประยะใกล้ก่อนทำการทุบแล้วสร้าง พื้นศักดิ์สิทธิ์ ขึ้นมา","重擊目標位置地面。如果目標位置附近有敵人，你會在重擊前傳送一小段距離至該位置，並製造奉獻地面。",28,100,"",3093,""
135,8910,1,"[77,78,79,232,233,234,96,97,98]","","Triggerslam","Impact ardent","Auslöserhieb","トリガースラム","발동강타","Impacto Acionador","Взрывное приземление","Embate de activación","ทุบทริกเกอร์","觸發重擊","On landing from Leap Slam, cause a fiery eruption which deals attack damage, partially converting physical to fire.","En atterissant après un Bond percutant, provoque une éruption ardente qui inflige des dégâts d'attaque, convertissant une partie des dégâts physiques en dégâts de feu.","Verursacht bei der Landung mit Sprunghieb eine feurige Explosion, die Angriffsschaden verursacht und physischen Schaden teilweise in Feuerschaden umwandelt.","リープ スラムから着地すると、火の噴火を引き起こし、物理ダメージの一部が火ダメージに変換されたアタックダメージを与える。","도약 강타 후 착지하면서 불타는 분출을 일으켜 공격 피해를 주고, 물리 피해를 부분적으로 화염으로 전환합니다.","Ao tocar o chão após um Salto Impactante, provoca uma erupção ardente que causa dano de ataque e converte parte do dano físico em fogo.","В момент приземления от Наскока вызывает огненное извержение, которое наносит урон от атак, частично преобразуя физический урон в урон от огня.","Al aterrizar con Salto con impacto, se produce una erupción ardiente que inflige daño de ataques y que convierte parcialmente el daño físico en fuego.","Triggerslam\r\nเมื่อลงพื้นจากกระโจนทุบ (Leap Slam) จะก่อให้เกิดไฟปะทุที่สร้างความเสียหาย โจมตี และแปลงความเสียหาย กายภาพ บางส่วนเป็น ไฟ","躍擊落地時造成猛烈爆發，造成攻擊傷害，部分物理傷害轉換為火焰傷害。",10,100,"",18149,"Art/2DArt/SkillIcons/HouseKeitaSkill.dds"
136,8976,2,"[232,233,234,77,78,79,120,121,122,225,46,229,230,231,40,191,192,193,194,195,199]","","Tectonic Slam","Fracas tectonique","Tektonischer Hieb","テクトニックスラム","지층 강타","Impacto Tectônico","Тектонический удар","Embate tectónico","ทุบเปลือกโลกแยก","破體之擊","Slams the ground, unleashing a fiery fissure forward, dealing area damage and randomly releasing a number of smaller fissures branching off from it. Consumes an Endurance Charge every third time the ground is slammed with this skill. ","Fracasse le sol, libérant ainsi une fissure ardente vers l'avant, qui inflige des dégâts de zone et libère un nombre aléatoire de fissures plus petites qui se ramifient à partir de la première. Consomme une Charge d'endurance toutes les trois attaques portées avec cette aptitude.","Schlägt auf den Boden und entfesselt einen feurigen Riss nach vorne, der Flächenschaden verursacht und vom Hauptriss ausgehend eine zufällige Anzahl kleinerer Risse erzeugt. Verbraucht jeden dritten Schlag auf den Boden mit dieser Fertigkeit eine Widerstands-Ladung. ","地面を叩きつけ、燃え盛る亀裂を前方に作り、範囲ダメージを与える。さらにその亀裂から多数の小さな亀裂のランダムな枝分かれが生じる。このスキルで地面を三回叩きつけるごとにエンデュランスチャージを消費する。","지면을 강타하면 전방에 불타는 균열을 만들어 범위 피해를 주고, 그 균열에서 여러 개의 작은 균열을 무작위로 만들어 냅니다. 이 스킬로 지면을 3번 강타할 때마다 인내 충전을 1 소모합니다.","Golpeia o chão e abre uma rachadura ardente à sua frente, que causa dano em área e gera pequenas fissuras aleatórias. A cada três golpes com esta habilidade, consome uma carga de tolerância.","Наносит удар по земле, посылая вперёд огненную трещину, которая наносит урон по области и разветвляется на случайное количество маленьких трещин. Поглощает заряд выносливости при каждом третьем ударе по земле этим умением.","Golpea el suelo para desatar una fisura ardiente hacia delante que inflige daño en área y libera aleatoriamente varias fisuras más pequeñas que se ramifican a partir de ella. Consume una carga de aguante cada tercera vez que se golpea el suelo con esta habilidad.","Tectonic Slam\r\nทุบพื้นเพื่อปลดปล่อยรอยแยกไฟตรงหน้า สร้างความเสียหาย พื้นที่ และทำให้เกิดรอยแยกขนาดเล็กพื้นเติมแบบสุ่ม สกิลนี้จะใช้ Endurance Charge 1 ลูกเมื่อทุบพื้นด้วยสกิลนี้เป็นครั้งที่สาม","猛擊地面並朝你前方釋放熾熱的裂縫，造成範圍傷害並從中產生數個更小的裂縫。每 3 次你使用此技能重擊地面會消耗 1 顆耐力球。",28,100,"",6228,""
137,4807,2,"[68,69,70,120,121,122,225,229,230,231,232,233,234,48]","","Ice Crash","Fracas de glace","Eishieb","アイスクラッシュ","얼음 충격","Pancada Glacial","Ледяное сокрушение","Choque de hielo","ทุบคลื่นน้ำแข็ง","寒冰衝擊","Slams the ground, damaging enemies in an area around the impact in three stages of increasing size. Enemies take slightly less damage on the second and third stage, and can only be hit by one stage.","Une frappe au sol qui endommage les ennemis dans une zone autour de l'impact en trois étapes de taille grandissante. Les ennemis subissent légèrement moins de dégâts lors de la deuxième et troisième étape et ne peuvent être frappés que par une seule étape.","Schlägt auf den Boden, wodurch er Gegnern im Wirkungsbereich in drei größer werdenden Phasen Schaden zufügt. In der zweiten und dritten Phase erleiden Gegner etwas weniger Schaden und sie können nur von einer Phase getroffen werden.","地面を叩きつけ、その範囲内の敵に範囲の大きくなる3ステージにわたる衝撃でダメージを与える。2ステージ目と3ステージ目のダメージはダメージ量が少し低下し、1ステージのみヒットする。","지면을 강타해 점점 커지는 3단계에 걸쳐 충격 지점 주위의 적들에게 피해를 줍니다. 단계가 거듭될수록 적이 받는 피해는 줄어들며, 적은 한 단계에만 피격됩니다.","Golpeia o chão e causa dano aos inimigos ao redor do impacto em três estágios que aumentam de tamanho. No segundo e no terceiro estágio, os inimigos recebem um pouco menos de dano e só podem ser atingidos por um deles.","Совершает удар по земле, нанося урон врагам в области тремя сокрушительными волнами увеличивающихся размеров. Враги получают немного меньше урона от второй и третьей стадии умения, и могут быть поражены только одной из стадий.","Golpea el suelo y daña a los enemigos en un área alrededor del impacto en tres fases de tamaño creciente. Los enemigos reciben ligeramente menos daño en la segunda y tercera fase y solo pueden ser impactados por una de las fases.","Ice Crash\r\nทำการทุบพื้น สร้างความเสียหายต่อศัตรูในพื้นที่รอบจุดกระทบเป็น 3 สเตจที่มีขนาดใหญ่ขึ้นไปเรื่อยๆ โดยศัตรูจะได้รับความเสียหาย ลดลง อีก เล็กน้อยในสเตจที่ 2 กับ 3 และจะถูกปะทะได้เพียงระลอกเดียวเท่านั้น","猛擊地面，對衝擊範圍內的敵人造成三個階段的傷害、範圍隨階段增加，第二和第三階段的敵人受到的傷害略微減少，且只會受到一個階段擊中。",28,100,"",11018,""
138,995,2,"[68,69,70,120,121,122,62,63,64,59,60,61,80,81,82,99,100,101]","","Glacial Hammer","Marteau de glace","Frosthammer","グレイシャルハンマー","빙하 망치","Martelo Glacial","Леденящий молот","Martillo glacial","ค้อนเยือกแข็ง","冰霜之錘","Hits enemies, converting some of your physical damage to cold damage. If a non-unique enemy is frozen and is on less than one third life, they will shatter when hit by Glacial Hammer. If striking three times in a row, the third strike will freeze enemies more easily. Requires a Mace, Sceptre or Staff.","Une attaque de mêlée pouvant toucher plusieurs ennemis, qui convertit une partie de vos dégâts physiques en dégâts de froid. Si l'ennemi (hors unique) est gelé et a moins d'un tiers de sa vie, le Marteau de glace le fracasse au toucher. Tous les trois coups, cette aptitude gèle la cible touchée beaucoup plus efficacement.","Trifft Gegner und wandelt einen Teil Eures physischen Schadens in Kälteschaden um. Falls ein Gegner (einzigartige ausgenommen) eingefroren ist und über weniger als ein Drittel seines Lebens verfügt, wird er bei einem Treffer durch die Fertigkeit zerschmettert. Bei drei aufeinanderfolgenden Schlägen friert der dritte Schlag Gegner leichter ein.","敵をヒットし、物理ダメージの一部を冷気ダメージに変換したダメージを与える。ユニークでない敵が凍結状態で、残っているライフが3分の1未満場合、このスキルに当てられた時、粉砕する。三回連続で攻撃する場合、三回目の攻撃はより簡単に敵を凍結状態にさせる。使用するにはメイス、セプターまたはスタッフを装備する必要がある。","물리 피해 일부를 냉기 피해로 전환하여 공격합니다. 비-고유 적이 동결 상태이고 생명력이 1/3 미만일 경우, 빙하 망치로 공격하면 산산이 조각납니다. 연속으로 3회 공격 시 3번째 공격은 적을 더 쉽게 동결시킵니다. 철퇴나 셉터, 지팡이가 필요합니다.","Ao golpear inimigos, parte do dano físico causado é convertido em dano de frio. Se um inimigo não único estiver congelado e com menos de um terço de vida, ele se estilhaça ao ser atingido por Martelo Glacial. Ao golpear três vezes seguidas, o terceiro golpe congela os alvos mais facilmente. Requer uma maça, um cetro ou um cajado.","Бьёт врага, при этом часть физического урона становится уроном от холода. Если неуникальный враг замерзает и имеет меньше трети здоровья, то при ударе Леденящим молотом он разлетается на куски. При последовательных ударах, третий удар замораживает врагов эффективнее. Умение требует булаву, скипетр или посох.","Impacta a los enemigos con parte de tu daño físico convertido a daño de hielo. Si un enemigo que no es único está congelado y tiene menos de un tercio de vida, se hará añicos al recibir el golpe del Martillo glacial. Si lo golpea tres veces seguidas, el tercer golpe congelará a los enemigos más fácilmente. Requiere una maza, un cetro o un báculo.","Glacial Hammer\r\nปะทะศัตรูโดยแปลงความเสียหาย กายภาพ ส่วนหนึ่งของคุณเป็น น้ำแข็ง ศัตรูที่ไม่ใช่ยูนิคที่มีพลังชีวิตน้อยกว่า 1/3 ที่ติดสถานะ แช่แข็ง จะแตกสลายเมื่อถูกปะทะจาก ค้อนเยือกแข็ง หากฟาดสามครั้งติดกัน การฟาดครั้งที่สามจะสร้างสถานะ แช่แข็ง ได้ง่ายกว่าเดิม ต้องใช้กับ กระบอง, คทา หรือ ไม้พลอง เท่านั้น","擊中敵人，轉換一部分的物理傷害為冰冷傷害。若受到攻擊的非傳奇敵人被冰凍且生命少於三分之一，則被冰霜之錘命中時會粉碎。若連續打擊 3 次，第 3 下則更容易冰凍敵人。需要裝備錘、權杖或長杖。",1,100,"",53217,""
139,1005,2,"[68,69,70,83,84,85,49,50,51,65,66,67,232,233,234,90,91,92,59,60,61,99,100,101]","","Vaal Glacial Hammer","Marteau de glace vaal","Vaal-Frosthammer","ヴァールグレイシャルハンマー","바알 빙하 망치","Martelo Glacial Vaal","Леденящий молот ваал","Martillo glacial vaal","วาล์ ค้อนเยือกแข็ง","瓦爾．冰霜之錘","Hits enemies, converting physical damage to cold damage. Traps enemies in a circle of ice so that they can't escape. ","Une attaque de mêlée qui convertit une partie des dégâts physiques en dégâts de froid. Piège les ennemis dans un cercle de glace pour les empêcher de fuir.","Trifft den Gegner und wandelt einen Teil des physischen Schadens in Kälteschaden um. Sperrt den Gegner in einen Eis-Kreis, sodass er nicht entkommen kann. ","敵にヒットし、物理ダメージが冷気ダメージに変化する。敵を、氷の円の中に閉じ込め、逃げられないようにする。","적들을 명중시키면 물리 피해가 냉기 피해로 전환됩니다. 적들을 얼음의 원으로 가두어 달아날 수 없게 만듭니다.","Ao golpear inimigos, converte dano físico em dano de gelo e os prende em um círculo de gelo, impedindo que escapem.","Бьёт врага, при этом физический урон становится уроном от холода. Окружает врагов мешающей побегу стеной льда.","Impacta a los enemigos con parte del daño físico convertido a daño de hielo. Atrapa a los enemigos en un círculo de hielo para que no puedan escapar.","Vaal Glacial Hammer\r\nปะทะศัตรูโดยแปลงความเสียหาย กายภาพ ส่วนหนึ่งเป็น น้ำแข็ง ขังศัตรูไว้ในวงน้ำแข็งเพื่อไม่ให้มันหลบหนี","擊中敵人，轉換物理傷害為冰冷傷害。將敵人困在寒冰之環中，使其無法逃脫。",24,100,1,47031,""
140,5464,2,"[68,69,70,120,121,122,225,229,230,231,232,233,234,52,53,54,99,100,101,59,60,61,123,124,125]","","Earthquake of Winter","Séisme de l'Hiver","Erdbeben des Winters","冬のアースクエイク","겨울의 지진","Terremoto Invernal","Землетрясение зимы","Terremoto invernal","แผ่นดินไหวแห่งเหมันต์","震地．寒冬","Smashes the ground, dealing damage in an area and cracking the earth. The crack will erupt in a powerful aftershock after a duration. Physical damage dealt is partially converted to cold.","Fracasse le sol, infligeant ainsi des dégâts de zone tout en fissurant le sol. Après une certaine durée, cette fissure éclate en une puissante réplique sismique. Une partie des dégâts physiques infligés est convertie en dégâts de froid.","Zertrümmert den Erdboden und verursacht Schaden in einem Bereich, der die Erde aufreißt. Dieser Riss zieht nach langer Dauer ein starkes Nachbeben nach sich. Verursachter physischer Schaden wird teilweise in Kälteschaden umgewandelt.","地面を叩きつけ、範囲ダメージを与えるとともに地面に亀裂を入れる。この亀裂は持続時間の後に強力な余震を起こして爆発する。与える物理ダメージの一部は冷気ダメージに変換される。","지면을 강타해 범위 내에 피해를 주고 대지에 균열을 생성합니다. 얼마 후 균열은 여진을 일으킵니다. 주는 물리 피해가 부분적으로 냉기로 전환됩니다.","Ao golpear o chão, causa dano em uma área e abre uma rachadura. Após um período, a rachadura irrompe em um poderoso tremor secundário. Parte do dano físico é convertido em dano de gelo.","Сотрясает землю, нанося урон в области и оставляя разлом в земле. После короткого промежутка времени разлом взрывается, выпуская мощную остаточную волну. Нанесённый физический урон частично становится уроном от холода.","Golpea el suelo para infligir daño en un área y agrietar la tierra. Esta grieta estallará en forma de una poderosa réplica después de un tiempo. El daño físico infligido se convierte parcialmente a hielo.","Earthquake of Winter\r\nทุบพื้น สร้างความเสียหายในพื้นที่และทำให้แผ่นดินเกิดรอยร้าวที่ระเบิดคลื่นสะท้อนรุนแรงออกมาหลังจากระยะเวลาหนึ่ง แปลงความเสียหาย กายภาพ บางส่วนที่สร้างเป็น น้ำแข็ง","敲擊地面，對一片區域造成傷害，使地面裂開。裂痕會持續一段時間，之後爆發出強力的餘震。造成的部分物理傷害會轉換為冰冷傷害。",28,100,1,14816,""
141,1323,2,"[120,121,122,164,165,166,62,63,64,191,192,46,21,4,83,84,85]","","Heavy Strike of Trarthus","Frappe massive de Trarthus","Heftiger Schlag von Trarthus","トラーサスのヘビーストライク","트라투스의 묵직한 타격","Golpe Pesado de Trarthus","Тяжёлый удар Тератны","Golpe pesado de Trarthus ","ฟาดหนักหน่วงแห่งทาร์ทัส","特拉特斯沉重之擊","Attacks enemies with a forceful blow which has a higher chance to deal double damage the higher your intelligence. Increases and reductions to spell damage apply to attack damage with this skill.","Assène les ennemis d'un coup puissant qui a une chance plus élevée d'infliger des dégâts doublés en fonction de votre intelligence. Les augmentations et réductions de dégâts des sorts s'appliquent aux dégâts d'attaque avec cette aptitude.","Greift Gegner mit einem heftigen Schlag an, der, basierend auf der Intelligenz, eine höhere Chance hat, doppelten Schaden zu verursachen. Erhöhungen und Verringerungen des Zauberschadens gelten auch für den Angriffsschaden mit dieser Fertigkeit.","知性が高いほど、与えるダメージが2倍になる確率が高くなる力強い強打で敵を攻撃する。スペルダメージの増減は、このスキルによるアタックダメージにも適用される。","강력한 일격으로 적을 공격합니다. 지능이 높을수록 2배의 피해를 줄 확률이 높습니다. 주문 피해에 적용되는 증가 및 감소 수치가 이 스킬의 공격 피해에 적용됩니다.","Ataca os inimigos com um golpe poderoso, com mais chance de causar dano dobrado quanto maior for sua inteligência. Modificadores de dano de magia se aplicam ao dano de ataque desta habilidade.","Бьёт врагов сильным ударом, имеющим тем более высокий шанс нанести двойной урон, чем выше интеллект атакующего. Увеличения и уменьшения урона от чар применяются к урону от атак этим умением.","Ataca a los enemigos con un contundente embate que tiene una mayor probabilidad de infligir daño doble cuanto más alta sea tu inteligencia. Los aumentos y las reducciones al daño de hechizos se aplican al daño de ataques de esta habilidad.","Heavy Strike of Trarthus\r\nโจมตีศัตรูด้วยการโจมตีเต็มแรง มีโอกาสสร้างความเสียหายสองเท่าสูงขึ้นตาม Intelligence ของคุณ การเพิ่มและลดความเสียหาย เวท ส่งผลต่อความเสียหาย โจมตี ของสกิลนี้เช่นกัน","以猛烈的一擊攻擊敵人，你的智慧越高，造成雙倍傷害的機率越高。對法術傷害的增減會套用在此技能的攻擊傷害。",1,100,"",38103,""
142,314,2,"[120,121,122,164,165,166,110,111,112,191,192,196,197,198,62,63,64,4,46]","","Dual Strike","Frappes simultanées","Zweifachschlag","デュアルストライク","쌍수 타격","Ataque Combinado","Парный удар","Golpe dual","ฟาดคู่","雙持打擊","Attacks with both weapons, dealing the damage of both in one strike. ","Une attaque simultanée avec l'arme principale et secondaire, qui inflige les dégâts des deux armes en un seul coup.","Greift mit beiden Waffen an, um mit einem Schlag den Schaden beider Waffen zuzufügen. ","両方の武器で攻撃し、両武器のダメージを一つの強打で与える。","양손의 무기로 한번에 공격하여 피해를 줍니다.","Desfere um golpe com ambas as armas, causando o dano combinado delas. ","Атакует двумя оружиями сразу, нанося парный удар.","Ataca con las dos armas e inflige el daño de ambas en un solo golpe.","Dual Strike\r\nโจมตีด้วยอาวุธทั้งสอง สร้างความเสียหายจากอาวุธทั้งสองพร้อมกันในการฟาดครั้งเดียว","使用兩把武器對目標同時進行攻擊並造成傷害。",1,100,"",10235,""
143,2013,3,[],"","Hatred","Haine","Hass","ヘイトレッド","증오","Ódio","Холодная ненависть","Odio","เกลียดชัง","憎恨","Casts an aura that grants extra cold damage based on physical damage.","Une aura qui rajoute une partie des dégâts physiques sous forme de dégâts de froid.","Zaubert eine Aura, die zusätzlichen Kälteschaden gewährt, der auf dem physischen Schaden basiert.","物理ダメージに基づく追加の冷気ダメージを付与するオーラを纏う。","물리 피해에 따른 냉기 피해를 부여하는 오라를 시전합니다.","Ativa uma aura que concede dano de gelo adicional com base no dano físico.","Окружает аурой, которая дарует дополнительный урон от холода, основанный на физическом уроне.","Proyecta un aura que otorga daño de hielo adicional basado en el daño físico.","Hatred\r\nร่ายออร่าที่มอบการเสริมความเสียหาย น้ำแข็ง ตามความเสียหาย กายภาพ","施放一個光環，賦予根據物理傷害的額外冰冷傷害。",24,100,"",24482,""
144,3376,2,"[77,78,79,171,172,173,65,66,67,159,126,127,128,232,233,234,123,124,125,199]",3377,"Vaal Burning Arrow","Flèche incendiaire vaal","Vaal-Brennender Pfeil","ヴァールバーニングアロー","바알 불타는 화살","Flecha Ardente Vaal","Горящая стрела ваал","Flecha ardiente vaal","วาล์ ศรไฟ","瓦爾．燃燒箭矢","Fires an arrow that explodes, dealing fire damage to its target and other nearby enemies, with an increased chance of igniting them.","Une flèche qui explose à l'impact, infligeant des dégâts de feu à sa cible et aux autres ennemis à proximité, avec des chances accrues de les embraser.","Schießt einen Pfeil ab, der explodiert, Feuerschaden bei seinem Ziel und in der Nähe befindlichen Gegnern verursacht und eine erhöhte Chance hat, seine Ziele zu entzünden.","対象と周囲の敵に火ダメージを与え、高い発火確率を有する爆発する矢を放つ。","폭발하여 대상과 주변의 다른 적들에게 화염 피해를 주고, 높은 확률로 불을 붙이는 화살을 발사합니다.","Dispara uma flecha que explode, causando dano de fogo ao alvo e aos inimigos próximos, com maior chance de incendiá-los.","Выпускает стрелу, которая взрывается, нанося урон цели и врагам вокруг неё. Имеет высокий шанс поджечь поражённые цели.","Dispara una flecha que explota e inflige daño de fuego a su objetivo y a otros enemigos cercanos, con una probabilidad aumentada de quemarlos.","Vaal Burning Arrow\r\nยิงศรที่ระเบิด สร้างความเสียหาย ไฟ ต่อเป้าหมายกับศัตรูตัวอื่นๆ ที่อยู่ใกล้ โดยมีโอกาสสร้างสถานะ ลุกไหม้ ต่อมันเพิ่มขึ้น","射出一發帶有火焰能量的箭矢，接觸到敵人時會爆炸，並對其與周圍的敵人造成火焰傷害，同時有較高的機率造成點燃。",28,100,1,23512,""
145,5269,2,"[232,233,234,120,121,122,90,91,92,126,127,128,49,50,51,55,56,57,199,255]",5270,"Blast Rain of Trarthus","Pluie explosive de Trarthus","Explosionsregen von Trathus","トラーサスのブラストレイン","트라투스의 폭발 화살비","Chuva Explosiva de Trarthus","Дождь взрывов Тератны","Lluvia de estallidos de Trarthus","ฝนระเบิดแห่งทาร์ทัส","特拉特斯爆裂箭雨","Fires a single arrow up in the air, to rain down at a targeted location. The arrow deals area damage around where it lands, as well as releasing a wave of fire which will apply a burning debuff to enemies.","Un tir d'une unique flèche dans les airs qui retombe à l'emplacement ciblé. La flèche inflige des dégâts de zone autour de son point d'impact, tout en libérant également une vague de feu qui applique un effet néfaste de brûlure aux ennemis.","Feuert einen einzelnen Pfeil in die Luft, der am Zielort herabregnet. Der Pfeil verursacht bei seiner Landung Flächenschaden und entfesselt eine Welle aus Feuer, die bei Gegnern eine Brandschwächung anwendet.","空中に1本の矢を放ち、指定範囲に雨のように降らせる。この矢は着弾地点の周囲に範囲ダメージを与え、敵に燃焼のデバフを与える、火の波動を放つ。","화살 한 발을 허공으로 발사하여 대상 지점에 떨어뜨립니다. 화살은 떨어지는 곳 주변에 범위 피해를 주고, 불길의 파동을 방출하여 적들에게 화상 디버프를 적용합니다.","Dispara uma flecha para o alto, que cai no local escolhido, causando dano em área e liberando uma onda de fogo que aplica uma penalidade de queimadura aos inimigos.","Выпускает в воздух стрелу, которая приземляется в указанное место. Стрела наносит урон по области вокруг точки приземления, а также испускает волну огня, которая накладывает отрицательный эффект горения на врагов.","Dispara una sola flecha al aire para que caiga en una ubicación objetivo. La flecha inflige daño en área alrededor de donde cae y libera una ola de fuego que aplica un efecto nocivo de incendio a los enemigos.","Blast Rain of Trarthus\r\nยิงศรขึ้นฟ้าดอกหนึ่งให้ตกลงมายังตำแหน่งเป้าหมาย ศรดอกนั้นจะสร้างความเสียหาย พื้นที่ รอบจุดที่มันตก พร้อมปล่อยคลื่นไฟที่สร้างดีบัฟ ติดไฟ ต่อศัตรู","對天空射出一支箭矢，降落於目標位置。箭矢對落地區域附近造成範圍傷害，並釋放出一道炎浪，對敵人造成燃燒減益效果。",28,100,"",18004,""
146,2406,3,[],"","Blasphemy Flammability","Inflammabilité Blasphème","Blasphemie der Entflammbarkeit","冒涜のフラマビリティ","신성 모독 인화성","Inflamabilidade com Blasfêmia","Богохульство Горючести","Inflamabilidad de blasfemia","สาปส่งไวไฟ","易燃．瀆神","Casts an aura that curses all enemies in an area, lowering their fire resistance and giving them a chance to be ignited when hit.","Lance une aura qui maudit tous les ennemis dans une zone, réduisant leur résistance au feu et leur donnant des chances d'être embrasés lorsqu'ils sont touchés.","Zaubert eine Aura, die alle Ziele in einem Bereich verflucht, was ihren Feuerwiderstand verringert und ihnen eine Chance gewährt, bei Treffer entzündet zu werden.","エリア内のすべての敵に呪いをかけるオーラを纏い、敵の火耐性を下げ、ヒット時に発火する確率を上げる。","범위 내 모든 적에게 저주를 걸어 화염 저항을 낮추는 오라를 시전합니다. 저주 상태에서 피격되는 적은 일정 확률로 점화됩니다.","Ativa uma aura que amaldiçoa os inimigos em uma área, reduzindo sua resistência a dano de fogo e possibilitando que sejam incendiados ao serem atingidos.","Окружает аурой, которая проклинает всех врагов в области, cнижая их сопротивление огню и повышая шанс поджечь их при ударе.","Proyecta un aura que maldice a todos los enemigos en un área para disminuir su resistencia al fuego y otorgarles una probabilidad de quemarse cuando reciben un impacto.","Blasphemy Flammability\r\nร่ายออร่าที่สาปทุกเป้าหมายในพื้นที่ ทำให้พวกมันมีค่าต้านทาน ไฟ น้อยลง และทำให้พวกมันมีโอกาสติดสถานะ ลุกไหม้ เมื่อถูกปะทะ","施放一個光環，詛咒區域內所有敵人，降低他們的火焰抗性，並使他們在遭擊中時有一定機率受到點燃。",24,100,"",39298,""
147,12211,3,[],"","Alchemist's Mark","Marque de l'Alchimiste","Mal des Alchemisten","アルケミストの呪印","연금술사의 징표","Marca do Alquimista","Метка алхимика","Señal del alquimista","คำแช่งนักแปรธาตุ","煉金術士印記","Curses an enemy, granting flask charges on hit and creating Burning Ground under the target if a hit Ignites them, and Caustic Ground if it Poisons them.","Maudit un ennemi, octroyant des charges de Flacon au toucher et créant du Sol brûlant sous lui si une touche l'Embrase, et du Sol caustique si elle l'Empoisonne.","Verflucht einen Gegner, gewährt bei Treffer Fläschchenfüllungen und erzeugt unter ihm Brennenden Boden, wenn der Treffer den Gegner entzündet und Ätzenden Boden, wenn der Treffer den Gegner vergiftet.","敵一体に呪いをかけ、ヒット時にフラスコチャージを得られるようにする。またヒット時に発火を付与した場合、その敵の下に燃焼領域を、毒を付与した場合は腐食領域を生成する。","적에게 저주를 걸어, 명중 시 플라스크 충전을 얻습니다. 또한 명중으로 적이 점화되면 적 아래에 용암 지대를, 적이 중독되면 부식성 지대를 만듭니다.","Amaldiçoa um inimigo, gerando cargas de frasco ao atingi-lo e criando um chão incendiado se ele for incendiado, ou um chão cáustico se for envenenado.","Проклинает врага проклятием, дарующим заряды флакона при нанесении ударов и создающим под врагом горящую землю, если удар наложил поджог, и едкую землю, если удар отравил врага.","Maldice a un enemigo para que otorgue cargas de frasco al impactarlo y crear suelo incendiado a sus pies si un impacto lo quema, y suelo cáustico si lo envenena.","Alchemist's Mark\r\nสาปศัตรูตัวเดียว ทำให้มันให้ชาร์จขวดยาเมื่อถูกปะทะ การปะทะเป้าหมายที่ถูกสาปที่สร้างสถานะ ลุกไหม้ จะสร้าง พื้นลุกไหม้ ข้างใต้มัน ส่วนการปะทะต่อมันที่สร้างสถานะ พิษ จะสร้าง พื้นกัดกร่อน ข้างใต้มัน","詛咒一個敵人，在擊中它時賦予藥劑充能，且若擊中時造成點燃，會在目標腳下產生燃燒地面；若擊中時造成中毒，則會產生腐蝕地面。",24,100,"",24179,""
148,2035,2,"[120,121,122,126,127,128,96,97,98,77,78,79,0,1,142,55,56,57,74,22,199,256]",2036,"Burning Arrow","Flèche incendiaire","Brennender Pfeil","バーニングアロー","불타는 화살","Flecha Ardente","Горящая стрела","Flecha ardiente","ศรไฟ","燃燒箭矢","Fires a burning arrow that deals fire damage and has a chance to ignite.","Tire une flèche enflammée qui inflige des dégâts de feu et a des chances d'Embraser la cible.","Feuert einen brennenden Pfeil, der Feuerschaden verursacht und eine Chance hat, Gegner zu entzünden.","火ダメージを与え、発火させる確率を持つ燃える矢を放つ。","불타는 화살을 발사하여 화염 피해를 주고 일정 확률로 점화를 유발합니다.","Dispara uma flecha flamejante que causa dano de fogo e pode incendiar.","Выпускает горящую стрелу, которая наносит урон от огня и имеет шанс поджечь.","Dispara una flecha ardiente que inflige daño de fuego y tiene una probabilidad de quemar.","Burning Arrow\r\nยิงศรไฟที่สร้างความเสียหาย ไฟ และมีโอกาสสร้างสถานะ ลุกไหม้","發射一支燃燒箭矢並造成火焰傷害，且有機率造成點燃。",1,100,"",34665,""
149,6873,2,"[120,121,122,126,127,128,49,50,51,65,66,67,159,232,233,234]",6874,"Molten Well","Puits magmatique","Geschmolzene Quelle","モルテンウェル","용암 우물","Poço Derretido","Стрела лавы","Pozo fundido","บ่อหลอมละลาย","熔岩之井","Fires an incendiary arrow into the air which will create an area of molten ground on impact. Enemies within the molten ground take fire damage over time.","Tire une flèche incendiaire dans les airs, qui crée une zone de sol magmatique à l'impact. Les ennemis qui se trouvent sur le sol magmatique subissent des dégâts de feu sur la durée.","Feuert einen brennenden Pfeil in die Luft, der beim Aufprall einen Bereich mit geschmolzenem Boden erzeugt. Gegner auf dem geschmolzenen Boden erleiden Feuerschaden über Zeit.","空中に焼夷性の矢を放ち、着弾時に周囲に溶融領域を作り出す。溶融領域内の敵は火継続ダメージを受ける。","공중으로 소이 화살을 발사합니다. 화살은 충돌 시 일정 범위 내에 녹아내린 지대를 생성합니다. 녹아내린 지대 안에 있는 적들은 지속 화염 피해를 받습니다.","Dispara uma flecha incendiária para o alto que cria uma área de chão derretido no impacto. Inimigos na área afetada sofrem dano de fogo degenerativo.","Пускает в воздух зажигательную стрелу, которая после падения создаёт область расплавленной земли. Враги на расплавленной земли получают постепенный урон от огня.","Dispara una flecha incendiaria al aire que creará un área de suelo fundido al chocar. Los enemigos que están sobre el suelo fundido reciben daño de fuego degenerativo.","Molten Well\r\nยิงศรไวไฟขึ้นฟ้าที่จะกระทบพื้นเพื่อสร้างพื้นหลอมละลายในพื้นที่ ศัตรูที่อยู่ในพื้นหลอมละลายจะได้รับความเสียหาย ไฟ ต่อเนื่อง","朝空中射出一支焚燒箭矢，在衝擊時製造一片熔岩地面。熔岩地面中的敵人會承受火焰持續傷害。",28,100,"",59200,"Art/2DArt/SkillIcons/HouseBardiyaSkill.dds"
150,10882,1,"[77,78,79,0,1,65,66,67,159,232,233,234,114,129,130,131,260]","","Artillery Ballista","Baliste d'artillerie","Artillerie-Balliste","アーティラリーバリスタ","포대 쇠뇌","Balista de Artilharia","Артиллерийская баллиста","Balista de artillería","ป้อมเครื่องยิงปืนใหญ่","火砲砲塔","Summons a ballista totem that propels a sequence of fiery arrows into the air. The arrows impact the ground in a line, each dealing area damage to enemies around it.","Invoque un Totem baliste qui tire des salves de flèches enflammées dans les airs. Ces flèches s'abattent au sol de manière linéaire, chacune d'entre elles infligeant des dégâts de zone aux ennemis proches.","Beschwört ein Ballistentotem, das eine Reihe von feurigen Pfeilen in die Luft schleudert. Die Pfeile schlagen in einer Linie auf dem Boden ein und verursachen bei Gegnern im Umkreis Flächenschaden.","火矢を空中に連続して放つバリスタトーテムを召喚する。矢は地面で一列に着弾し、それぞれが周囲の敵に範囲ダメージを与える。","허공으로 불타는 화살을 연속 발사하는 쇠뇌 토템을 소환합니다. 화살은 지면에 일렬로 충돌하여 각각 주변의 적들에게 범위 피해를 줍니다.","Invoca um Totem Balista que dispara uma sequência de flechas ardentes para o alto. As flechas caem em fila, causando dano em área aos inimigos próximos.","Устанавливает тотем-баллисту, который запускает в воздух залп огненных стрел. Стрелы приземляются в линию, нанося урон по области врагам вокруг них.","Invoca un tótem balista que dispara una secuencia de flechas ardientes al aire. Las flechas impactan contra el suelo formando una línea, y cada una de ellas inflige daño en área a los enemigos a su alrededor.","Artillery Ballista\r\nอัญเชิญ โทเทมป้อมเครื่องยิง ที่จะคอยยิงศรไฟชุดหนึ่งขึ้นสู่ฟากฟ้า ลูกศรเหล่านี้จะตกลงพื้นไล่เป็นแนวตรง โดยแต่ละดอกจะสร้างความเสียหาย พื้นที่ ให้กับศัตรูที่อยู่รอบตัวมัน","召喚一個砲塔圖騰，朝空中發射一連串熾烈箭矢。箭矢會落於一條直線上，每支箭矢對著地點周圍敵人造成範圍傷害。",28,100,1,35610,""
151,1106,2,"[77,78,79,120,121,122,0,1,126,127,128,96,97,98,75,123,124,125]","","Explosive Arrow","Flèche explosive","Explosiver Pfeil","エクスプローシブアロー","폭발 화살","Flecha Explosiva","Взрывная стрела","Flecha explosiva","ศรระเบิด","爆炸箭矢","Fires a sequence of arrows which will stick into an enemy or wall, and then explode, dealing area damage around them, either after a duration or when the maximum number of arrows stuck to that target is reached. ","Tire une série de flèches qui se plantent dans un ennemi ou dans un mur, puis explosent, infligeant des dégâts de zone autour d’elles, soit après une certaine durée, soit lorsque le nombre maximal de flèches plantées sur la cible est atteint.","Feuert eine Reihe von Pfeilen, die in einem Gegner oder einer Wand steckenbleiben, explodieren und im Umkreis Flächenschaden verursachen – entweder nach einer Dauer oder wenn die maximale Anzahl von Pfeilen, die im Ziel steckenbleiben können, erreicht ist. ","敵か壁に突き刺さる一連の矢を放つ。その矢は持続時間後または対象に突き刺さることができる矢の最大数に達した時、爆発し、周囲に範囲ダメージを与える。","화살을 연속으로 발사합니다. 화살은 적이나 벽에 꽂혀, 일정 시간이 지나거나 꽂힌 화살 수가 최대치가 되면 폭발하여 그 주변에 범위 피해를 줍니다.","Dispara uma sequência de flechas que grudam no alvo ou em uma parede e explodem após um período ou quando atingem a quantidade máxima de flechas no alvo.","Отправляет очередь стрел, которые вонзаются во врага или стену и вскоре взрываются, нанося урон по области вокруг. Взрыв происходит либо спустя некоторое время, либо по достижении максимума застрявших во враге стрел.","Dispara una secuencia de flechas que se clavan en un enemigo o en una pared. Después explotan e infligen daño en área a su alrededor, o bien después de un tiempo, o bien cuando se alcanza la cantidad máxima de flechas clavadas en ese objetivo.","Explosive Arrow\r\nยิงศรชุดหนึ่งซึ่งจะเกาะกับศัตรูหรือกำแพงแล้วระเบิด สร้างความเสียหาย พื้นที่ รอบๆ ศรนั้น โดยมันจะระเบิดเมื่อเวลาผ่านไประยะหนึ่ง หรือเมื่อจำนวนศรปักที่เป้าหมายเต็มแล้ว","發射一連串會卡在敵人身上或牆上的箭矢，在一段時間後或目標身上的箭矢數量達到上限後爆炸，對其周圍造成範圍傷害。",28,100,"",36298,""
152,2529,1,"[232,233,234,120,121,122,40,110,111,112,15,139,140,141,196,197,198]","","Cyclone of the Empire","Cyclone de l'Empire","Wirbelsturm des Kaiserreichs","帝国のサイクロン","제국의 회오리바람","Ciclone do Império","Вихрь Империи","Ciclón del imperio","พายุหมุนแห่งจักรวรรดิ","旋風斬．帝國","Moves towards a targeted location while spinning constantly attacking enemies in an area. Enemies struck by this skill are knocked inwards towards the attacker.","Tourbillonne vers un emplacement ciblé, attaquant continuellement les ennemis dans une zone. Les ennemis touchés par cette aptitude sont attirés vers l’assaillant.","Bewegt sich wirbelnd auf einen Zielort zu, während im Bereich konstant Gegner angegriffen werden. Getroffene Gegner werden zum Angreifer hin gestoßen.","指定した場所に向かって回転しながら移動し、範囲内の敵を攻撃し続ける。このスキルに当たった敵は、使用者に向かって押し込まれる。","회전하는 동안 목표 지점으로 이동하면서 일정 범위 내의 적들을 지속적으로 공격합니다. 이 스킬에 피격되는 적은 공격자를 향해 안으로 밀려납니다.","Avança girando e atacando repetidamente os inimigos até alcançar uma área. Os alvos atingidos são puxados para perto do atacante.","Отправляется в указанное место, непрерывно вращаясь и атакуя врагов в области. Попавших под удар этого умения врагов затягивает внутрь ближе к атакующему.","Se mueve hacia una ubicación objetivo mientras gira y ataca constantemente a los enemigos en un área. Los enemigos golpeados por esta habilidad son empujados hacia el atacante.","Cyclone of the Empire\r\nหมุนตัวเคลื่อนที่ไปยังตำแหน่งเป้าหมายพร้อมโจมตีศัตรูที่อยู่ในพื้นที่รอบตัวอย่างต่อเนื่อง ศัตรูที่ถูกปะทะด้วยสกิลนี้จะถูกผลักเข้าไปหาผู้โจมตี","一邊持續旋轉一邊朝指定位置前進，攻擊一片區域的敵人。被此技能擊中的敵人會被拉向攻擊者。",28,100,"",46739,""
153,9566,2,"[120,121,122,110,111,112,62,63,64,46,164,165,166,49,50,51,167,4,196,197,198,65,66,67,159]","","Vaal Double Strike","Double frappe vaal","Vaal-Doppelschlag","ヴァールダブルストライク","바알 이중 타격","Golpe Duplo Vaal","Двойной удар ваал","Golpe doble vaal","วาล์ ฟาดสองที","瓦爾．雙重打擊","Performs two fast strikes with a melee weapon, each of which summons a double for a duration to continuously attack monsters in this fashion.","Deux attaques rapides avec n'importe quelle arme de mêlée, chacune invoquant temporairement un double qui attaque en continu les monstres.","Führt zwei schnelle Schläge mit einer Nahkampfwaffe aus. Die beiden Schläge beschwören jeweils eine Zeit lang einen Klon, der auf diese Art und Weise für eine Dauer Gegner angreift.","近接武器を使って素早いストライクを2回行う。ストライクはそれぞれ分身を召喚し、分身は持続時間中、同じく2回ストライクを行い敵を攻撃し続ける。","근접 무기로 두 번의 재빠른 타격을 가합니다. 각각의 공격은 일정 시간 동안 복사체를 소환하여 동일한 방식으로 끊임없이 몬스터들을 공격합니다.","Desfere dois golpes rápidos com uma arma corpo a corpo, cada um invocando um clone que continua atacando os monstros da mesma forma por um período.","Дважды быстро атакует оружием ближнего боя. Атаки создадут двойников, которые продолжат атаковать врагов этим умением в течение некоторого времени.","Ejecuta dos golpes rápidos con un arma cuerpo a cuerpo, y cada uno de ellos invoca a un doble tuyo durante un tiempo para que ataque continuamente a los monstruos de la misma forma.","Vaal Double Strike\r\nทำการฟาดสองครั้งอย่างรวดเร็วด้วย อาวุธประชิด และอัญเชิญร่างเงาออกมาโจมตีมอนสเตอร์อย่างต่อเนื่องแบบเดียวกันเป็นระยะเวลาหนึ่ง","使用近戰武器對著目標進行兩次快速的攻擊，每擊都會召喚影分身持續使用雙重打擊攻擊怪物一段時間。",28,100,1,37132,""
154,120,2,"[120,121,122,191,192,233,232,234,123,124,125,196,197,198,90,91,92]","","Holy Sweep","Balayage sacré","Heiliger Rundumschlag","ホーリースウィープ","신성한 휩쓸기","Varrida Sagrada","Священный взмах","Barrido sagrado","ควงศักดิ์ิสิทธิ์","神聖橫掃","Swings a two handed mace or a staff in a circle, calling down holy hammers to land randomly on a number of enemies struck. Hits from these holy hammers cannot be evaded.","Un coup circulaire avec une masse à deux mains ou un bâton, faisant apparaître des marteaux sacrés qui s'abattent aléatoirement sur un certain nombre d'ennemis touchés. Les Touches découlant de ces marteaux sacrés ne peuvent pas être évitées.","Schwingt einen Zweihandstreitkolben oder Stab im Kreis und ruft heilige Hämmer herab, die zufällig auf mehrere getroffene Gegner einschlagen. Den Treffern dieser heiligen Hämmer kann nicht ausgewichen werden.","両手メイスまたはスタッフを円を描くように振り回し、攻撃を受けた複数の敵に聖なるハンマーをランダムに呼び落とす。聖なるハンマーによるヒットは回避されることがない。","양손 철퇴 또는 지팡이를 원형으로 휘둘러, 명중당한 적들에게 무작위로 신성한 망치를 떨어뜨립니다. 신성한 망치의 명중은 회피할 수 없습니다.","Gira uma maça de duas mãos ou um cajado, convocando martelos sagrados que atingem aleatoriamente vários inimigos. Os ataques dos martelos sagrados não podem ser evadidos.","Взмахивает двуручной булавой или посохом по кругу, призывая священные молоты на головы случайных поражённых врагов. От ударов этих молотов нельзя уклониться.","Haces un círculo con una maza a dos manos o un báculo para invocar martillos sagrados y que caigan al azar sobre una cantidad de enemigos golpeados. Los golpes de estos martillos sagrados no se pueden evadir.","Holy Sweep\r\nเหวี่ยง กระบองสองมือหรือไม้พลอง เป็นวงกลมเพื่อสุ่มเรียกค้อนศักดิ์สิทธิ์ลงมายังศัตรูที่ถูกปะทะ การปะทะของค้อนศักดิ์สิทธิ์ไม่สามารถหลบหลีกได้","使用雙手錘或長杖在範圍內橫掃，呼喚一定數量的神聖之錘隨機落於被擊中的敵人。神聖之錘無法被閃避。",12,100,"",7395,""
155,4827,0,"[30,31,32,180,181,182,65,66,67,159,49,50,51,232,233,234]","","Rallying Cry","Cri de ralliement","Schlachtruf","ラリイングクライ","집결의 함성","Clamor Inspirador","Клич сплочения","Grito inspirador","คำรามรวมทัพ","激勵戰吼","Performs a warcry, taunting nearby enemies to attack the user and exerting subsequent attacks. Nearby allies gain a buff based on the user's weapon.","Pousse un cri de guerre qui stimule les prochaines attaques et provoque les ennemis à proximité, les obligeant à attaquer l'utilisateur. Les alliés à proximité gagnent un effet bénéfique variant en fonction de l'arme de l'utilisateur.","Entfesselt einen Kriegsschrei, der alle Gegner im Umkreis verspottet, wodurch sie den Angreifer angreifen, und alle folgenden Angriffe potenziert. Verbündete im Umkreis erhalten eine Stärkung, die auf dem Waffenschaden des Angreifers basiert.","ウォークライを行い、近くの敵を挑発し使用者を攻撃させ、使用者のその後のアタックを奮起させる。使用者の武器ダメージに基づいて近くの味方にバフを与える。","함성을 질러 주변의 적들을 도발하여 시전자를 공격하게 하고, 이어지는 공격에 전력을 다합니다. 주변 동료들이 시전자의 무기에 따라 버프를 받습니다.","Esbraveja um clamor que provoca os inimigos próximos a atacarem o usuário e continuarem atacando. Aliados próximos recebem um bônus com base na arma do usuário.","Издаёт боевой клич, провоцирующий ближайших врагов атаковать издавшего клич и улучшающий последующие атаки. Дарует ближайшим союзникам положительный эффект в зависимости от оружия издавшего клич.","Ejecuta un grito de guerra que provoca a los enemigos cercanos para que ataquen al usuario y optimiza los siguientes ataques. Los aliados cercanos obtienen un efecto beneficioso basado en el daño de tu arma.","Rallying Cry\r\nส่งเสียงคำรามเพื่อยั่วยุศัตรูที่อยู่ใกล้ให้มาโจมตีผู้ใช้ พร้อมกันนี้ก็ทำให้การโจมตีหลังจากนั้นทำไปด้วยความฮึกเหิม ผู้ใช้และเพื่อนที่อยู่ใกล้จะได้รับบัฟตามความเสียหายของ อาวุธของผู้ใช้","發出一道戰吼，嘲諷附近敵人，使他們攻擊施放者，並竭盡後續攻擊。依據施放者的武器，附近友方會獲得一個增益效果。",24,100,"",39265,""
156,9149,1,"[232,233,234,164,165,166,123,124,125,110,111,112,23,24,25,196,197,198]","","Triggerblades","Lames émergentes","Auslöserklingen","トリガーブレード","발동칼날","Lâminas Acionadoras","Пронзающие клинки","Filos repentinos","มีดทริกเกอร์","觸發刀刃","Large blades spike upwards from the ground, dealing attack damage in an area.","De grandes lames jaillissent du sol, infligeant des dégâts d'attaque dans une zone.","Große Klingen stechen aus dem Boden hervor, die Angriffsschaden in einem Bereich verursachen.","地面から大きな刃が突き出し、範囲内にアタックダメージを与える。","큰 칼날이 바닥에서 위로 솟아나 일정 범위 내에 공격 피해를 줍니다.","Lâminas enormes saem do chão, causando dano de ataque em uma área.","Из земли вверх вырываются большие клинки, нанося урон от атак по области.","Unas cuchillas grandes se alzan desde el suelo e infligen daño de ataques en un área.","Triggerblades\r\nปักใบมีดขนาดใหญ่ขึ้นมาจากพื้น สร้างความเสียหาย โจมตี ในพื้นที่","大型刀刃尖刺從地底冒出，對一片區域造成攻擊傷害。",28,100,"",28026,"Art/2DArt/SkillIcons/HouseAzadiSkill.dds"
157,10614,0,"[65,66,67,159,49,50,51]","","Steelskin Ally","Peau d'acier allié","Stahlhaut-Verbündeter","スティールスキン・アライ","강철피부 동료","Aliado de Pele de Aço","Стальная кожа","Aliado con Piel de acero","ผิวเหล็กแก่เพื่อน","鐵皮盟友","Applies a buff to an ally which can take some damage from hits before being depleted.","Applique à un allié un effet bénéfique capable d'absorber une partie des dégâts subis au toucher, jusqu'à épuisement.","Wendet eine Stärkung an, die einen Teil des Schadens von Treffern absorbieren kann, bevor sie verbraucht ist.","効果が尽きるまでヒットダメージの一部を代わりに受けることができるバフを味方に適用する。","동료에게 명중 피해의 일부를 대신 받은 후 고갈되는 버프를 적용합니다.","Aplica um bônus a um aliado, que consegue absorver parte do dano antes de o efeito terminar.","Накладывает на союзника положительный эффект, принимающий часть урона от ударов, пока не будет достигнут определённый порог.","Aplica un efecto beneficioso que puede recibir una parte del daño de los impactos por ti antes de agotarse.","Steelskin Ally\r\nสร้างบัฟให้กับเพื่อนที่รับความเสียหายบางส่วนจากการปะทะแทนเพื่อนจนกว่ามันจะหมดไป","為一名友方施加增益效果，在被耗盡之前承受部分擊中傷害。",4,100,"",17105,"Art/2DArt/BuffIcons/QuickGuard.dds"
158,784,2,"[191,192,120,121,122,110,111,112,13,62,63,64,46,164,165,166,4,196,197,198]","","Flicker Strike","Frappe fulgurante","Flimmerschlag","フリッカーストライク","점멸 타격","Golpe Súbito","Внезапный удар","Golpe repentino","ฟาดพริบตา","閃現打擊","Teleports the character to a nearby enemy and attacks with a melee weapon. Grants a buff that increases movement speed for a duration. The cooldown can be bypassed by expending a Frenzy Charge.","Téléporte le personnage jusqu'à un monstre à proximité et l'attaque avec une arme de mêlée. Octroie un effet bénéfique temporaire qui augmente la vitesse de déplacement. Le temps de recharge peut être ignoré en dépensant une charge de frénésie.","Teleportiert den Charakter zu einem Gegner im Umkreis und greift diesen mit einer Nahkampfwaffe an. Gewährt eine Stärkung, die die Bewegungsgeschwindigkeit für eine Dauer erhöht. Die Abklingzeit kann durch das Aufwenden einer Raserei-Ladung umgangen werden.","近くの敵へテレポートし、近接武器で攻撃する。持続時間中、移動スピードが増加するバフを付与する。フレンジーチャージを消費することで、クールダウンを回避することができる。","주변의 적에게 순간이동하여 근접 무기로 공격합니다. 일정 시간 동안 이동 속도를 증가시키는 버프를 부여합니다. 격분 충전을 소모하면 해당 스킬을 즉시 사용할 수 있습니다.","Teletransporta o personagem até um inimigo próximo e ataca com uma arma corpo a corpo. Concede um bônus que aumenta a velocidade de movimento temporariamente. É possível ignorar o tempo de recarga ao consumir uma carga de frenesi.","Переносит к находящемуся рядом врагу и бьёт его оружием ближнего боя. Дарует положительный эффект, временно увеличивающий скорость передвижения. Умение можно мгновенно перезарядить, потратив заряд ярости.","Teletransporta al personaje a un enemigo cercano y lo ataca con un arma cuerpo a cuerpo. Otorga un efecto beneficioso que aumenta la velocidad de movimiento durante un tiempo. Puedes ignorar su tiempo de recarga gastando una carga de frenesí.","Flicker Strike\r\nเทเลพอร์ตตัวละครไปยังมอนสเตอร์ที่อยู่ใกล้แล้วทำการโจมตีด้วย อาวุธประชิด มอบบัฟที่เพิ่มความเร็วในการเคลื่อนที่เป็นระยะเวลาหนึ่ง และสามารถข้ามคูลดาวน์ได้ด้วยการใช้ Frenzy Charge 1 ลูก","角色傳送至一個附近的敵人，並以近戰武器攻擊。賦予增加移動速度並持續一段時間的增益效果。消耗狂怒球可跳過其冷卻時間。",10,100,"",61669,""
159,1597,3,[],"","Incite","Incitation","Aufrühren","インサイト","선동","Estimular","Подстрекание","Incitar","ยุยง","煽動","Grants frenzy charges to all nearby allies.","Octroie des charges de frénésie à tous les alliés à proximité.","Gewährt allen Verbündeten im Umkreis Raserei-Ladungen.","近くの味方全員にフレンジーチャージを付与する。","주변의 모든 동료에게 격분 충전을 부여합니다.","Concede cargas de frenesi aos aliados próximos.","Дарует заряды ярости всем союзникам поблизости.","Otorga cargas de frenesí a todos los aliados cercanos.","Incite\r\nมอบ Frenzy Charge ให้กับเพื่อนที่อยู่ใกล้ทั้งหมด","賦予附近所有友方狂怒球。",16,100,"",59409,"Art/2DArt/SkillIcons/HouseAzadiSkill.dds"
160,10629,2,"[23,24,25,164,165,166,120,121,122,232,233,234,126,127,128,17,103,104,105,196,197,198]","","Bladestorm","Tempête de lames","Klingensturm","ブレードストーム","칼날 폭풍","Tempestade de Lâminas","Ураган лезвий","Tormenta de filos","พายุดาบ","旋天劍舞","Perform a spinning attack, damaging surrounding enemies and creating a bladestorm matching the active stance. The bladestorm repeatedly damages enemies, based on weapon damage and attack time, for a duration. Blood bladestorms are stationary and cause Bleeding, while Sand bladestorms move slowly forwards and Blind enemies. ","Une attaque tournoyante qui endommage les ennemis autour de l'utilisateur et crée une tempête de lames correspondant à sa Posture. La tempête de lames endommage de manière répétée les ennemis, en fonction des dégâts et du temps d'attaque de l'arme de l'utilisateur. Les tempêtes de lames de sang sont stationnaires et provoquent le Saignement, tandis que les tempêtes de lames de sable se déplacent lentement vers l'avant et Aveuglent les ennemis.","Führt einen wirbelnden Angriff aus, der bei Gegnern im Umkreis Schaden verursacht und einen Klingensturm erzeugt, der der aktiven Haltung entspricht. Der Klingensturm verursacht bei Gegnern für eine Dauer wiederholt Schaden, der auf dem Waffenschaden und der Angriffszeit basiert. Blut-Klingenstürme sind stationär und verursachen Bluten, während sich Sand-Klingenstürme langsam nach vorne bewegen und Gegner blenden. ","回転攻撃を行い、周囲の敵にダメージを与え、アクティブなスタンスに応じたブレードストームを生成する。ブレードストームは持続時間中、武器のダメージとアタックタイムに応じて敵に繰り返しダメージを与え続ける。ブラッドスタンスのブレードストームはその場に留まり出血を付与する。サンドスタンスのブレードストームは敵に向かってゆっくり移動し盲目を与える。","회전 공격을 하여 주위 적들에게 피해를 주고 활성화되어 있는 태세에 상응하는 칼날 폭풍을 생성합니다. 칼날 폭풍은 일정 시간 동안 무기 피해와 공격 시간에 기반해 적들에게 반복해서 피해를 줍니다. 핏빛 칼날 폭풍은 이동하지 않으며 출혈을 유발하는 반면, 모래 칼날 폭풍은 천천히 전방으로 이동하면서 실명을 유발합니다.","Executa um ataque giratório, atingindo inimigos ao redor e gerando uma tempestade de lâminas correspondente à postura\r\nativa. A tempestade causa dano repetidamente por um período, com base no dano da arma e na velocidade de ataque. Na Postura de Sangue, as tempestades não se movem e causam sangramento. Na Postura de Areia, as tempestades se movem lentamente para a frente, cegando os inimigos.","Совершает круговую атаку, нанося урон окружающим врагам и создавая ураган лезвий с эффектом, соответствующим активной стойке. В течение некоторого времени ураган лезвий неоднократно наносит урон врагам в зависимости от урона от оружия и времени атаки использовавшего умение. Кровавые ураганы лезвий находятся на одном месте и вызывают кровотечение, а песчаные ураганы лезвий медленно движутся вперёд и ослепляют врагов.","Ejecuta un ataque giratorio para dañar a los enemigos circundantes y crear una tormenta de filos que coincide con la postura que está activa. La tormenta de filos daña repetidamente a los enemigos en función del daño y del tiempo de ataque del arma, durante un tiempo. Las tormentas de filos de sangre no se mueven y aplican sangrado, mientras que las tormentas de filos de arena se mueven lentamente hacia adelante y ciegan a los enemigos.","Bladestorm\r\nทำการหมุนตัวโจมตี สร้างความเสียหายต่อศัตรูรอบตัวและสร้างพายุดาบตามกระบวนท่าขึ้นมา พายุดาบจะอยู่ระยะเวลาหนึ่ง สร้างความเสียหายต่อศัตรูซ้ำๆ ตามความเสียหาย อาวุธ และเวลาในการโจมตี พายุดาบโลหิตจะอยู่กับที่และสร้างสถานะ เลือดไหล ส่วนพายุดาบวาลุกาจะค่อยๆ เคลื่อนที่ไปข้างหน้าแล้วสร้างสถานะ ตาบอด ต่อศัตรู","進行旋轉攻擊，根據作用中的姿態傷害周圍敵人和製造一個劍刃風暴。劍刃風暴會根據武器傷害和攻擊時間，對敵人重複造成傷害一段時間。血腥旋天劍舞為靜止並且會造成流血，沙戮旋天劍舞則會向前緩慢移動並致盲敵人。",28,100,"",12357,""
161,6867,3,[],"","Bloodthirst","Soift de sang","Blutdurst","ブラッドサースト","피의 갈증","Sede de Sangue","Жажда крови","Ansias de sangre","กระหายโลหิต","渴血","Applies a short duration buff to nearby allies, granting them physical damage over time multiplier and attack speed.","Applique un effet bénéfique de courte durée aux alliés à proximité, leur octroyant du multiplicateur de dégâts physiques sur la durée et de la vitesse d'attaque.","Wendet für eine kurze Dauer eine Stärkung auf Verbündete im Umkreis an und gewährt diesen Multiplikator für physischen Schaden über Zeit und Angriffsgeschwindigkeit.","近くの味方に短時間の物理継続ダメージ倍率とアタックスピードを付与するバフを適用する。","주변 동료들에게 짧은 시간 동안 버프를 적용하여, 지속 물리 피해 배율과 공격 속도를 부여합니다.","Aplica um bônus de curta duração aos aliados próximos, aumentando o multiplicador de dano físico degenerativo e a velocidade de ataque.","Накладывает на ближайших союзников кратковременный положительный эффект, повышающий их множитель постепенного физического урона и скорость атаки.","Aplica un efecto beneficioso de corta duración a los aliados cercanos que les otorga multiplicador de daño físico degenerativo y velocidad de ataque.","Bloodthirst\r\nมอบบัฟระยะเวลาสั้นให้กับเพื่อนที่อยู่ใกล้ เพื่อให้พวกเขามีตัวคูณความเสียหาย กายภาพ และความเร็วในการโจมตี","為附近的友方賦予一個短效的增益效果，賦予其物理持續傷害加成和攻擊速度。",16,100,"",60880,"Art/2DArt/SkillIcons/HouseAzadiSkill.dds"
162,5759,0,"[232,233,234,49,50,51,65,66,67,159,126,127,128]","","Oil Slick","Flaque d'huile","Ölfilm","オイルスリック","기름 막","Mancha de Óleo","Масляная лужа","Mancha de aceite","โยนน้ำมัน","浮油","Creates an area of oil covered ground, which slows all enemies within it","Crée une zone de sol couvert d’huile, qui ralentit tous les ennemis se tenant dessus.","Erzeugt eine Fläche aus mit Öl bedecktem Boden, die Gegner darauf verlangsamt.","油で覆われた領域を生成し、そのエリア内のすべての敵を減速させる。","기름으로 뒤덮인 지역을 생성하여, 안에 있는 모든 적을 감속시킵니다.","Cria uma área de chão coberta de óleo, que reduz a velocidade dos inimigos nela.","Создаёт масляную лужу на земле, замедляющую всех врагов на ней.","Crea un área de suelo cubierto de aceite que ralentiza a todos los enemigos que se encuentran en ella.","Oil Slick\r\nสร้าง พื้นน้ำมัน ที่ทำให้ศัตรูบนพื้นเชื่องช้าลง","製造一片被油覆蓋的區域，緩速其中的所有敵人",1,100,"",19268,"Art/2DArt/SkillIcons/HouseAzadiSkill.dds"
163,5941,2,"[23,24,25,164,165,166,120,121,122,232,233,234,126,127,128,103,104,105,191,192,196,197,198]","","Lacerate","Lacération","Zerfleischen","ラセレイト","피부 찢기","Dilacerar","Разрубание","Lacerar","ฉีกร่าง","破空斬","Slashes twice, releasing waves of force that damage enemies they hit. Enemies in the middle of the slashes can be hit by both. The slashes will have a chance to inflict bleeding in Blood Stance, or have a wider angle in Sand Stance. ","Une attaque permettant de fendre l'air à deux reprises en libérant des vagues de force qui endommagent les ennemis qu'elles touchent. Les ennemis situés entre les deux vagues peuvent être touchés par les deux vagues successivement. Tant que l'utilisateur est en Posture de sang, les vagues ont des chances d'infliger le Saignement. En posture du sable, l'angle des vagues est élargi.","Führt zwei Schläge aus, die Kraftwellen auslösen und bei getroffenen Gegnern Schaden verursachen. Gegner, die sich zwischen beiden Schlägen befinden, können von beiden Schlägen getroffen werden. In der Bluthaltung haben die Schläge eine Chance, Bluten zu verursachen, und einen größeren Winkel in der Sandhaltung. ","二度斬りつけ、触れた敵にダメージを与える力の波動を放つ。両方の波動の中間にいる敵は両方から攻撃を受ける。ブラッドスタンスでは斬りつけにより出血のデバフを与える確率が上がり、サンドスタンスでは斬りつけの角度が広くなる。","두 번 베어 적들에게 피해를 주는 힘의 파도를 시전합니다. 핏빛 태세에서의 베기는 일정 확률로 출혈을 유발하고, 모래 태세에서는 각도가 넓어집니다.","Desfere dois cortes, liberando ondas de força que causam dano aos inimigos atingidos. Inimigos no centro dos ataques podem ser atingidos por ambos. Na Postura de Sangue, os cortes podem causar sangramento. Na Postura de Areia, a área afetada é maior.","Совершает два рубящих удара, выпуская силовые волны, наносящие урон врагам при попадании. Враги, оказавшиеся в центре пересечения ударов, получают урон от обеих волн. В стойке крови у волн есть шанс наложить кровотечение, в стойке песка увеличивается угол конуса области поражения.","Ataca dos veces para liberar unas ondas de fuerza que infligen daño a los enemigos que impactan. Los enemigos que estén en el centro de los ataques pueden ser impactados por ambos. Los ataques tienen una probabilidad de aplicar sangrado en Postura de sangre o de tener un ángulo más amplio en Postura de arena.","Lacerate\r\nฟันสองครั้ง ปล่อยคลื่นพลังโจมตีที่จะสร้างความเสียหายให้กับศัตรูที่ถูกปะทะ ศัตรูที่อยู่ระหว่างกลางคลื่นพลังโจมตีทั้งสองจะถูกปะทะทั้งสองครั้ง การฟันจะมีโอกาสสร้างสถานะ เลือดไหล หากอยู่ใน กระบวนท่าโลหิต หรือมีองศากว้างขึ้นหากอยู่ใน กระบวนท่าวาลุกา","揮斬兩次，釋放出擊中敵人會造成傷害的衝擊波。在中間的敵人會被兩個衝擊波擊中。血腥姿態下，斬擊有機率造成流血；在沙戮姿態下，有較大的角度。",12,100,"",8136,""
164,10637,2,"[23,24,25,164,165,166,120,121,122,232,233,234,126,127,128,103,104,105,191,192,18,196,197,198]","","Perforate","Perforation","Perforieren","パーフォレイト","천공","Perfurar","Пронзающие шипы","Perforación","แทงทะลุ","裂地刺穿","Smash the ground to bring forth multiple spears to damage enemies. When in Blood Stance, multiple spikes burst from the ground in sequence, able to hit enemies multiple times. In Sand Stance, the spikes are thrust outwards. ","Une frappe au sol qui fait surgir des pieux du sol afin d'endommager les ennemis. En Posture du sang, les pieux surgissent de manière répétée, de manière à toucher les ennemis à maintes reprises. En Posture du sable, les pieux surgissent vers l'extérieur.","Schlagt auf den Boden, wodurch Speere aus der Erde an die Oberfläche dringen. Während in der Bluthaltung mehrere Speere hervorstechen, die Gegner mehrfach treffen können, verteilen sich die Speere in der Sandhaltung nach außen hin. ","地面を叩き複数のトゲを出現させ敵にダメージを与える。ブラッドスタンスの時には、地面から複数のトゲが連続して飛び出し、敵に複数回ダメージを与えることができる。サンドスタンスでは、トゲは外側に突き出す。","지면을 강타하여 다수의 가시를 불러내 적들에게 피해를 줍니다. 핏빛 태세에서는 다수의 가시가 지면에서 연속적으로 솟아올라, 적들에게 피해를 줍니다. 모래 태세에서는 가시가 바깥쪽으로 퍼져나갑니다.","Golpeia o chão para criar várias lanças que causam dano aos inimigos. Na Postura de Sangue, elas surgem do chão em sequência e podem atingir os alvos várias vezes. Na Postura de Areia, elas são lançadas para fora.","Ударом по земле создаёт множество шипов, наносящих урон врагам. В стойке крови из земли поочерёдно появляются несколько шипов, способных несколько раз нанести урон врагам. В стойке песка шипы расходятся во все стороны.","Golpea el suelo para hacer surgir múltiples pinchos que dañan a los enemigos. Cuando está en Postura de sangre, los pinchos surgen del suelo en una secuencia y pueden impactar varias veces a los enemigos. En Postura de arena, los pinchos se lanzan hacia fuera.","Perforate\r\nกระแทกพื้นเพื่อทำให้เกิดหอกหลายเล่มทิ่มแทงออกมาจากพื้น หนามเหล่านี้จะทิ่มออกมาจากพื้นตามลำดับและปะทะศัตรูได้หลายครั้งหากอยู่ใน กระบวนท่าโลหิต หรือหนามจะทิ่มออกไปด้านนอกหากอยู่ใน กระบวนท่าวาลุกา","使用你的武器打擊地面，使矛從地面刺出。在血腥姿態時，這些矛會在你指定的位置貫穿多次，可多次擊中敵人。在沙戮姿態時，從指定位置向四方進行貫穿。",1,100,"",54006,""
165,2633,1,"[0,1,126,127,128,23,24,25,103,104,105,232,233,234,164,165,166]","","Blood Mortar","Mortier de sang","Blutmörser","ブラッドモーター","피 박격포","Morteiro de Sangue","Кровавая мортира","Mortero sangriento","ระเบิดปูพรมเลือด","鮮血迫擊砲","Flings a mortar of blood in an arc which deals attack damage on impact and has a high chance to inflict bleeding.","Lance un mortier de sang en cloche, qui inflige des dégâts d'attaque à l'impact et a de fortes chances d'infliger le saignement.","Entfesselt einen Blutmörser in einem Bogen, der beim Aufprall Angriffsschaden verursacht und eine hohe Chance hat, Bluten zu verursachen.","血のモーターを弧状に浴びせ、衝突時にアタックダメージを与える。モーターは高い出血確率を持つ。","원호 형태로 피 박격포를 발사합니다. 박격포는 충돌 시 공격 피해를 주고 높은 확률로 출혈을 유발합니다.","Joga uma bomba de sangue em arco, causando dano de ataque no impacto e com grande chance de causar sangramento.","Бросает кровавый снаряд по дуге, который наносит урон от атак при попадании и с высоким шансом накладывает кровотечение.","Lanza un mortero de sangre en forma de arco que inflige daño de ataques al chocar y tiene una alta probabilidad de aplicar sangrado.","Blood Mortar\r\nโยนระเบิดเลือดปูขึ้นไปเป็นทรงโค้งเพื่อสร้างความเสียหาย โจมตี เมื่อกระทบและมีโอกาสสร้างสถานะ เลือดไหล สูง","以弧形發射一發鮮血迫擊砲，在擊中時造成攻擊傷害，且有高機率造成流血。",12,100,"",26931,"Art/2DArt/SkillIcons/HouseAzadiSkill.dds"
166,10999,2,"[120,121,122,0,1,19,90,91,92,171,172,173,6,7,83,84,85,86,87,88,148,149,150,174,175,176]","","Kinetic Bolt","Éclair cinétique","Kinetisches Geschoss","キネティックボルト","역학 투사체","Seta Cinética","Кинетический заряд","Descarga cinética","ลูกพลังจลนศาสตร์","力量穿引","Fires a projectile that changes direction in a zig-zag pattern at regular intervals or when hitting enemies. Each time it changes direction, a secondary projectile breaks off, flying in the direction it changed away from.","Tire un projectile qui effectue des zigzags, changeant de direction à intervalles réguliers ou lorsqu'il touche un ennemi. À chaque fois qu'il change de direction, il génère un projectile secondaire dans la continuité de sa direction précédente.","Feuert ein Projektil, das in regelmäßigen Abständen oder beim Treffen auf Gegnern ruckartig die Richtung wechselt. Bei jedem Richtungswechsel wird ein sekundäres Projektil entfesselt, das in die Richtung vor dem Richtungswechsel fliegt.","投射物を放つ。投射物はジグザグなパターンで飛び、定期的または敵に命中した時に進行方向を変える。進行方向を変えるたびに、元々の進行方向に副次的な投射物を放つ。","일정한 간격을 두고 지그재그 모양으로 방향을 변경하거나 적을 명중한 뒤 방향을 변경하는 투사체를 발사합니다. 투사체의 방향이 변경될 때마다 부가 투사체가 갈라져 나와 기존의 방향으로 날아갑니다.","Dispara um projétil que se move em zigue-zague, mudando de direção periodicamente ou ao atingir inimigos. A cada mudança, libera um projétil adicional que segue na direção oposta.","Выпускает снаряд, который движется зигзагом, меняя направление через равные промежутки времени или при попадании по врагу. При каждой смене направления от заряда отделяется второстепенный снаряд, летящий в противоположную сторону.","Dispara un proyectil que cambia de dirección, siguiendo un patrón en zigzag, a intervalos regulares o cuando impacta a los enemigos. Cada vez que cambia de dirección, un proyectil secundario sale disparado y vuela en la dirección en la que iba el proyectil principal antes de girar.","Kinetic Bolt\r\nยิงโพรเจกไทล์ที่จะเปลี่ยนทิศทางซิกแซกไปมาเป็นจังหวะหรือเมื่อปะทะศัตรู มันจะแตกโพรเจกไทล์รองออกมาทุกครั้งที่เปลี่ยนทิศทาง ซึ่งจะเดินทางไปในทิศทางเดิมก่อนที่จะเปลี่ยนทิศทาง","發射一個每隔一段時間或擊中敵人時會依鋸齒狀改變方向的投射物。每當其改變方向，會產生第二發投射物，按原先方向飛行。",1,100,"",12583,""
167,4602,2,"[120,121,122,0,1,19,90,91,92,171,172,173,6,7,83,84,85,86,87,88,148,149,150,174,175,176,22,142]","","Kinetic Blast of Clustering","Explosion cinétique du Regroupement","Kinetische Explosion des Gruppierens","群化のキネティックブラスト","군집의 역학 폭발","Explosão Cinética da Concentração","Кинетический взрыв скопления","Explosión cinética de agrupación","ระเบิดจลนศาสตร์แห่งการรวมระเบิด","力量爆破．聚集","Fires a projectile from a Wand that causes a series of area explosions in a secondary radius around its point of impact, each damaging enemies.","Un projectile de baguette qui provoque une série de petites explosions autour de son point d'impact, chacune endommageant les ennemis dans la zone d'effet.","Schießt ein Projektil aus einem Zauberstab, das eine Reihe von Flächenexplosionen in einem sekundären Radius um den Aufprallpunkt herum verursacht, die jeweils Gegner verletzen.","ワンドから投射物を放ち、着弾点の周囲の二次半径の範囲で一連の範囲爆発を引き起こし、それぞれ敵にダメージを与える。","마법봉에서 투사체를 발사하여 충돌 지점 주위의 2차 반경에 일정 범위의 폭발을 연달아 일으킵니다. 각 폭발은 적에게 피해를 줍니다.","Você dispara um projétil de varinha que causa várias explosões em área ao redor do ponto de impacto, e cada uma delas causa dano aos inimigos.","Выпускает из жезла снаряд, который создаёт вокруг места попадания несколько взрывов, наносящих урон врагам.","Dispara un proyectil con una varita que provoca una serie de explosiones en área en un radio secundario alrededor de su punto de impacto, y cada una de ellas daña a los enemigos.","Kinetic Blast of Clustering\r\nยิงโพรเจกไทล์จาก ไม้กายสิทธิ์ ซึ่งจะสร้างระเบิดชุดหนึ่งในรัศมีรองรอบจุดที่กระทบ สร้างความเสียหายต่อศัตรูด้วยระเบิดแต่ละครั้ง","從法杖發射一個投射物，在衝擊點周圍的第二範圍內造成一連串範圍爆破，每次都會對敵人造成傷害。",28,100,"",16356,""
168,1592,1,"[120,121,122,148,149,150,174,175,176,0,1,90,91,92,83,84,85,86,87,88]","","Power Siphon","Siphon de pouvoir","Energieentladung","パワーサイフォン","권능 착취","Sifão de Poder","Перелив энергии","Robo de poder","ดูดพลัง","力量抽取","Fires your wand to fire a single projectile each at a number of nearby enemies, granting a power charge if an enemy is killed by, or soon after, the hit.","Une attaque à la baguette qui envoie un projectile sur un certain nombre d'ennemis à proximité, octroyant une charge de pouvoir si un ennemi est tué par l'attaque ou peu de temps après.","Feuert mit dem Zauberstab jeweils ein einzelnes Projektil auf eine Anzahl von Gegnern im Umkreis und gewährt eine Energie-Ladung, falls ein Gegner von dem Treffer oder kurz danach getötet wird.","近くの各敵に向かってワンドから投射物を1個放つ。ヒットにより敵が倒されるか、ヒットの直後に敵が倒されるとパワーチャージを付与する。","마법봉에서 주변의 여러 적을 향해 투사체를 1개씩 발사하고, 적이 피격으로 인해 또는 피격 직후 사망하면 권능 충전을 획득합니다.","Dispara com sua varinha, lançando um projétil em vários inimigos próximos. Ganha uma carga de poder se matar um inimigo com o golpe ou logo depois.","Выпускает из жезла по одному снаряду в нескольких ближайших врагов. Если враг умирает от нанесения удара или вскоре после, дарует заряд энергии.","Dispara tu varita para lanzar un único proyectil a varios enemigos cercanos, que te otorga una carga de poder si un enemigo muere por el impacto o poco después de él.","Power Siphon\r\nใช้ไม้กายสิทธิ์ยิงโพรเจกไทล์ไปยังศัตรูที่อยู่ใกล้จำนวนหนึ่ง ทำให้ได้รับ Power Charge 1 ลูกหากศัตรูถูกสังหารจากการปะทะนี้หรือหลังจากนั้นไม่นาน","以你的法杖對附近數個敵人各發射一個投射物，在擊中時或其後不久擊殺敵人，會賦予一個暴擊球。",12,100,"",26705,""
169,3161,2,"[120,121,122,0,1,154,155,156,90,91,92,148,149,150,174,175,176,83,84,85,86,87,88]","","Barrage","Tir de barrage","Sperrfeuer","バラージ","연발 사격","Barragem","Очередь","Aluvión","ระดมยิง","彈幕","Fires individual projectiles repeatedly with a Bow or Wand. These projectiles have a small randomised spread.","Tire une succession de projectiles individuels avec un arc ou une baguette. Ces attaques ont une légère dispersion aléatoire.","Feuert wiederholt einzelne Projektile mit einem Bogen oder einem Zauberstab. Diese Projektile haben einen kleinen zufälligen Radius.","弓またはワンドで独立した投射物を繰り返し放つ。この攻撃はわずかにランダムなばらつきを持つ。","활이나 마법봉으로 별개의 투사체들을 연속으로 발사합니다. 이 투사체는 무작위로 좁은 범위에 확산됩니다.","Dispara projéteis repetidamente com um arco ou uma varinha, um de cada vez, com uma pequena dispersão aleatória.","Многократно выпускает отдельные снаряды из лука или жезла. Снаряды имеют небольшой разброс.","Dispara proyectiles individuales repetidamente con un arco o una varita. Estos proyectiles tienen una pequeña dispersión aleatoria.","Barrage\r\nยิงโพรเจกไทล์แต่ละลูกซ้ำๆ ด้วย ธนูหรือไม้กายสิทธิ์ การโจมตีเหล่านี้มีการกระจายแบบสุ่มขนาดเล็ก","以弓或法杖重複發射個別投射物。這些投射物具有些許隨機的擴散。",12,100,"",1356,""
170,4601,2,"[65,66,67,159,0,1,154,155,156,90,91,92,148,149,150,174,175,176,22,83,84,85,86,87,88]","","Greater Kinetic Blast","Explosion cinétique majeure","Größere Kinetische Explosion","グレーターキネティックブラスト","상위 역학 폭발","Explosão Cinética Maior","Великий кинетический взрыв","Explosión cinética superior","ลูกพลังจลนศาสตร์ชั้นสูง","高階力量爆破","Fires many projectiles from a Wand that cause series' of area explosions in a secondary radius around their points of impact, each damaging enemies.","Des projectiles de baguette qui provoquent des séries de petites explosions autour de leurs points d'impact, chacune endommageant les ennemis dans la zone d'effet.","Schießt viele Projektile aus einem Zauberstab, die eine Reihe von Flächenexplosionen in einem sekundären Radius um ihre Aufprallpunkte herum verursachen, die jeweils Gegner verletzen.","ワンドから複数の投射物を放ち、着弾点の周囲の二次半径の範囲で一連の範囲爆発を引き起こし、それぞれ敵にダメージを与える。","마법봉에서 투사체를 여러 개 발사하여 충돌 지점 주위의 2차 반경에 일정 범위의 폭발을 연달아 일으킵니다. 각 폭발은 적에게 피해를 줍니다.","Dispara muitos projéteis com uma varinha, que criam sequências de explosões em área ao redor do impacto, causando dano aos inimigos.","Выпускает из жезла множество снарядов, которые создают вокруг места попадания несколько взрывов, наносящих урон врагам.","Dispara muchos proyectiles desde una varita que provocan una serie de explosiones en área en un radio secundario alrededor de sus puntos de impacto, y cada una de ellas daña a los enemigos.","Greater Kinetic Blast\r\nยิงโพรเจกไทล์หลายลูกจาก ไม้กายสิทธิ์ ซึ่งจะสร้างระเบิดชุดหนึ่งในรัศมีรองรอบจุดที่กระทบ สร้างความเสียหายต่อศัตรูด้วยระเบิดแต่ละครั้ง","從法杖發射許多投射物，在它們衝擊點周圍的第二範圍內造成一系列範圍爆破，每次都會對敵人造成傷害。",28,100,1,44258,""
171,4836,0,"[180,181,182,232,233,234,49,50,51,65,66,67]","","Inspiring Cry","Cri exaltant","Inspirierender Schrei","インスパイアリングクライ","격려의 함성","Clamor Inspirador","Вдохновляющий клич","Grito inspirador","คำรามบันดาลใจ","振奮戰吼","Taunts nearby enemies while granting increased damage and mana regeneration rate to nearby allies.","Provoque les ennemis à proximité et octroie une augmentation de dégâts et de régénération de mana aux alliés à proximité.","Verspottet Gegner im Umkreis und gewährt Verbündeten im Umkreis erhöhten Schaden und Manaregeneration.","近くの敵を挑発し、近くの味方にダメージおよびマナ自動回復レート増加を付与する。","주변의 적들을 도발하면서 주변 동료들의 피해와 마나 재생 속도를 증가시킵니다.","Provoca os inimigos próximos, aumentando o dano e a regeneração de mana dos aliados ao redor.","Провоцирует ближайших врагов, одновременно даруя повышенный урон и скорость регенерации маны ближайшим союзникам.","Provoca a los enemigos cercanos y otorga daño aumentado y regeneración de maná a los aliados cercanos.","Inspiring Cry\r\nยั่วยุศัตรูที่อยู่ใกล้พร้อมทำให้เพื่อนที่อยู่ใกล้มีความเสียหายและการ ฟื้นฟูมานา เพิ่มขึ้น","嘲諷附近的敵人，同時使附近友方增加傷害和魔力回復率。",12,100,"",65473,""
172,1165,0,"[11,12,232,233,234,37,38,39,58]","","Elemental Weakness","Sensibilité aux éléments","Elementarempfindlichkeit","エレメンタルウィークネス","원소 약화","Fraqueza Elemental","Уязвимость к стихиям","Debilidad elemental","แพ้ธาตุ","元素要害","Curses all targets in an area, lowering their elemental resistances.","Maudit tous les ennemis dans une zone, réduisant leurs résistances élémentaires.","Verflucht alle Ziele in einem Bereich und verringert ihre Elementarwiderstände.","範囲内の敵を全員呪い、敵の元素耐性を下げる。","범위 내 모든 대상에게 저주를 걸어 원소 저항을 낮춥니다.","Amaldiçoa os alvos em uma área, reduzindo sua resistência a dano elemental.","Проклинает всех врагов в области, снижая их сопротивления стихиям.","Maldice a todos los objetivos en un área para disminuir sus resistencias elementales.","Elemental Weakness\r\nสาปทุกเป้าหมายในพื้นที่ ทำให้พวกมันมีค่าต้านทาน ธาตุ น้อยลง","詛咒區域內所有目標，受到詛咒的敵人對於元素的抗性將會降低。",24,100,"",5689,""
173,10872,1,"[120,121,122,0,1,49,50,51,108,217,218,219,109]","","Ensnaring Arrow","Flèche d'empêtrement","Fesselnder Pfeil","エンスネアリングアロー","올가미 화살","Flecha Emaranhante","Стрела ловчего","Flecha atrapante","ศรบ่วง","誘捕箭矢","Fires an arrow that remains in the ground behind its final target, tethering that enemy to it. Ensnared enemies have less movement speed while trying to break the snare. The snare will break if they leave the area of effect.","Tire une flèche qui se plante dans le sol derrière la dernière cible qu'elle touche, tout en se liant à elle. Les ennemis liés par ces flèches ont une perte de vitesse de déplacement tant qu'ils essayent de se libérer de ces liens. S'ils parviennent à quitter la zone d'effet, le lien se rompt.","Feuert einen Pfeil, der im Boden hinter seinem letzten Ziel verbleibt und den Gegner daran fesselt. Gefesselte Gegner verfügen über weniger Bewegungsgeschwindigkeit, während sie versuchen, die Fessel zu lösen. Die Fessel wird gelöst, wenn der Gegner den Wirkungsbereich verlässt.","最終ターゲットの背後の地面に刺さり、敵をその位置に縛り付ける矢を放つ。スネアを壊そうとしている間は移動スピードが低下する。敵が効果範囲外に移動するとスネアは壊れる。","마지막 대상 후방 지면에 머무는 화살을 발사하여 해당 적을 옭아맵니다. 올가미에 걸린 적은 올가미에서 벗어나려 하는 동안 이동 속도가 감폭됩니다. 적이 효과 범위를 벗어나면 올가미는 파괴됩니다.","Dispara uma flecha que fica cravada no chão atrás do alvo final, prendendo-o no local. Inimigos emaranhados se movem mais devagar na tentativa de se soltar. Os inimigos se libertam ao sair da área de efeito.","Выпускает стрелу, которая остаётся в земле за конечной целью, привязывая этого врага к ней. Пойманные враги имеют меньшую скорость передвижения, пока пытаются сломать силок. Силок ломается, если они покинут область действия.","Dispara una flecha que permanece en el suelo detrás de su objetivo final y lo ata a ella. Los enemigos atrapados tienen menos velocidad de movimiento mientras tratan de liberarse. La atadura se romperá si el enemigo abandona el área de efecto.","Ensnaring Arrow\r\nยิงศรที่จะเกาะอยู่กับพื้นด้านหลังเป้าหมายสุดท้ายที่มันปะทะพร้อมกับล่ามศัตรูตัวนั้นไว้ ศัตรูที่ถูกบ่วงล่ามจะมีความเร็วในการเคลื่อนที่ลดลง อีก ขณะที่มันพยายามหนีจากบ่วง และบ่วงจะขาดก็ต่อเมื่อศัตรูออกไปจากพื้นที่ส่งผล","朝最終目標後的地面發射一支箭矢，並栓住靠近的敵人。被誘捕的敵人試圖逃脫誘捕時有較少的移動速度。若敵人離開效果範圍，誘捕將失效。",16,100,1,12667,""
174,4043,3,[],"","Poacher's Mark","Marque du braconnier","Mal des Wilderers","ポーチャーの呪印","밀렵꾼의 징표","Marca do Larápio","Метка браконьера","Señal del cazador furtivo","คำแช่งนายพราน","盜獵者印記","Curses an enemy, lowering their physical damage reduction, and adding physical damage to all hits against them. Attacking the cursed enemy will grant life and mana, and killing them will grant a frenzy charge. ","Maudit l'ennemi ciblé, diminuant sa réduction des dégâts physiques et ajoutant des dégâts physiques supplémentaires aux touches qu'il subit. Les personnages qui attaquent l'ennemi maudit gagnent de la vie et du mana, ainsi qu'une charge de frénésie s'ils le tuent.","Verflucht einen Gegner, verringert seine physische Schadensminderung und fügt allen Treffern gegen ihn physischen Schaden hinzu. Wird der Gegner angegriffen, gewährt dies Leben und Mana und bei Tötung eine Raserei-Ladung. ","敵一体に呪いをかけ物理ダメージ軽減率を下げ、その敵へのヒットに物理ダメージを追加する。呪いのかかった敵にアタックを行うとライフとマナが得られ、倒すとフレンジーチャージを得ることができる。","적에게 저주를 걸어 물리 피해 감소를 낮추고, 해당 적 명중 시 물리 피해를 추가합니다. 저주에 걸린 적을 공격하면 생명력과 마나를 획득하고, 처치하면 격분 충전을 얻습니다.","Amaldiçoa um inimigo, reduzindo sua defesa física e aumentando o dano físico em todos os ataques contra ele. Atacar o alvo amaldiçoado recupera vida e mana, e matá-lo gera uma carga de frenesi.","Проклинает врага, снижая уменьшение получаемого им физического урона и добавляя физический урон ко всем ударам по нему. При атаке проклятого врага дарует здоровье и ману, а при убийстве – заряд ярости.","Maldice a un enemigo, lo cual disminuye su reducción de daño físico y agrega daño físico a todos los impactos contra él. Atacar al enemigo maldito otorgará vida y maná y matarlo otorgará una carga de frenesí.","Poacher's Mark\r\nสาปศัตรู ทำให้มันมีค่าป้องกันกายภาพลดลงและทำให้มันได้รับความเสียหาย กายภาพ เพิ่มเติม จากการปะทะ ทุกชนิด การโจมตีเป้าหมายที่ถูกสาปจะให้ พลังชีวิตและมานา และการสังหารมันจะให้ Frenzy Charge 1 ลูก","詛咒一個敵人，降低其物理傷害減免，且對他們的擊中附加物理傷害。在攻擊受詛咒的敵人時會獲得生命和魔力，將其擊殺時會獲得狂怒球。",16,100,"",27805,""
175,9503,2,"[120,121,122,154,155,156,232,233,234,217,218,219,164,165,166,110,111,112]","","Rain of Arrows of Saturation","Pluie de flèches de la Saturation","Pfeilregen der Flächendeckung","飽和のレインオブアロー","포화의 화살비","Chuva de Flechas da Saturação","Ливень стрел насыщения","Lluvia de flechas de saturación","ฝนลูกธนูแห่งการความท่วมท้น","箭雨．飽和","Fires multiple arrows into the air, to slowly land in sequence after a delay, starting at the targeted location and spreading outwards in all directions. Each arrow deals damage in an area around it. Half of the arrows will land directly on targets if there are targets in their range.","Un tir qui envoie un grand nombre de flèches dans les airs, avant de les faire s'abattre lentement à l'endroit ciblé après un court délai. La pluie de flèches s'abat en premier à l'endroit ciblé, avant de se propager dans toutes les directions à la fois. Chaque flèche inflige des dégâts de zone. S'il y a des cibles à portée, la moitié des flèches s'abat directement sur elles.","Feuert mehrere Pfeile in die Luft, die nach einer Verzögerung langsam nacheinander landen. Die Pfeile landen zunächst am Zielort und verteilen sich nach außen hin in alle Richtungen. Jeder Pfeil verursacht Schaden in einem Bereich um ihn herum. Die Hälfte der Pfeile landet direkt auf Zielen, sofern sich Ziele in Reichweite befinden.","多数の矢を空中に放ち、ディレイの後対象位置から周囲に広がりながら矢が連続してゆっくり着弾する。全ての矢はそれぞれその周囲にダメージを与える。矢の範囲内に対象がいれば矢の半分は対象に直接着弾する。","공중으로 다수의 화살을 쏩니다. 화살은 잠시 후 대상 지점부터 천천히 차례로 떨어지며 사방으로 퍼져나갑니다. 각각의 화살은 주위의 범위에 피해를 줍니다. 범위 내에 적이 있을 경우 화살의 절반은 곧장 적에게 날아갑니다.","Dispara muitas flechas para o alto, que caem lentamente em sequência após um período, começando no local escolhido e espalhando-se em todas as direções. As flechas causam danos na área onde caem. Metade delas cai diretamente nos alvos, se estiverem ao alcance.","Пускает в небо множество стрел, которые вскоре медленно по очереди падают в указанное место и вокруг него во всех направлениях. Каждая стрела наносит урон в области вокруг неё. Половина стрел приземлится на врагов, если в области действия есть доступные цели.","Dispara múltiples flechas al aire que caen lentamente en secuencia tras una demora. Comienzan a caer en la ubicación objetivo y se extienden hacia el exterior en todas direcciones. Cada flecha inflige daño en un área a su alrededor. La mitad de las flechas caerán directamente sobre los objetivos si hay objetivos a su alcance.","Rain of Arrows of Saturation\r\nยิงศรหลายดอกขึ้นสู่ฟากฟ้า ซึ่งจะค่อยๆ ตกลงมาเป็นชุดอย่างช้าๆ เริ่มจากตำแหน่งเป้าหมายและกระจายออกไปรอบทิศทาง ศรแต่ละดอกจะสร้างความเสียหายในพื้นที่รอบๆ จุดที่มันตก และศรครึ่งหนึ่งจะตกที่เป้าหมายโดยตรงหากมีเป้าหมายอยู่ในระยะ","對空射出無數箭矢，並在一段時間後緩慢地接連落下，最先降落於目標區域並擴散至外圍地區。每支箭矢都會對附近造成傷害。一半的箭矢會直接攻擊於範圍內的目標。",12,100,1,40759,""
176,5160,2,"[120,121,122,154,155,234,217,218,219,164,165,166,110,111,112,0,1,114,129,130,131]","","Siege Ballista of Trarthus","Baliste de siège de Trarthus","Belagerungsballiste von Trarthus","トラーサスのシージバリスタ","트라투스의 공성 쇠뇌","Balista de Cerco de Trarthus","Осадная баллиста Тератны","Balista de asedio de Trarthus","ป้อมเครื่องยิงทลายกำแพงแห่งทาร์ทัส","特拉特斯攻城炮台","Summons a ring of ballista totems around a targeted location. These ballistae fire once at the targeted location and then expire.","Invoque un cercle de Totems balistes autour de l'emplacement ciblé. Ces balistes tirent une seule fois vers l'emplacement ciblé, puis disparaissent.","Beschwört einen Ring aus Ballistentotems um einen Zielort herum. Diese Ballisten feuern einmalig auf den Zielort und verschwinden dann.","指定した地点の周囲にバリスタトーテムをリング状に召喚する。このバリスタは指定した地点に一度だけ矢を放つと効果が切れる。","대상 지점 주위에 원형으로 쇠뇌 토템을 소환합니다. 이 쇠뇌들은 동시에 대상 지점을 향해 화살을 발사한 후 만료됩니다.","Cria um círculo de totens balista ao redor do local escolhido. As balistas disparam uma vez contra o local e depois desaparecem.","Устанавливает кольцо тотемов-баллист вокруг указанной точки. Эти баллисты совершают один выстрел в указанную точку и затем исчезают.","Invoca un círculo de tótems balista alrededor de una ubicación objetivo. Estas balistas disparan una vez a la ubicación objetivo y luego expiran.","Siege Ballista of Trarthus\r\nอัญเชิญ โทเทมป้อมเครื่องยิง ออกมาเป็นวงแหวนรอบตำแหน่งเป้าหมาย เครื่องยิงเหล่านี้จะยิงไปยังตำแหน่งเป้าหมายครั้งเดียวแล้วสลายไป","在目標區域周圍召喚一道砲塔圖騰環。這些砲塔對目標區域開火一次後消失。",12,100,1,44144,""
177,3990,2,"[120,121,122,154,155,234,217,218,219,164,165,166,110,111,112,0,1,115,113,6,7,74,22]","","Tornado Shot","Tornade de flèches","Tornadoschuss","トルネードショット","회오리 사격","Disparo Tornado","Вихрь стрел","Disparo de tornado","ศรสลาตัน","龍捲射擊","Fires a piercing shot that travels until it reaches the targeted location. It will then fire projectiles out in all directions from that point, which will travel for a short time before disappearing.","Tire un projectile transperçant qui, une fois l'emplacement ciblé atteint, envoie des flèches dans toutes les directions à partir de ce point. Ces flèches disparaissent après avoir parcouru une courte distance.","Feuert einen durchbohrenden Schuss, der bis zum Ziel fliegt und von dort aus Projektile in alle Richtungen feuert, die eine kurze Zeit fliegen, bevor sie verschwinden.","指定位置にたどり着くまで貫通しながら飛ぶ投射物を放つ。指定位置にたどり着いた時、その投射物は短い間移動してから消える複数の投射物を放射状に放つ。","사격 시 주변을 관통하여 목표 지점에 도달할 때까지 날아갑니다. 목표 지점에 도달한 후 사방으로 투사체를 발사하는데, 이 투사체는 짧은 시간 동안 날아간 후 사라집니다.","Dispara um projétil perfurante que voa até o local escolhido e, de lá, dispara projéteis em todas as direções, que voam brevemente antes de desaparecer.","Пускает пронзающую стрелу, которая долетает до указанного места и сама пускает снаряды во все стороны. Пройдя небольшое расстояние, эти снаряды вскоре исчезают.","Dispara un tiro perforante que viaja hasta alcanzar la ubicación objetivo. Desde ese punto, disparará proyectiles en todas direcciones que viajarán durante una distancia corta hasta desaparecer.","Tornado Shot\r\nยิงศรเจาะทะลุที่จะพุ่งไปข้างหน้าจนกว่าจะถึงตำแหน่งเป้าหมาย แล้วยิงโพรเจกไทล์ออกรอบทิศทางจากจุดนั้น ซึ่งจะเคลื่อนที่ออกไปเป็นระยะเวลาสั้นๆ ก่อนที่จะหายไป","射出一支穿透之箭直到它抵達目標地點。當它抵達目標地後，會在該地產生一道龍捲，朝所有方向射出投射物，在飛行一段距離後消逝。",28,100,"",8030,""
178,10865,2,"[120,121,122,154,155,234,217,218,219,164,165,166,110,111,112,0,1,114,129,130,131,171,172,173]","","Shrapnel Ballista","Baliste à shrapnel","Schrapnell-Balliste","シュラプネルバリスタ","파편 쇠뇌","Balista de Estrepes","Осколочная баллиста","Balista de metralla","ป้อมเครื่องยิงแตกอากาศ","彈片砲塔","Summons a ballista totem that fires multiple arrows with extreme force, breaking them apart into shrapnel. Enemies can be hit by multiple arrows from the same attack.","Invoque un Totem baliste qui tire plusieurs flèches avec une telle violence qu'elles se brisent en fragments de shrapnel. Les ennemis peuvent être touchés par plusieurs flèches provenant de la même attaque.","Beschwört ein Ballistentotem, das mehrere Pfeile mit starker Wucht abfeuert, wodurch diese in Schrapnells zerbrechen. Gegner können von mehreren Pfeilen desselben Angriffs getroffen werden.","複数の矢を強力な力で発射し矢をバラバラにし散弾として飛ばすバリスタトーテムを召喚する。敵は一度の攻撃で複数の矢を受けることがある。","극한의 힘으로 다수의 화살을 발사하여 파편화하는 쇠뇌 토템을 소환합니다. 한 번의 공격으로 적들에게 여러 개의 화살을 명중시킬 수 있습니다.","Cria um totem balista que dispara várias flechas com enorme força, que se estilhaçam em fragmentos. Os inimigos podem ser atingidos por várias flechas do mesmo ataque.","Устанавливает тотем-баллисту, который с чрезвычайной силой стреляет несколькими стрелами, разбивая их на осколки. Противники могут быть поражены несколькими стрелами из одной атаки.","Invoca un tótem balista que dispara múltiples flechas con una fuerza tan extrema que las descompone y las convierte en metralla. Los enemigos pueden recibir los impactos de múltiples flechas de un mismo ataque.","Shrapnel Ballista\r\nอัญเชิญ โทเทมป้อมเครื่องยิง ที่จะยิงศรหลายดอกด้วยพลังมหาศาลจนแตกกระจายกลางอากาศ ศรสามารถปะทะศัตรูตัวเดียวกันได้หลายดอกในการโจมตีครั้งเดียว","召喚一個砲塔圖騰，以極為強勁的力量發射多支箭矢，使其破裂成彈片。敵人可被同一攻擊的多支箭矢擊中。",4,100,1,61903,""
179,12361,2,"[120,121,122,0,1,217,218,219,142,151,152,153,154,155,156,164,165,166]","","Greater Split Arrow","Flèches multiples majeures","Größerer Pfeilfächer","グレータースプリットアロー","상위 분할 화살","Flecha Dividida Maior","Великая расколотая стрела","Flecha dividida superior","ศรแยกชั้นสูง","高階裂化箭矢","Fires multiple arrows which redirect and split midair multiple times.","Tire plusieurs flèches qui changent de trajectoire et se divisent à plusieurs reprises en plein vol.","Feuert mehrere Pfeile, die sich in der Luft mehrfach teilen und die Richtung wechseln.","空中で何度も方向転換と分裂を繰り返す複数の矢を放つ。","공중에서 방향을 바꾸며 여러 번 분할되는 화살을 여러 개 발사합니다.","Dispara várias flechas que mudam de direção e se dividem várias vezes no ar.","Пускает несколько стрел, которые несколько раз меняют направление и разделяются в полёте.","Dispara múltiples flechas que se redirigen y se dividen varias veces en el aire.","Greater Split Arrow\r\nยิงศรจำนวนมากที่เปลี่ยนทิศและแยกกลางอากาศหลายครั้ง","發射數支箭矢，它們會在空中轉向和裂化多次。",28,100,1,8546,""
180,396,2,"[120,121,122,0,1,217,218,219,142,151,152,153,154,155,156,164,165,166,6,7,171,172,173,23,24,25]","","Split Arrow","Flèches multiples","Pfeilfächer","スプリットアロー","분할 화살","Flecha Dividida","Расколотая стрела","Flecha dividida","ศรแยก","裂化箭矢","Fires multiple arrows at different targets.","Tire plusieurs flèches vers des cibles différentes.","Schießt mehrere Pfeile auf verschiedene Ziele.","異なる対象に複数の矢を放つ。","여러 개의 화살을 각기 다른 대상에게 발사합니다.","Dispara várias flechas em alvos diferentes.","Пускает несколько стрел в разные цели.","Dispara múltiples flechas a diferentes objetivos.","Split Arrow\r\nยิงศรจำนวนมากไปที่เป้าหมายที่ต่างกัน","對不同的目標射出多重箭矢。",1,100,"",43202,""
181,1923,2,"[55,56,57,49,50,51,120,121,122,164,165,166,126,127,128,103,104,105,171,172,173,0,1,6,7,22]",1924,"Puncture","Saignée","Durchstoßen","パンクチャー","관통상","Punção","Надрез","Punción","กรีดเลือด","放血","Fires a puncturing arrow, which causes a bleeding debuff affected by modifiers to skill duration.","Tire une flèche perforante qui inflige un effet néfaste de saignement, affecté par les modificateurs de durée des aptitudes.","Feuert einen durchstoßenden Pfeil und verursacht die Schwächung Bluten, die durch die Modifikatoren der Fertigkeitsdauer beeinflusst wird.","突き破る矢を放ち、出血のデバフを付与する。このデバフはスキル持続時間のモッドの影響を受ける。","구멍을 뚫는 화살을 발사해, 스킬 지속시간 관련 속성에 영향을 받는 출혈 디버프를 유발합니다.","Dispara uma flecha perfurante que causa sangramento cuja duração é influenciada por modificadores de habilidade.","Пускает пронзающую стрелу, накладывающую кровотечение, на которое действуют модификаторы длительности умения.","Dispara una flecha punzante que provoca un efecto nocivo de sangrado al que le afectan los modificadores de duración de las habilidades.","Puncture\r\nยิงศรกรีดเลือดเพื่อสร้างดีบัฟ เลือดไหล ที่ได้รับผลจากม็อดที่ส่งผลต่อ ระยะเวลาของสกิล","發射一枚可穿透的箭矢，造成流血減益效果，並且會受到技能持續時間的詞綴影響。",4,100,"",30431,""
182,1944,2,"[42,71,72,73,120,121,122,90,91,92,0,1,142,74,5,22,86,87,88]","","Lightning Arrow","Flèche de foudre","Blitzpfeil","ライトニングアロー","번개 화살","Flecha Relampejante","Стрела молнии","Flecha de rayo","ศรสายฟ้า","閃電箭矢","Fires a charged arrow which damages enemies by causing them to be struck by a bolt of lightning, which also damages a number of surrounding enemies.","Tire une flèche chargée d'électricité. Si un ennemi est touché, la foudre s'abat sur lui, et inflige également des dégâts à un certain nombre d'ennemis proches.","Feuert einen geladenen Pfeil, der an Gegnern Schaden verursacht, indem sie von Blitzen getroffen werden, die auch an Gegnern im Umkreis Schaden verursachen.","帯電した矢を対象に放つ。その矢に雷が落ち敵にダメージを与えると共に、周囲の多数の敵にもダメージを与える。","번개로 충전된 화살을 발사합니다. 화살은 적들에게 번개를 내려쳐 피해를 주고, 주위에 있는 다수의 적에게도 피해를 줍니다.","Dispara uma flecha energizada que atinge os inimigos com um relâmpago, causando dano a eles e a vários inimigos ao redor.","Пускает заряженную стрелу, которая поражает врага ударом молнии, также наносящим урон нескольким окружающим противникам.","Dispara una flecha cargada que inflige daño a los enemigos haciendo que les caiga una descarga de rayo que también daña a varios enemigos circundantes.","Lightning Arrow\r\nยิงศรชาร์จพลังที่สร้างความเสียหายต่อศัตรูด้วยการทำให้พวกมันโดนสายฟ้าฟาด ซึ่งสร้างความเสียหายต่อศัตรูที่อยู่รอบสายฟ้าจำนวนหนึ่งเช่นกัน","發射一支帶電箭矢，使敵人遭受雷電打擊而受到傷害，同時也會對周圍幾個敵人造成傷害。",12,100,"",41051,""
183,12345,2,"[42,71,72,73,120,121,122,90,91,92,0,1,6,7,22,257,86,87,88]","","Vaal Lightning Arrow","Flèche de foudre vaal","Vaal-Blitzpfeil","ヴァールライトニングアロー","바알 번개 화살","Flecha Relampejante Vaal","Стрела молнии ваал","Flecha de rayo vaal","วาล์ ศรสายฟ้า","瓦爾．閃電箭矢","Fires charged arrows, which repeatedly travel for a short time before changing direction. When they hit enemies, they are struck by a bolt of lightning which damages a number of surrounding enemies.","Tire des flèches chargées d'électricité qui changent à plusieurs reprises de direction lors de leur trajet. Lorsqu'elles touchent des ennemis, la foudre s'abat sur eux et inflige des dégâts à un certain nombre d'ennemis proches.","Feuert geladene Pfeile, die wiederholt für kurze Zeit fliegen, bevor sie die Richtung wechseln. Wenn sie auf Gegner treffen, werden diese von einem Blitzschlag getroffen, der Schaden an einer Anzahl von Gegnern im Umkreis verursacht.","帯電した矢を対象に放つ。その矢は飛んでは方向を繰り返し変える。矢が敵に当たると、その矢には雷が落ち、周囲の多数の敵にダメージを与える。","번개로 충전된 화살을 발사합니다. 화살은 짧은 시간 동안 이동한 후 방향을 전환하기를 반복하며, 적에게 명중하면 주변에 있는 다수의 적도 함께 피해를 받습니다.","Dispara flechas energizadas que voam brevemente e mudam de direção várias vezes. Quando atingem os alvos, um relâmpago cai sobre eles, causando dano a vários inimigos próximos.","Пускает грозовые стрелы, которые несколько раз быстро меняют направление своего движения. При попадании по врагам их поражает молния, которая ранит нескольких окружающих противников.","Dispara flechas cargadas que viajan continuamente durante un corto periodo de tiempo antes de cambiar de dirección. Cuando impactan a los enemigos, estos reciben una descarga de rayo que daña a una cierta cantidad de enemigos circundantes.","Vaal Lightning Arrow\r\nยิงศรชาร์จพลังหลายดอก ที่จะเคลื่อนที่ออกไปหลายครั้งเป็นระยะเวลาสั้นๆ แล้วเปลี่ยนทิศทางใหม่ เมื่อศรเหล่านี้ปะทะศัตรู มันจะโดนสายฟ้าฟาด ซึ่งสร้างความเสียหายต่อศัตรูที่อยู่รอบสายฟ้าจำนวนหนึ่ง","射出多支充滿閃電能量的箭矢，會在改變方向前不斷移動一小段時間。當它們擊中敵人時，使雷電擊中附近一群敵人。",28,100,1,22000,""
184,12014,2,"[42,71,72,73,120,121,122,90,91,92,0,1,41,232,233,234,123,124,125,86,87,88]","","Storm Rain","Pluie électrique","Sturmregen","ストームレイン","폭풍우","Chuva Voltaica","Грозовой дождь","Lluvia de tormenta","ฝนสายฟ้า","暴風雷雨","Fires an arrow into the air to land at a targeted location, dealing area damage. The arrow sticks in the ground where it lands, and periodically fires a beam of lightning to another arrow near it, dealing area damage between them.","Tire une flèche dans les airs qui retombe à l'endroit ciblé en infligeant des dégâts de zone. La flèche reste plantée dans le sol et envoie périodiquement des décharges électriques en direction d'une autre flèche plantée à proximité, infligeant ainsi des dégâts entre elles.","Feuert einen Pfeil in die Luft, der an einem Zielort landet und Flächenschaden verursacht. Der Pfeil bleibt bei der Landung im Boden stecken, wo er in regelmäßigen Abständen einen Blitzstrahl auf einen anderen Pfeil in der Nähe feuert, was Flächenschaden zwischen beiden Pfeilen verursacht.","空中向けてに矢を放ち、指定箇所に着弾させ、範囲ダメージを与える。矢は着弾地点に刺さり、付近の他の矢に向けて定期的に雷のビームを放ち、それらの間に範囲ダメージを与える。","공중으로 발사된 화살이 목표 지점에 꽂히며 범위 피해를 줍니다. 지면에 꽂힌 화살은 주변에 있는 또 다른 화살에 주기적으로 번개 광선을 방출하여 해당 화살과의 간격 거리에 범위 피해를 줍니다.","Dispara uma flecha para o alto, que cai no local escolhido e causa dano em área. A flecha fica cravada no chão e, periodicamente, dispara um raio para outra flecha próxima, causando dano em área entre elas.","Выпускает в воздух стрелу, которая приземляется в указанном месте, нанося урон по области. Стрела вонзается в землю в месте падения и периодически испускает разряд молнии в другую стрелу поблизости, нанося урон по области между ними.","Dispara una flecha al aire para que caiga en una ubicación objetivo e inflija daño en área. La flecha se clava en el suelo donde cae y dispara periódicamente un haz de rayo hacia otra flecha cercana. Este haz inflige daño en área entre ambas flechas.","Storm Rain\r\nยิงศรดอกหนึ่งขึ้นสู่ฟากฟ้าที่จะตกลงมายังตำแหน่งเป้าหมาย สร้างความเสียหาย พื้นที่ ในจุดที่ศรตกและปล่อยลำแสงสายฟ้าไปยังศรดอกอื่นที่อยู่ใกล้เป็นระยะ สร้างความเสียหาย พื้นที่ ระหว่างศรเหล่านั้น","向空中發射一支箭矢，落在目標位置，造成範圍傷害。箭矢會插入落地的地面上，並持續地向它附近的另一支箭矢發射一道閃電，在它們之間造成範圍傷害。",28,100,"",17216,""
185,10593,3,[],"","Precision","Justesse","Präzision","プレシジョン","정밀함","Precisão","Точность","Golpe preciso","เที่ยงตรง","精準","Casts an aura that grants accuracy and critical strike chance.","Une aura qui octroie de la précision et des chances de coup critique.","Zaubert eine Aura, die Genauigkeit und kritische Trefferchance gewährt.","命中力とクリティカル率を付与するオーラを纏う。","정확도와 치명타 확률을 부여하는 오라를 시전합니다.","Ativa uma aura que concede precisão e chance de golpe crítico.","Окружает аурой, которая даёт меткость и шанс критического удара.","Proyecta un aura que otorga precisión y probabilidad de golpe crítico.","Precision\r\nร่ายออร่าที่มอบความแม่นยำและโอกาสคริติคอล","施放一個光環，賦予額外的命中和暴擊率。",10,100,"",36279,""
186,1204,3,[],"","Assassin's Mark","Marque de l'assassin","Mal des Assassinen","アサシンの呪印","암살자의 징표","Marca do Assassino","Метка убийцы","Señal del asesino","คำแช่งนักฆ่า","刺客印記","Curses an enemy, making them more vulnerable to Critical Strikes. Killing the cursed enemy will grant life and mana, and a power charge.","Maudit un ennemi, le rendant plus vulnérable aux Coups critiques. Les personnages qui tuent cet ennemi gagnent de la vie, du mana et une charge de pouvoir.","Verflucht einen Gegner, wodurch dieser anfälliger für kritische Treffer wird. Wird der verfluchte Gegner getötet, erhaltet Ihr Leben und Mana sowie eine Energie-Ladung.","敵一体に呪いをかけ、クリティカルストライクへの耐性を下げる。呪われた敵を倒すと、ライフ、マナ、パワーチャージを獲得できる。","적에게 저주를 걸어 치명타 공격에 취약하게 만듭니다. 저주에 걸린 적 처치 시 생명력과 마나를 회복하고, 권능 충전을 얻습니다.","Amaldiçoa um inimigo, deixando-o mais vulnerável a golpes críticos. Matar o alvo amaldiçoado recupera vida e mana e concede uma carga de poder.","Проклинает врага, повышая его уязвимость к критическим ударам. Убийство проклятого врага дарует здоровье, ману и заряд энергии.","Maldice a un enemigo para que sea más vulnerable a los golpes críticos. Matar al enemigo maldito otorga vida, maná y una carga de poder.","Assassin's Mark\r\nสาปศัตรูตัวเดียว ทำให้มันมีโอกาสได้รับคริติคอลเพิ่มขึ้น การสังหารศัตรูที่ถูกสาปจะให้ พลังชีวิต, มานา, Power Charge 1 ลูก","詛咒一個敵人，使其更容易受到更多暴擊傷害。此外，在擊殺受詛咒的敵人時會獲得生命、魔力以及暴擊球。",16,100,"",47406,""
187,5294,2,"[42,71,72,73,120,121,122,90,91,92,0,1,74]","","Galvanic Arrow","Flèche galvanique","Galvanischer Pfeil","ガルヴァニックアロー","충격 화살","Flecha Galvânica","Электризующая стрела","Flecha galvánica","ศรกระแสไฟ","電流箭矢","Fire a trio of electrical arrows that quickly dissipate, vanishing shortly after being loosed. The arrows are fired with such force that they create a burst of lightning, damaging enemies in a cone in front of you.","Un tir de trio de flèches électriques qui se dissipent rapidement, puis disparaissent peu de temps après avoir été relâchées. Les flèches sont tirées avec une telle force qu'elles créent une explosion de foudre, endommageant tous les ennemis dans un cône devant vous.","Feuert ein Trio elektrischer Pfeile ab, die sich schnell zerstreuen und kurz danach verschwinden. Die Pfeile werden mit einer solchen Wucht abgefeuert, dass sie einen Blitz erzeugen, der bei Gegnern in einem kegelförmigen Bereich vor Euch Schaden verursacht.","放たれた後にすぐに劣化し消滅する3本の電気の矢を放つ。力強く放たれた矢は雷の爆発を生成し、円錐状の範囲にいる敵にダメージを与える。","전기 화살을 3개 발사합니다. 화살은 빠르게 흩어지며 발사 얼마 후에 사라집니다. 화살을 발사한 힘이 어찌나 강력한지, 번개 폭발이 일어나며 전방 부채꼴 범위 내의 적들에게 피해를 줍니다.","Dispara três flechas elétricas que desaparecem pouco depois de serem lançadas. Os projéteis voam com tanta força que geram uma explosão de raios, atingindo inimigos em uma área cônica à sua frente.","Выпускает три электрические стрелы, которые быстро рассеиваются, вскоре исчезая. Стрелы вылетают с такой силой, что создают разряд молнии, нанося урон врагам в конусе перед использовавшим умение.","Dispara un trio de flechas eléctricas que se disipan rápidamente y que se desvanecen poco después de lanzarse. Las flechas se disparan con tanta fuerza que crean un estallido de rayo que inflige daño a los enemigos en un cono delante de ti.","Galvanic Arrow\r\nยิงศรสายฟ้า 3 ดอกที่จะสลายหายไปอย่างรวดเร็ว ศรเหล่านี้ถูกยิงออกมาด้วยพลังแรงสูงเสียจนก่อให้เกิดพลังสายฟ้ารุนแรงซึ่งจะสร้างความเสียหายให้กับศัตรูในพื้นที่ทรงกรวยตรงหน้าคุณ","發射一組三支電之箭矢，這些箭矢會快速消散，在射出經過一小段時間即消失。發射出的箭矢具有強勁力量，會產生閃電爆發，對你前方扇形區域內的敵人造成傷害。",1,100,"",27165,""
188,1943,2,"[42,71,72,73,120,121,122,90,91,92,0,1,142,74,5,22,86,87,88]","","Greater Lightning Arrow","Flèche de foudre majeure","Größerer Blitzpfeil","グレーターライトニングアロー","상위 번개 화살","Flecha Relampejante Maior","Великая стрела молнии","Flecha de rayo superior","ศรสายฟ้าชั้นสูง","高階閃電箭矢","Fires multiple charged arrows which damage enemies by causing them to be struck by a bolt of lightning, which also damages a number of surrounding enemies. Lightning damage dealt by this skill has a chance to sap.","Tire plusieurs flèches chargées d'électricité. Si des ennemis sont touchés, la foudre s'abat sur eux, et inflige également des dégâts à un certain nombre d'ennemis proches. Les dégâts de foudre infligés par cette aptitudes ont des chances d'amoindrir.","Feuert mehrere geladene Pfeile, bei Gegnern Schaden verursachen, indem sie von Blitzen getroffen werden, die auch bei Gegnern im Umkreis Schaden verursachen. Von dieser Fertigkeit verursachter Blitzschaden hat eine Chance auf Auslaugen.","帯電した複数の矢を対象に放つ。その矢に雷が落ち敵にダメージを与えると共に、周囲の多数の敵にもダメージを与える。このスキルによる雷ダメージは、一定確率で敵に消耗を付与する。","번개로 충전된 화살을 여러 개 발사합니다. 화살은 적들에게 번개를 내려쳐 피해를 주고, 주위에 있는 다수의 적에게도 피해를 줍니다. 이 스킬로 주는 번개 피해는 일정 확률로 활력 감소를 유발합니다.","Dispara várias flechas energizadas que atingem os inimigos com um relâmpago, causando dano a eles e a vários inimigos ao redor. O dano de raio desse ataque pode enfraquecer os alvos.","Пускает несколько заряженных стрел, которые поражают врага ударом молнии, также наносящим урон нескольким окружающим противникам. Нанесённый этим умением урон от молнии может ошеломить.","Dispara múltiples flechas cargadas que infligen daño a los enemigos haciendo que les caiga una descarga de rayo que también daña a varios enemigos circundantes. El daño de rayo infligido por esta habilidad tiene una probabilidad de debilitar.","Greater Lightning Arrow\r\nยิงศรชาร์จพลังหลายดอกที่สร้างความเสียหายต่อศัตรูด้วยการทำให้พวกมันโดนสายฟ้าฟาด ซึ่งสร้างความเสียหายต่อศัตรูที่อยู่รอบสายฟ้าจำนวนหนึ่งเช่นกัน การสร้างความเสียหาย สายฟ้า ของสกิลนี้มีโอกาสสร้างสถานะ อ่อนแรง","發射多支帶電箭矢，使敵人遭受雷電打擊而受到傷害，同時也會對周圍幾個敵人造成傷害。此技能造成的閃電傷害有機率造成殘喘。",12,100,1,38993,""
189,188,2,"[120,121,122,232,233,234,116,117,118,164,165,166,217,218,219,119,191,192,229,230,231]",190,"Cleave","Taillade","Spalten","クリーヴ","회전베기","Cutilada","Рассечение","Hendidura","ปาด","劈砍","Swings equipped weapon in an arc, damaging monsters in an area. ","Attaque en arc de cercle avec l'arme équipée, endommageant les monstres dans une zone.","Schwingt die ausgerüstete Waffe bogenförmig in Richtung des Ziels und fügt Monstern vor ihm Schaden zu. ","装備している武器を弧をかくように振り、範囲内のモンスターにダメージを与える。","장착한 무기를 원호 형태로 휘둘러 일정 범위 내 몬스터들에게 피해를 줍니다.","Desfere um golpe em arco com a arma equipada, causando dano aos monstros em uma área.","Взмахивает оружием, описывая дугу и нанося урон врагам в области.","Golpea en arco con el arma equipada para infligir daño a los monstruos en un área.","Cleave\r\nเหวี่ยงอาวุธเป็นวงโค้ง สร้างความเสียหายต่อมอนสเตอร์ในพื้นที่ด้านหน้า","揮舞裝備的武器，劃出一道弧線，對一個區域內的怪物造成傷害。",1,100,"",8445,""
190,111,2,"[120,121,122,232,233,234,116,117,118,164,165,166,217,218,219,229,230,231,222,46,123,124,125]","","Leap Slam of Groundbreaking","Bond percutant de la Dévastation","Sprunghieb der Erdspaltung","鍬入れのリープスラム","땅 분쇄의 도약 강타","Salto Impactante Rompe-chão","Наскок сотрясения","Salto con impacto de quebrantamiento","กระโจนทุบแห่งการทลายปฐพี","躍擊．地破","Jump a short distance through the air, damaging and knocking back enemies with your weapon where you land. Enemies you would land on are pushed out of the way.","Un bond de courte distance dans les airs qui endommage les ennemis (et repousse certains d'entre eux) avec votre arme à l'atterrissage. Les ennemis sur lesquels vous atterrissez directement sont projetés hors de votre chemin.","Springt eine kurze Distanz durch die Luft, fügt Gegnern am Aufschlagpunkt Schaden mit Eurer Waffe zu und stoßt diese zurück. Gegner, auf denen Ihr landen würdet, werden aus dem Weg geschoben.","空中に短い距離飛び上がり、着地点にいる敵に武器でダメージを与え、敵をノックバックする。着地点にいる敵は押し出される。","공중으로 짧은 거리를 도약 후 착지하면서 무기로 적들에게 피해를 주고 밀쳐 냅니다. 착지 지점의 적은 바깥으로 밀려납니다.","Salta a poucos metros e golpeia com sua arma o local onde cair, causando dano e empurrando inimigos. Quem estiver no local da queda será empurrado para o lado.","Прыгает на небольшую дистанцию и приземляется в указанное место, наносит урон врагам своим оружием и отталкивает их. Враги, на которых приземлится атакующий, будут отброшены.","Saltas por los aires a una distancia corta para infligir daño y empujar a los enemigos con tu arma en el lugar donde caes. Empujas a los enemigos sobre los que caerías fuera de tu camino.","Leap Slam of Groundbreaking\r\nกระโดดขึ้นกลางอากาศระยะสั้นๆ เพื่อลงมาจู่โจมพื้นที่เป้าหมาย สร้างความเสียหายและผลักศัตรูออกไปด้วยอาวุธของคุณ คุณจะผลักศัตรูที่คุณทับออกไปให้พ้นทาง","朝空中躍起一小段距離，並在落地時以你的武器重擊並擊退範圍內的敵人。被踩到的敵人將會被推出去。",10,100,"",41915,""
191,5019,2,"[65,66,67,159,49,50,51,62,63,64,20,120,121,122,4,196,197,198]","","Vigilant Strike","Frappe du vigilant","Taktischer Schlag","ヴィジラントストライク","경계 타격","Golpe Vigilante","Расчётливый удар","Golpe de alerta","ฟาดอย่างระมัดระวัง","戒備打擊","Attacks enemies with a powerful melee strike which grants Fortification, reducing damage taken from hits. The cooldown can be bypassed by expending an Endurance Charge.","Une puissante attaque de mêlée qui octroie l'effet bénéfique Renforcement, réduisant les dégâts subis au toucher. Le temps de recharge peut être ignoré en dépensant une Charge d'endurance.","Greift Gegner mit einem mächtigen Nahkampfschlag an und gewährt Verstärkung, die den erlittenen Schaden durch Treffer verringert. Die Abklingzeit kann durch das Aufwenden einer Widerstands-Ladung umgangen werden.","ヒットから受けるダメージを軽減する堅牢化を得る、強力な近接強打で敵を攻撃する。エンデュランスチャージを消費することで、クールダウンを回避することができる。","강력한 근접 타격으로 적들을 공격하여 받는 명중 피해를 감소시키는 방어 상승을 획득합니다. 인내 충전을 소모하면 스킬을 즉시 사용할 수 있습니다.","Ataca os inimigos com um golpe corpo a corpo poderoso que concede Fortificação, reduzindo o dano dos golpes contra si. É possível ignorar o tempo de recarga ao consumir uma carga de tolerância.","Атакует врага сокрушительным ударом, получая при этом эффект Укрепления, снижающий входящий урон от ударов. Можно использовать даже во время перезарядки, поглотив заряд выносливости.","Ataca a los enemigos con un poderoso golpe cuerpo a cuerpo que otorga Fortificación, la cual reduce el daño que recibes de los impactos. Se puede evitar el tiempo de recarga gastando una carga de aguante.","Vigilant Strike\r\nโจมตีศัตรูด้วยการฟาดประชิดอย่างรุนแรงพร้อมให้สถานะ การตั้งมั่น ซึ่งจะลดความเสียหายที่ได้รับจากการปะทะ สามารถข้ามคูลดาวน์ได้ด้วยการใช้ Endurance Charge 1 ลูก","對敵人進行強力的近戰攻擊，賦予護體，減少承受的擊中傷害。冷卻時間可以透過消耗耐力球無視。",4,100,1,4988,""
192,1322,2,"[120,121,122,164,165,166,62,63,64,191,192,46,21,4,196,197,198,109]","","Heavy Strike of Vulnerability","Frappe massive de la Vulnérabilité","Heftiger Schlag der Verwundbarkeit","ヴァルネラビリティのヘビーストライク","취약성의 묵직한 타격","Golpe Pesado da Vulnerabilidade","Тяжёлый удар беззащитности","Golpe pesado de vulnerabilidad","ฟาดหนักหน่วงแห่งความบอบบาง","沉重之擊．脆弱","Attacks enemies with a forceful blow, with a chance to inflict Vulnerability on hit.","Frappe les ennemis d’un coup puissant, avec une chance d'infliger Vulnérabilité au toucher.","Greift Gegner mit einem energischen Hieb an, mit einer Chance, bei Treffer Verwundbarkeit zu verursachen.","力強い強打で敵を攻撃し、ヒット時に確率でヴァルネラビリティを付与する。","강력한 일격으로 적을 공격하여, 명중 시 일정 확률로 취약성을 유발합니다.","Ataca os inimigos com um golpe poderoso, que pode infligir vulnerabilidade ao atingir.","Бьёт врагов сильным ударом, с некоторым шансом накладывая Беззащитность.","Ataca a los enemigos con un contundente embate que tiene una probabilidad de aplicar Vulnerabilidad con cada golpe.","Heavy Strike of Vulnerability\r\nโจมตีศัตรูด้วยการโจมตีเต็มแรง โดยมีโอกาสสร้างสถานะ บอบบาง (Vulnerability) เมื่อปะทะ","對敵人施展強力一擊，有機會在擊中時附加脆弱。",1,100,"",64565,""
193,12035,2,"[120,121,122,164,165,166,62,63,64,191,192,46,106,49,50,51,229,230,231,4,196,197,198,109]","","Boneshatter","Brise-os","Knochenbrechen","ボーンシャッター","뼈 박살","Esmaga-ossos","Дробление костей","Destrozahuesos","สลายกระดูก","碎骨","Attack enemies with a forceful melee strike that also hurts the user. Successive uses will raise the damage dealt both to enemies and the user. Stunning an enemy with the strike releases a damaging pulse.","Frappe les ennemis avec une attaque de mêlée puissante qui blesse également l'utilisateur. Les utilisations successives augmentent les dégâts infligés aux ennemis ainsi qu'à l'utilisateur. Étourdir un ennemi avec cette frappe libère une onde de choc endommageante.","Greift Gegner mit einem kräftigen Nahkampfschlag an, der den Angreifer ebenfalls verletzt. Nachfolgende Nutzungen erhöhen den Schaden, den der Angreifer bei Gegnern als auch bei sich selbst verursacht. Wenn der Schlag einen Gegner betäubt, wird ein schädigender Impuls entfesselt.","使用者にもダメージを与える強力な近接ストライク攻撃を行う。連続して使用すると、使用者と敵、両方に与えるダメージが増加する。このストライクで敵をスタンさせると、ダメージを与えるパルスが放たれる。","강력한 근접 타격으로 적을 공격하는 스킬로 사용자 또한 피해를 받습니다. 성공적으로 사용하면 적과 사용자 모두가 큰 피해를 받습니다. 이 타격으로 적이 기절하면 파동이 방출되어 피해를 줍니다.","Ataca os inimigos com um poderoso golpe corpo a corpo que também fere o atacante. Cada uso aumenta o dano recebido por ambos. Atordoar um inimigo com o golpe libera um pulso danoso.","Атакует врагов мощным ударом ближнего боя, который также наносит урон использовавшему умение. Последовательные применения повышают урон как по врагам, так и по атакующему. Оглушение врага ударом выпускает импульс, наносящий урон.","Ataca a los enemigos con un contundente golpe cuerpo a cuerpo que también hiere al usuario. Los usos sucesivos de la habilidad aumentarán el daño infligido tanto a los enemigos como al usuario. Si un enemigo queda aturdido con el golpe, se liberará un pulso dañino.","Boneshatter\r\nโจมตีศัตรูด้วยการฟาดประชิดอย่างรุนแรงที่สร้างความเสียหายต่อผู้ใช้เช่นกัน การใช้สกิลนี้ติดต่อกันจะเพิ่มความเสียหายที่สร้างต่อตัวคุณและศัตรู การฟาดที่สร้างสถานะ สตัน ต่อศัตรูจะปล่อยคลื่นพลังที่สร้างความเสียหาย","以強力近戰打擊攻擊敵人，但也會讓施放者受傷。成功施放會提高對敵人和施放者造成的傷害。以該打擊暈眩敵人會釋放脈衝並造成傷害。",28,100,"",22696,""
194,2176,1,"[65,66,67,159,232,233,234,129,130,131]","","Decoy Totem","Totem leurre","Ködertotem","デコイトーテム","미끼 토템","Totem Chamariz","Тотем-приманка","Tótem de señuelo","โทเทมล่อเป้า","誘餌圖騰","Summons a totem that taunts nearby monsters to attack it.","Invoque un totem qui provoque les monstres à proximité, les incitant à l'attaquer.","Beschwört ein Totem, das Gegner im Umkreis verspottet, wodurch sie es angreifen.","トーテムを召喚する。トーテムは近くの敵を挑発し自らに攻撃させる。","주변 몬스터들을 도발하여 공격하게 만드는 토템을 소환합니다.","Cria um totem que provoca os monstros próximos a atacá-lo.","Устанавливает  тотем, который провоцирует ближайших врагов.","Invoca un tótem que provoca a los monstruos cercanos para que lo ataquen.","Decoy Totem\r\nอัญเชิญ โทเทม ที่ยั่วยุมอนสเตอร์ที่อยู่ใกล้ให้โจมตี","召喚一個圖騰，嘲諷附近怪物來攻擊它。",4,100,1,38104,""
195,9584,2,"[65,66,67,159,120,121,122,114,129,130,131,232,233,234,164,165,166,123,124,125]","","Vaal Ancestral Warchief","Chef de guerre ancestral vaal","Vaal-Ahnen-Kriegshäuptling","ヴァールアンセストラルウォーチーフ","바알 선대의 대전사","Chefe Guerreiro Ancestral Vaal","Вождь предков ваал","Cacique ancestral vaal","วาล์ บรรพชนผู้นำทัพ","瓦爾．先祖戰士長","Summons an Ancestor Totem which attacks enemies with a powerful cascading slam. If enemies are far away, it will leap toward them as it slams.","Invoque un Totem ancestral qui attaque les ennemis avec un puissant fracas en cascade. Si les ennemis sont trop éloignés, le totem bondit vers eux en fracassant le sol.","Beschwört ein Ahnen-Totem, das Gegner wiederholt mit einem kräftigen Schlag angreift. Wenn Gegner weit entfernt sind, bringt sich das Totem mit einem Sprunghieb in ihre Nähe.","強力なスラム攻撃の連発で敵を攻撃する先祖のトーテムを召喚する。敵が遠くにいる場合には、敵に向かって飛び跳ねて移動しスラムで攻撃する。","선대의 토템을 소환하여 강력한 연속 강타로 적들을 공격합니다. 적이 멀리 떨어져 있을 경우, 적에게 도약해 공격합니다.","Cria um Totem Ancestral que ataca os inimigos com uma série de golpes poderosos. Se os inimigos estiverem longe, ele pula em direção a eles enquanto golpeia.","Устанавливает тотем предков, который атакует врагов мощным каскадным сотрясением. Если враги находятся далеко, во время сотрясения тотем переместится ближе к ним.","Invoca un Tótem de ancestro que ataca a los enemigos con un poderoso embate en cascada. Si los enemigos están lejos, el tótem saltará hacia ellos para golpearlos.","Vaal Ancestral Warchief\r\nอัญเชิญ โทเทมบรรพชน ซึ่งจะโจมตีศัตรูด้วยการทุบระยะไกลอันทรงพลังขณะที่คุณอยู่ใกล้มัน มันสามารถกระโดดเข้าไปทุบศัตรูที่อยู่ไกลจากมันได้","召喚一個先祖圖騰，使用強力的連續重擊攻擊敵人。若敵人距離很遠，它會在重擊時跳向他們。",28,100,1,38521,""
196,1969,3,[],"","Vitality","Vitalité","Vitalität","バイタリティ","활력","Vitalidade","Живучесть","Vitalidad","กำลังวังชา","活力","Casts an aura that grants life regeneration.","Une aura qui octroie de la régénération de vie.","Zaubert eine Aura, die Lebensregeneration gewährt.","ライフ自動回復を付与するオーラを纏う。","생명력 재생을 부여하는 오라를 시전합니다.","Ativa uma aura que concede regeneração de vida.","Окружает аурой, которая даёт регенерацию здоровья.","Proyecta un aura que otorga regeneración de vida.","Vitality\r\nร่ายออร่าที่มอบการ ฟื้นฟูพลังชีวิต","施放一個光環，賦予生命回復。",28,100,"",40419,""
197,6783,1,"[65,66,67,159,232,233,234,120,121,122,164,165,166,229,230,231]","","Tunnelslam","Percée explosive","Tunnelhieb","トンネルスラム","땅굴강타","Impacto Subterrâneo","Подземный рывок","Embate de túnel","ทุบขุดรู","地道重擊","Creates a burrowing charge which travels forwards and then explodes, dealing area damage. Damage from this skill has a chance to intimidate on hit.","Crée une charge souterraine qui se dirige vers l'avant puis explose, infligeant des dégâts de zone. Les dégâts infligés par cette aptitude ont une chance d'intimider à l'impat.","Erzeugt eine wühlenden Ansturm, der sich vorwärts bewegt und dann explodiert und Flächenschaden verursacht. Schaden mit dieser Fertigkeit hat eine Chance, Gegner bei Treffer einzuschüchtern.","前方に向かって穴を掘るチャージを行い、爆発して範囲ダメージを与える。このスキルによるダメージはヒット時に確率で敵を威嚇する。","땅을 파고드는 폭발물을 생성합니다. 폭발물은 전진한 후 폭발하며 범위 피해를 줍니다. 이 스킬의 피해는 명중 시 일정 확률로 적을 위협합니다.","Lança uma investida subterrânea que avança e explode, causando dano em área. Os ataques bem-sucedidos dessa habilidade podem intimidar.","Порождает зарывающийся в землю заряд, который движется вперёд и затем взрывается, нанося урон по области. Урон от попаданий этим умением имеет шанс устрашить.","Crea una carga excavadora que viaja hacia delante y luego explota para infligir daño en área. El daño de esta habilidad tiene una probabilidad de intimidar al impactar.","Tunnelslam\r\nสร้างระเบิดขุดรูที่มุดไปข้างหน้าแล้วระเบิดออกเพื่อสร้างความเสียหาย พื้นที่ ความเสียหายจากสกิลนี้มีโอกาสสร้างสถานะ ข่มขู่ เมื่อปะทะ","製造一個鑽地炸藥朝前方行進然後爆炸，造成範圍傷害。此技能的傷害擊中時有機率造成威嚇。",5,100,1,52105,"Art/2DArt/SkillIcons/HouseKeitaSkill.dds"
198,267,0,"[30,31,32,180,181,182,232,233,234,49,50,51]","","Enduring Cry","Cri d'endurance","Widerstandsschrei","エンデュアリングクライ","인내의 함성","Clamor de Tolerância","Клич стойкости","Grito de aguante","คำรามทนทาน","堅決戰吼","Performs a warcry, taunting all nearby enemies to attack the user and granting a buff to the user and nearby allies. The user and allied players also gain endurance charges.","Un cri de guerre qui provoque les ennemis à proximité, les poussant à attaquer l'utilisateur, et qui octroie un effet bénéfique à l'utilisateur et aux alliés à proximité. L'utilisateur et les joueurs alliés à proximité gagnent également des charges d'endurance.","Entfesselt einen Kriegsschrei, der alle Gegner im Umkreis verspottet, wodurch sie den Charakter angreifen, und gewährt ihm und Verbündeten im Umkreis eine Stärkung. Der Nutzer und verbündete Spieler erhalten auch Widerstands-Ladungen.","近くの敵を挑発し、使用者を攻撃させるウォークライを行い、使用者および周囲の味方にバフを与える。加えて使用者および周囲の味方はエンデュランスチャージを得る。","함성을 질러 주변의 모든 적을 도발해 사용자를 공격하게 하고, 시전자와 주변 동료들에게 버프를 부여합니다. 사용자와 주변 동료들이 인내 충전도 획득합니다.","Esbraveja um clamor que provoca os inimigos próximos a atacarem o usuário. O usuário e os aliados ganham um bônus e cargas de tolerância.","Издаёт боевой клич, провоцируя ближайших врагов атаковать издавшего клич и даруя положительный эффект ему и ближайшим союзникам. Издавший клич и ближайшиее союзники также получают заряды выносливости.","Ejecuta un grito de guerra que provoca a todos los enemigos cercanos para que ataquen al usuario y otorga un efecto beneficioso al usuario y a los aliados cercanos. El usuario y los jugadores aliados también reciben cargas de aguante.","Enduring Cry\r\nส่งเสียงคำรามเพื่อยั่วยุศัตรูที่อยู่ใกล้ให้มาโจมตีผู้ใช้ พร้อมกันนี้ก็มอบบัฟให้กับผู้ใช้และเพื่อนที่อยู่ใกล้ และมอบ Endurance Charge ให้กับผู้ใช้และเพื่อนที่อยู่ใกล้เช่นกัน","發出一道戰吼，嘲諷附近敵人，使他們攻擊施放者，並賦予使用者和附近的友方一個增益效果。使用者和友方玩家也會獲得耐力球。",10,100,1,20973,""
199,8956,3,[],8957,"Physical Aegis","Égide physique","Physische Obhut","物理のイージス","물리 비호","Égide Física","Физическая эгида","Égida física","โล่เอจิสกายภาพ","物理聖盾","Surrounds the caster with a physical barrier which will absorb incoming physical damage up to a point, then break. This barrier will recharge over time.","Enveloppe le lanceur d'une barrière physique qui absorbe une certaine quantité des dégâts physiques subis avant de se briser. Cette barrière se recharge sur la durée.","Umgibt den Wirkenden mit einer physischen Barriere, die eingehenden physischen Schaden bis zu einem Punkt absorbiert und dann zusammenbricht. Die Barriere lädt sich über die Zeit wieder auf.","使用者を物理のバリアで囲み、一定量まで物理ダメージを吸収した後に消滅する。このバリアは時間経過とともに回復する。","시전자를 물리 방벽으로 둘러쌉니다. 방벽은 가해지는 물리 피해를 일정 시점까지 흡수한 후 파괴됩니다. 이 방벽은 시간이 지나면 재충전됩니다.","Envolve o conjurador com uma barreira física que absorve o dano físico até se romper. A barreira recarrega com o tempo.","Окружает сотворившего заклинание физическим барьером, который поглощает входящий физический урон до определённого порога, а затем разрушается. Барьер со временем перезарядится.","Rodea al lanzador del hechizo con una barrera física que absorberá el daño físico entrante hasta un punto, en cuyo momento se romperá. Esta barrera se recarga con el tiempo.","Physical Aegis\r\nสร้างบาเรียกายภาพรอบตัวผู้ร่ายมารับความเสียหาย ไฟ ให้กับผู้ร่ายจนครบจำนวนแล้วสลายไป โล่นี้จะรีชาร์จอย่างต่อเนื่อง","以物理屏障圍繞施法者，吸收來襲的物理傷害直至達到上限，隨後屏障就會破碎。此屏障會隨時間充能。",16,100,"",17015,"Art/2DArt/SkillIcons/HouseKeitaSkill.dds"
200,3723,2,"[0,1,90,91,92,136,137,138,120,121,122,3,151,152,153,154,155,156]","","Sanctified Strike","Frappe sanctifiée","Geheiligter Schlag","サンクティファイドストライク","축성된 타격","Golpe Santificado","Освящённый удар","Golpe santificado","ฟาดล้างบาป","神化打擊","Attacks with physical and lightning damage. This attack causes balls of holy energy to launch forth from the enemies hit, divided amongst all enemies hit by the strike. These will deal area attack damage to enemies where they land.","Une attaque qui inflige des dégâts physiques et de foudre. Cette attaque projette des orbes d'énergie sacrée depuis les ennemis touchés, qui se répartissent entre tous les ennemis touchés par la frappe. Ceux-ci infligent des dégâts d'attaque de zone aux ennemis présents dans leur zone d'atterrissage.","Greift Gegner mit physischem und Blitzschaden an. Dieser Angriff schleudert Bälle aus heiliger Energie, die sich auf alle Gegner verteilen, die durch den Schlag getroffen werden. Die Bälle verursachen bei den Gegnern, wo sie landen, Flächenschaden.","物理および雷ダメージでアタックする。このアタックはヒットした敵から聖なるエネルギーの弾丸を発射し、命中した敵全員に分配される。弾丸は着弾した敵に範囲アタックダメージを与える。","물리 및 번개 피해로 공격합니다. 공격이 명중한 적에게서 전방으로 신성한 에너지의 구체가 발사되어 명중된 모든 적에게 분산됩니다. 또한 이 마그마 구체는 떨어지면 폭발하여 적들에게 범위 피해를 줍니다.","Ataca com dano físico e de raio. Inimigos atingidos liberam esferas de energia sagrada que se dividem entre todos os alvos do golpe, causando dano de ataque em área onde caem.","Атакует, нанося физический урон и урон от огня, создавая при этом шары священной энергии, урон от которых распределяется между всеми врагами, которых они заденут. Шары наносят урон от атак по области в месте приземления.","Ataca con daño físico y de rayo. Este ataque hace que bolas de energía sagrada se lancen hacia delante desde los enemigos impactados, que se dividen entre todos los enemigos impactados por el golpe. Estas infligirán daño de ataques en área a los enemigos allí donde aterricen.","Sanctified Strike\r\nโจมตีด้วยความเสียหาย กายภาพและสายฟ้า การโจมตีนี้ทำให้ลูกพลังศักดิ์สิทธิ์พุ่งออกมาจากศัตรูที่คุณปะทะ พุ่งไปยังศัตรูที่ถูกปะทะอย่างเท่าๆ กัน ลูกเหล่านี้จะสร้างความเสียหาย โจมตี พื้นที่ ต่อศัตรูในพื้นที่ที่มันตกกระทบ","使攻擊帶有物理和閃電傷害。此攻擊使神聖能量球從被擊中的敵人身上向前方發射，在被打擊擊中的所有敵人之間彈跳。神聖能量球落地時，對敵人造成範圍攻擊傷害。",1,100,"",53518,"Art/2DArt/SkillIcons/HouseAzadiSkill.dds"
201,4033,1,"[232,233,234,164,165,166,229,230,231,177,178,179,188,189,190,191,192]","","Herald of Purity","Héraut de la pureté","Herold der Reinheit","ヘラルドオブピュリティ","순수의 전령","Arauto Purificador","Вестник чистоты","Heraldo de pureza","สาสน์พิสุทธิ์","純淨之捷","Grants a buff which provides more physical damage. When an enemy is killed while this buff is active, this skill will summon a Sentinel of Purity, or refresh the duration and life of an existing one instead if the maximum number is active. The Sentinels of Purity have a single-target melee attack and an area melee attack.","Octroie un effet bénéfique qui octroie davantage de dégâts physiques. Lorsqu'un ennemi est tué alors que cet effet est actif, cette aptitude invoque une Sentinelle de pureté ou, si le nombre maximal de Sentinelles de pureté est atteint, réinitialise la durée et la vie d'une Sentinelle existante à la place. Les Sentinelles de pureté disposent d'une attaque de mêlée monocible ainsi que d'une attaque de mêlée de zone.","Gewährt eine Stärkung, die mehr physischen Schaden gewährt. Wird ein Gegner getötet, während die Stärkung aktiv ist, beschwört die Fertigkeit einen Wächter der Reinheit oder erneuert die Dauer und das Leben des bestehenden Wächters, falls die maximale Anzahl bereits erreicht ist. Die Wächter der Reinheit verfügen über einen Einzelziel- und einen Flächen-Nahkampfangriff.","物理ダメージを上昇させるバフを付与する。このバフの効果中に敵を倒すと、このスキルにより浄化のセンチネルが召喚される。すでに最大数まで召喚している場合には既存のセンチネルの持続時間とライフを更新する。浄化のセンチネルは単体の敵への近接攻撃と近接範囲攻撃を行う。","주는 물리 피해를 증폭시키는 버프를 부여합니다. 이 버프가 활성화되어 있는 동안 적을 처치하면 정화의 파수꾼 1명이 소환되지만 이미 활성화된 파수꾼의 수가 최대치라면 기존 파수꾼 1명의 지속시간과 생명력이 초기화됩니다. 정화의 파수꾼은 단일 대상에 근접 공격을 하거나 근접 범위 공격을 합니다.","Concede um bônus que aumenta o dano físico. Ao matar um inimigo com esse bônus ativo, a habilidade invoca uma Sentinela Purificadora ou renova a duração e a vida de uma, caso todas estejam ativas. As sentinelas atacam corpo a corpo com um golpe direto ou em área.","Дарует положительный эффект, позволяющий наносить больше физического урона. Если во время действия умения убить врага, то умение призовёт Стража чистоты, при этом если количество призванных Стражей чистоты достигло максимума, то время существования и здоровье одного из них будут обновлены. Стражи чистоты совершают обычную атаку ближнего боя и атаку по области.","Otorga un efecto beneficioso que proporciona más daño físico. Cuando un enemigo muere mientras este efecto beneficioso está activo, esta habilidad invocará a un Centinela de Pureza, o bien actualizará la duración y la vida de un centinela ya existente si ya están activos la cantidad máxima de ellos. Los Centinelas de Pureza tienen un ataque cuerpo a cuerpo que golpea a un solo objetivo y un ataque cuerpo a cuerpo en área.","Herald of Purity\r\nมอบบัฟที่จะเพิ่มความเสียหาย กายภาพ ที่สร้าง อีก และเมื่อศัตรูถูกสังหารขณะที่มีบัฟนี้อยู่ สกิลนี้จะอัญเชิญ ทหารยามพิสุทธิ์ ออกมา 1 คน หรือหากมีจำนวนสูงสุดแล้วก็จะคืนระยะเวลาคงเหลือและพลังชีวิตให้พวกมัน 1 คนโดย ทหารยามพิสุทธิ์ มีสกิลโจมตีประชิดเป้าหมายเดียวและมีสกิลโจมตีประชิดพื้นที่","獲得一個增益效果，給予更多物理傷害。在此增益效果期間擊殺敵人時，此技能將會召喚一個純淨護衛，若純淨護衛的數量已達上限，將會刷新現有的持續時間和生命。純淨護衛有單體近戰攻擊和範圍近戰攻擊。",16,100,"",34212,""
202,5925,0,"[65,66,67,159,49,50,51]","","Enrage","Enragement","Wüten","エンレイジ","격앙","Enfurecer","Исступление","Enfurecimiento","เดือดดาล","激怒","Enrage for a short duration, gaining attack speed, movement speed and damage.","Entre dans un état de rage pendant une courte durée, ce qui augmente la vitesse d’attaque, la vitesse de déplacement et les dégâts.","Werdet für eine kurze Dauer wütend und erhaltet Angriffsgeschwindigkeit, Bewegungsgeschwindigkeit und Schaden.","短い持続時間激怒し、アタックスピード、移動スピードおよびダメージを獲得する。","짧은 시간 동안 격앙되어 공격 속도, 이동 속도 및 피해를 획득합니다.","Enfurece por um breve período, ganhando velocidade de ataque, de movimento e dano.","На короткое время приводит в исступление, повышая скорость атаки, передвижения и урон.","Se enfurece durante una breve duración para ganar velocidad de ataque, velocidad de movimiento y daño.","Enrage\r\nเดือดดาลเป็นระยะเวลาสั้น เพื่อเพิ่มความเร็วในการโจมตี ความเร็วในการโจมตี และความเสียหายที่สร้าง","在一小段時間內進入激怒狀態，獲得攻擊速度、移動速度和傷害。",12,100,"",62530,"Art/2DArt/SkillIcons/HouseKeitaSkill.dds"
203,12226,2,"[65,66,67,159,232,233,234,164,165,166,229,230,231,121,120,122,116,117,118]",12227,"Vaal Cleave","Taillade vaal","Vaal-Spalten","ヴァールクリーヴ","바알 회전베기","Cutilada Vaal","Рассечение ваал","Hendidura vaal","วาล์ ปาด","瓦爾．劈砍","Swings equipped weapon in an arc, damaging monsters in an area. Killing Blows on Rare or Unique enemies grant a buff that improves Cleave for a duration. Killing Blows on Rare Enemies also steal their modifiers for a secondary duration.","Attaque en arc de cercle avec l'arme équipée, endommageant les monstres dans une zone. Les Coups fatals portés à des ennemis Rares ou Uniques octroient un effet bénéfique qui améliore temporairement Taillade. Les Coups fatals portés à des ennemis Rares permettent également de voler leurs modificateurs pendant une durée secondaire.","Schwingt die ausgerüstete Waffe bogenförmig in Richtung des Ziels und fügt Monstern vor ihm Schaden zu. Tödliche Schläge gegen seltene oder einzigartige Gegner gewähren eine Stärkung, die 'Spalten' für eine Dauer verbessert. Tödliche Schläge gegen seltene oder einzigartige Gegner stehlen außerdem ihre Modifikatoren für eine sekundäre Dauer.","装備している武器を円弧状に振り、範囲内の敵にダメージを与える。レアまたはユニークの敵をキリングブロウで倒した場合、一定時間クリーヴを強化するバフを得る。加えてレアの敵をキリングブロウで倒した際に副次的持続時間その敵のモッドを盗む。","장착한 무기를 크게 휘둘러 범위 내 몬스터들에게 피해를 줍니다. 희귀 또는 고유 적을 상대로 최후의 일격 시, 버프를 부여하여 일정 시간 동안 회전베기를 향상시킵니다. 또한 희귀 적을 상대로 최후의 일격 시, 2차 지속시간 동안 그들의 속성을 훔칩니다.","Desfere um golpe em arco com a arma equipada, causando dano aos monstros em uma área. Os golpes fatais em inimigos raros ou únicos concedem um bônus que melhora a Cutilada por um período. Os golpes fatais em inimigos raros também roubam seus modificadores por um período secundário.","Взмахивает оружием, описывая дугу и нанося урон врагам в области. Убийство редких или уникальных врагов дарует положительный эффект, временно усиливающий Рассечение. Убийство редких врагов также похищает их свойства на вторичный промежуток времени.","Blande el arma equipada en forma de arco para dañar a los monstruos en un área. Los golpes mortales sobre los enemigos raros o únicos otorgan un efecto beneficioso que mejora Hendidura durante un tiempo. Los golpes mortales sobre los enemigos raros también roban sus modificadores durante una duración secundaria.","Vaal Cleave\r\nเหวี่ยงอาวุธเป็นวงโค้ง สร้างความเสียหายต่อมอนสเตอร์ในพื้นที่ด้านหน้า การลงมือสังหารศัตรูแรร์หรือยูนิคจะมอบบัฟที่เพิ่มความสามารถของปาด (Cleave) เป็นระยะเวลาหนึ่ง นอกจากนี้การลงมือสังหารศัตรูแรร์ยังขโมยม็อดของมันเป็นระยะเวลารองอีกด้วย","以弧狀揮動武器，對一片區域的怪物造成傷害。對稀有或傳奇敵人的致命一擊會給予一個增益效果，在一段時間內優化劈砍。對稀有敵人的致命一擊會偷取他們的詞綴。",28,100,1,12723,""
204,5919,2,"[232,233,234,164,165,166,229,230,231,121,120,122,116,117,118,40,196,197,198,203,204,205]",5920,"Slicing Wind","Vent tranchant","Windschlitzer","スライシングウィンド","저미는 바람","Vento Cortante","Секущий ветер","Viento cortante","ลมเฉือน","斬割之風","Release an arc of pure force, dealing area damage.","Libère un arc de force pure, infligeant des dégâts de zone.","Entfesselt einen Bogen aus roher Kraft, der Flächenschaden verursacht.","純粋な力の弧を放ち、範囲ダメージを与える。","순수한 힘을 원호 형태로 방출하여 범위 피해를 줍니다.","Libera um arco de força pura que causa dano em área.","Испускает волну чистой силы, нанося урон по области.","Libera un arco de fuerza pura que inflige daño en área.","Slicing Wind\r\nปล่อยกำลังบริสุทธิ์ทรงโค้งเพื่อสร้างความเสียหาย พื้นที่","釋放一道純粹力量的弧形，造成範圍傷害。",5,100,"",19808,"Art/2DArt/SkillIcons/HouseAzadiSkill.dds"
205,10642,2,"[232,233,234,116,117,118,120,121,122,164,165,166,229,230,231,123,124,125]","","Chain Hook of Trarthus","Grappin de Trarthus","Kettenhaken von Trarthus","トラーサスのチェーンフック","트라투스의 사슬 갈고리","Corrente com Gancho de Trarthus","Цепной крюк Тератны","Gancho de cadena de Trarthus","โซ่ล่ามตะขอแห่งทาร์ทัส","特拉特斯奪魂勾索","Throws chains ahead, chaining targets hit. Enemies chained will grant rage when hit. When chains are broken, they snap and deal damage in an area around the target they were attached to.","Envoie des chaînes vers l'avant, qui s'accrochent aux cibles touchées. Les ennemis enchaînés octroient de la rage au toucher. Lorsque les chaînes se brisent, elles claquent et infligent des dégâts dans une zone autour de la cible à laquelle elles étaient accrochés.","Wirft Ketten nach vorne, die sich an getroffene Ziele anheften. Gefesselte Gegner gewähren Rausch bei Treffer. Wenn die Ketten zerbrochen werden, verursachen sie Schaden in einem Bereich um das Ziel, an das sie gefesselt waren.","前方に鎖を投げ、その鎖をヒットした対象に絡みつかせる。鎖で繋がれた敵は、ヒットを受けた時に憤怒を付与する。鎖が破壊された時に、鎖はちぎれ、繋がれていた対象の周囲の範囲にダメージを与える。","전방에 사슬을 던져 명중시킨 대상들을 사슬로 연결합니다. 사슬로 연결된 적은 피격 시 격노를 부여합니다. 사슬이 끊어지면 철커덩거리며 연결되어 있던 대상 주위의 일정 범위에 피해를 줍니다.","Lança correntes à sua frente, que se prendem aos alvos atingidos para gerar Fúria. Ao se quebrarem, as correntes estouram e causam dano em área ao redor do alvo preso.","Бросает вперёд цепи, которые связывают с поражённым врагом. Связанные цепями противники даруют свирепость при получении удара. Разрываясь, цепи наносят урон по области вокруг врага, к которому были прикреплены.","Lanza cadenas hacia delante que se encadenan a los objetivos impactados. Los enemigos encadenados otorgarán furia al recibir un impacto. Cuando las cadenas se rompen, se parten e infligen daño en un área alrededor del objetivo al que estaban adheridas.","Chain Hook of Trarthus\r\nโยนโซ่ออกไปข้างหน้าเพื่อชิ่งเข้ากับเป้าหมายที่ถูกปะทะ ศัตรูที่ถูกล่ามโซ่จะให้สถานะ คลั่ง เมื่อถูกปะทะ เมื่อโซ่ขาดจะสร้างความเสียหายในพื้นที่รอบเป้าหมายที่เคยล่ามโซ่ไว้","朝前方投擲鎖鏈，鍊住擊中的目標。擊中被鍊住的敵人會賦予盛怒。當鎖鏈破碎時，它們會斷開並對其附著目標周圍的一片區域造成傷害。",12,100,1,7182,""
206,3670,3,[],"","Raise Spectre: Holy Flame Elementals","Réanimation en Spectre : Élémentaire de la Flamme sacrée","Schemen der heiligen Flammenelementare erwecken","スペクター蘇生：ホーリーフレイムエレメンタル","망령 소환: 신성한 화염 정령","Criar Espectro: Elementais de Chamas Sagradas","Сотворение призрака: элементали священного пламени","Levantar espectro: Elemental de llamas sagradas","ปลุกสเปคเตอร์: Holy Flame Elemental","喚醒幽魂：神聖火焰元素","Raises a spectral version of a Holy Flame Elemental as a minion.","Réanime une version spectrale d'un Élémentaire de la Flamme sacrée sous forme de créature.","Beschwört eine spektrale Version eines besiegten heiligen Flammenelementars als Kreatur.","聖なる炎のエレメンタルの霊体バージョンをミニオンとして召喚する。","신성한 화염 정령의 영혼을 불러들여 임시 소환수로 만듭니다.","Invoca uma versão espectral do Elemental da Chama Sagrada como lacaio.","Создаёт призрачную копию элементаля священного пламени в качестве приспешника.","Levanta una versión espectral de un Elemental de llamas sagradas como esbirro.","Raise Spectre: Holy Flame Elementals\r\nปลุกสเปคเตอร์ของ Holy Flame Elemental ขึ้นมาเป็นมิเนียน","喚醒一個靈體版本的神聖火焰元素作為召喚物。",28,100,"",47078,"Art/2DArt/SkillIcons/HouseAzadiSkill.dds"
207,2680,2,"[232,233,234,93,94,95,229,230,231,90,91,92,123,124,125]","","Touch of God","Toucher divin","Berührung Gottes","タッチオブゴッド","신의 손길","Toque Divino","Касание Господа","Toque de Dios","หัตถ์พระเจ้า","神之觸","Slams the ground with a fist, with less attack speed, but more damage. This attack deals Lightning Damage to enemies in a large area, with a chance to Shock them. Cannot be Evaded.","Un poing qui fracasse le sol, avec une perte de vitesse d'attaque, mais davantage de dégâts. Cette attaque inflige des Dégâts de foudre aux ennemis dans une grande zone et a des chances de les Électrocuter. Ne peut pas être Évitée.","Schlägt mit der Faust auf den Boden, zwar mit weniger Angriffsgeschwindigkeit, jedoch mit mehr Schaden. Dieser Angriff verursacht Blitzschaden bei Gegnern in einem großen Bereich und gewährt eine Chance, diese zu schocken. Den Treffern dieser Fertigkeit kann nicht ausgewichen werden.","アタックスピードが低下しダメージが上昇した拳で地面を叩きつける。このアタックは広範囲の敵に雷ダメージを与え、感電を付与する確率を持つ。回避できない。","주먹으로 지면을 강타합니다. 공격 속도는 느려지지만 피해는 증가합니다. 나아가 넓은 범위의 적들에게 번개 피해를 주고, 일정 확률로 감전시킵니다. 회피할 수 없습니다.","Desfere um soco poderoso no chão, com menos velocidade de ataque, mas com mais dano. O ataque causa dano de raio em uma grande área e pode eletrificar os inimigos. Não pode ser evitado.","Бьёт по земле кулаком; скорость атаки умения уменьшена, но удар наносит больше урона. Атака наносит урон от молнии врагам в большой области и имеет шанс наложить на них шок. От этого удара нельзя уклониться.","Golpea el suelo con un puño, con menos velocidad de ataque, pero más daño. Este ataque inflige daño de rayo a los enemigos en un área grande, con una probabilidad de electrocutarlos. No se puede evadir.","Touch of God\r\nตัวละครใช้กำปั้นทุบพื้นตรงหน้าโดยมีความเร็วในการโจมตีที่ลดลง อีก แลกกับความเสียหายที่เพิ่มขึ้น อีก การโจมตีนี้สร้างความเสียหาย สายฟ้า ต่อศัตรูเป็นพื้นที่ขนาดใหญ่และมีโอกาสสร้างสถานะ ช็อค สกิลนี้ไม่สามารถหลบหลีกได้","以拳頭重擊地面，具更少攻擊速度但更多傷害。該攻擊對大範圍內敵人造成閃電傷害，並有機率造成感電。無法閃避。",28,100,1,39732,""
208,9633,2,"[232,233,234,43,44,45,90,91,92,120,121,122,226]","","Smite","Châtiment","Zerschmettern","スマイト","징벌","Castigo","Кара","Aniquilación","เฆี่ยนตี","雷鳴重擊","Performs a melee attack, and causes lightning to strike a nearby enemy, dealing damage in an area. Each target can only be hit once by this skill. Hitting an enemy grants an aura for a duration.","Une attaque de mêlée qui fait s'abattre la foudre sur un ennemi à proximité, infligeant des dégâts de zone. Chaque cible ne peut être touchée qu'une seule fois par cette aptitude. Toucher un ennemi octroie une aura pour une certaine durée.","Führt einen Nahkampfangriff aus und lässt einen Blitz am Zielort oder bei einem Gegner im Umkreis einschlagen, der in einem Bereich Schaden verursacht. Jedes Ziel kann nur einmal durch diese Fertigkeit getroffen werden. Das Treffen eines Gegners gewährt für eine Dauer eine Aura.","近接攻撃を行い、指定位置または近くの敵に稲妻を落とし範囲ダメージを与える。各対象は一度のみこのスキルがヒットする。もしこのスキルが敵に命中すれば、使用者はオーラをする。","근접 공격으로 주변의 적 1명에게 벼락을 떨어트려 범위 피해를 줍니다. 이 스킬은 대상마다 한 번씩만 명중할 수 있습니다. 적 명중 시 일정 시간 동안 오라를 획득합니다.","Desfere um ataque corpo a corpo e faz com que um relâmpago atinja um inimigo próximo, causando dano em uma área. Cada alvo só pode ser atingido uma vez por esta habilidade. Ao atingir um inimigo, uma aura é ativada temporariamente.","Совершает атаку ближнего боя, вызывая удар молнии в ближайшего врага, наносящий урон по области. Каждую цель это умение может поразить только один раз. Если умение нанесёт удар по врагу, на некоторое время дарует ауру.","Ejecuta un ataque cuerpo a cuerpo y hace caer un rayo sobre un enemigo cercano que inflige daño en un área. Cada objetivo solo puede recibir un impacto una vez de esta habilidad. Si golpea a un enemigo, otorga un aura durante un tiempo.","Smite\r\nทำการโจมตีประชิด ซึ่งจะก่อให้เกิดฟ้าผ่าศัตรูตัวหนึ่งที่อยู่ใกล้เพื่อสร้างความเสียหายในพื้นที่ โดยสกิลนี้จะปะทะเป้าหมายแต่ละตัวได้เพียง 1 ครั้งเท่านั้น การปะทะศัตรูจะให้ออร่าเป็นระยะเวลาหนึ่ง","使用近戰攻擊，使閃電擊中附近 1 名敵人，造成範圍傷害。每個目標只能被此技能擊中一次。擊中敵人時，你會獲得一個光環效果，此光環會持續一段時間。",1,100,"",55917,""
209,1339,2,"[120,121,122,232,233,234,177,178,179,188,189,190,191,192,164,165,166,4,238]","","Dominating Blow","Coup de soumission","Beherrschender Schlag","ドミネイティングブロウ","지배의 맹타","Pancada Dominadora","Удар власти","Embate dominante","แสดงอำนาจ","霸氣之擊","Attacks enemies with a melee strike, applying a debuff for a short duration. If a non-unique enemy dies while affected by the debuff, the enemy's corpse will be consumed and a Sentinel of Dominance with the same rarity, prefix and suffix modifiers will be summoned for a longer secondary duration.","Une attaque de mêlée qui applique un effet néfaste pendant une courte durée aux ennemis touchés. Si un ennemi non unique meurt alors qu'il est affecté par cet effet néfaste, son cadavre est consommé pour invoquer une Sentinelle soumise dotée de la même rareté et des mêmes mods de préfixe et de suffixe pendant une durée secondaire plus longue.","Greift Gegner mit einem Nahkampfschlag an und wendet für eine kurze Dauer eine Schwächung an. Falls ein Gegner (einzigartige ausgenommen) stirbt, während er von der Schwächung betroffen ist, wird seine Leiche verbraucht und für eine längere, sekundäre Dauer als Wächter der Beherrschung beschworen, der über dieselbe Seltenheit und dieselben Präfix- und Suffix-Modifikatoren verfügt.","近接ストライク攻撃により敵を攻撃し、短時間持続するデバフを付与する。デバフの効果中に非ユニークモンスターが死んだ場合、敵の死体は消費され、敵と同じレア度で同じプレフィックス・サフィックスモッドを持つ支配のセンチネルが長い副次的持続時間の間召喚される。","대상을 근접 공격하여 짧은 시간 동안 디버프를 겁니다. 비-고유 적이 디버프가 걸린 채로 죽을 경우 시신이 소모되어 동일한 희귀도 및 접두어, 접미어 속성을 가진 지배의 파수꾼이 소환됩니다. 이들은 보다 긴 별도의 지속시간을 가집니다.","Ataca os inimigos com um golpe corpo a corpo, aplicando uma penalidade por um breve período. Se um inimigo não único morrer com essa penalidade, seu corpo é consumido e uma Sentinela do Domínio com as mesmas propriedades e raridade é invocada por um período secundário maior.","Атакует врагов в ближнем бою, накладывая отрицательный эффект на короткий промежуток времени. Если неуникальный враг умирает, находясь под действием этого отрицательного эффекта, то его труп будет поглощён для призыва Стража власти с такими же редкостью, суффиксом и префиксом на вторичный более долгий промежуток времени.","Ataca a los enemigos con un golpe cuerpo a cuerpo que aplica un efecto nocivo durante un corto período de tiempo. Si un enemigo que no es único muere mientras está afectado por el efecto nocivo, el cadáver del enemigo se consumirá para invocar a un Centinela de dominancia de la misma rareza y con los mismos mods. de prefijo y sufijo durante un período de tiempo secundario más largo.","Dominating Blow\r\nโจมตีศัตรูด้วยการฟาดประชิดและสร้างดีบัฟระยะเวลาสั้นต่อศัตรู ศัตรูที่ไม่ใช่ยูนิคที่ตายขณะที่ติดดีบัฟนี้จะถูกกลืนกินศพเพื่อนำไปอัญเชิญ ทหารยามแสดงอำนาจ 1 คนที่มีระดับและม็อดเดียวกันกับศพที่ถูกกลืนกิน ที่จะดำรงอยู่เป็นระยะเวลารองที่นานกว่า","使用近戰打擊攻擊敵人，給予一小段時間的減益效果。若非傳奇敵人在減益效果持續時間內死亡，敵人的屍體將會被消耗並召喚一個相同稀有度和前後綴的統御護衛，持續較長的第二段時間。",28,100,"",43742,""
210,9792,2,"[65,66,67,232,233,234,164,165,166,136,137,138,177,178,179,16]","","Holy Relic","Relique sacrée","Heiliges Relikt","ホーリーレリック","신성한 유물","Relíquia Sagrada","Священная реликвия","Reliquia sagrada","วัตถุศักดิ์สิทธิ์","聖物","Summon a Holy Relic that stays nearby. When an enemy is hit with an attack, the Holy Relic triggers a nova spell with a short cooldown, that deals physical damage to enemies and grants life regeneration to allies in an area around it. This life regeneration is higher when applied to minions.","Une invocation de Relique sacrée qui reste à proximité de son invocateur. Lorsqu'un ennemi est touché avec une attaque, la Relique sacrée déclenche une nova à court temps de recharge, qui inflige des dégâts physiques aux ennemis et octroie de la régénération de vie aux alliés dans une zone autour d'elle. Cette régénération de vie est beaucoup plus efficace sur les créatures.","Beschwört ein Heiliges Relikt, das in der Nähe bleibt. Wenn ein Gegner mit einem Angriff getroffen wird, löst das Relikt einen Nova-Zauber mit einer kurzen Abklingzeit aus, der Gegnern physischen Schaden zufügt und dort Verbündeten im Umkreis Lebensregeneration gewährt. Diese Lebensregeneration fällt bei Kreaturen höher aus.","周囲に留まるホーリーレリックを召喚する。アタックスキルで敵をヒットすると、ホーリーレリックは短いクールダウン時間を持つノヴァスペルを放つ。ノヴァスペルは敵に物理ダメージを与えるとともに味方にライフ自動回復を付与する。このライフ自動回復効果はミニオンに対して適応される時、より高い効果を持つ。","주변에 머무는 신성한 유물을 소환합니다. 공격이 적에게 명중 시, 신성한 유물이 짧은 재사용 대기시간을 갖는 폭발 주문을 시전합니다. 이 폭발은 적들에게 물리 피해를 주고, 주변 범위 내의 동료들에게 생명력 재생을 부여합니다. 생명력 재생은 소환수에게 적용될 경우 더욱 증가합니다.","Invoca uma relíquia sagrada que te acompanha. Ao atingir um alvo com um ataque, ela libera uma nova mágica com recarga rápida, que causa dano físico aos inimigos e concede regeneração de vida aos aliados ao redor. A regeneração é maior nos lacaios.","Призывает священную реликвию, которая держится поблизости. Когда по врагу наносится удар атакой, священная реликвия выпускает кольцо чар, наносящее физический урон врагам и дарующее регенерацию здоровья союзникам. Регенерация здоровья значительно эффективнее действует на приспешников. У кольца чар есть собственное очень короткое время перезарядки.","Invoca una reliquia sagrada que se queda cerca de ti. Cuando golpeas a un enemigo con un ataque, la reliquia sagrada activa un hechizo de nova que tiene un tiempo de recarga corto y que inflige daño físico a los enemigos y otorga regeneración de vida a los aliados en un área a su alrededor. Esta regeneración de vida es mayor cuando se aplica a los esbirros.","Holy Relic\r\nอัญเชิญ วัตถุศักดิ์สิทธิ์ มาอยู่เคียงข้าง เมื่อศัตรูถูกโจมตี วัตถุศักดิ์สิทธิ์จะทริกเกอร์เวทกระจายที่มีคูลดาวน์สั้น ซึ่งจะสร้างความเสียหาย กายภาพ ต่อศัตรูและมอบการ ฟื้นฟูพลังชีวิต ให้เพื่อนในพื้นที่รอบตัวมัน โดยจะฟื้นฟู มิเนียน มากเป็นพิเศษ","在附近召喚一個聖物。攻擊擊中敵人時，聖物會釋放一個有短冷卻時間的新星法術對敵人造成物理傷害，並使周圍區域內友方獲得生命回復。此生命回復對於召喚物有卓越的效果。",4,100,"",40812,""
211,4293,2,"[65,66,67,159,49,50,51,232,233,234,164,165,166,136,137,138]","","Beacons of Faith","Fanaux de la Foi","Leuchtfeuer des Glaubens","ビーコンオブフェイス","신념의 등불","Sinalizadores de Fé","Маяки веры","Faros de fe","ลำแสงศรัทธา","信仰信標","Creates numerous beacons in a large area which explode after a delay, dealing physical area damage. Each explosion creates a patch of consecrated ground.","Crée plusieurs fanaux dans une large zone. Après un court délai, ces fanaux explosent, infligeant des dégâts physiques de zone. Chaque explosion laisse derrière elle une zone de sol consacré.","Erzeugt zahlreiche Leuchtfeuer in einem großen Bereich, die nach einer Verzögerung explodieren und physischen Flächenschaden verursachen. Jede Explosion erzeugt eine Fläche aus geweihtem Boden.","広範囲に多数のビーコンを発生させ、一定時間後に爆発して物理範囲ダメージを与える。各爆発は神聖領域を生成する。","넓은 범위 내에 여러 개의 등불을 생성합니다. 등불은 잠시 후 폭발하며 물리 범위 피해를 줍니다. 폭발할 때마다 신성화 지대가 생겨납니다.","Cria vários sinalizadores em uma grande área, que explodem após um período, causando dano físico em área. Cada explosão cria um trecho de chão consagrado.","Создаёт несколько маяков в большой области, которые через некоторое время взрываются, нанося физический урон по области. Каждый взрыв оставляет участок освящённой земли.","Crea numerosos faros en un área grande que explotan tras una demora para infligir daño físico en área. Cada explosión crea una zona de suelo consagrado.","Beacons of Faith\r\nสร้างลำแสงหลายอย่างในพื้นที่ขนาดใหญ่ที่ระเบิดหลังจากระยะเวลาหนึ่งเพื่อสร้างความเสียหาย พื้นที่ กายภาพ โดยระเบิดแต่ละลูกสร้าง พื้นศักดิ์สิทธิ์","在一片大型區域內製造巨大的信標，在延遲後爆炸，造成物理範圍傷害。每次爆炸都會製造一片奉獻地面。",24,100,1,50866,"Art/2DArt/SkillIcons/HouseAzadiSkill.dds"
212,6273,2,"[154,155,156,120,121,122,164,165,166,110,111,112,0,1,6,7,171,172,173]","","Spectral Shield Throw of Trarthus","Lancer de bouclier spectral de Trarthus","Spektralschildwurf von Trarthus","トラーサスのスペクトラルシールドスロー","트라투스의 환영 방패 투척","Arremesso de Escudo Espectral de Trarthus","Бросок призрачного щита Тератны","Lanzamiento de escudo espectral de Trarthus","โยนโล่เงาแห่งทาร์ทัส","特拉特斯盾靈投擲","Throws a spectral shield as a piercing projectile which deals off-hand damage augmented by the defences of the shield. When it reaches the targeted location it will hover in place, repeatedly firing a number of smaller shards as projectiles in all directions. The rate at which it releases shards will increase until all shards have been fired.","Une attaque qui permet de lancer un bouclier spectral. Ce projectile peut transpercer et inflige des dégâts de main secondaire améliorés par les défenses du bouclier. Lorsqu'il atteint l'emplacement ciblé, il se maintient sur place et projette plusieurs fois un certain nombre d'éclats plus petits dans toutes les directions. Ces éclats sont considérés comme des projectiles. La vitesse à laquelle ces éclats sont libérés augmente jusqu'à ce que tous les éclats aient été tirés.","Wirft einen spektralen Schild als durchbohrendes Projektil, das Nebenhandschaden verursacht, der durch die Defensiven des Schilds verstärkt wird. Beim Erreichen des Zielorts schwebt die Kopie auf der Stelle und feuert wiederholt eine Anzahl kleinerer Splitter als Projektile in alle Richtungen. Die Rate, mit der Splitter entfesselt werden, erhöht sich, bis alle Splitter abgefeuert wurden.","霊体の盾のを貫通する投射物として投げ、盾の防御力に応じて付加されたオフハンドダメージを与える。対象とした地点に到達すると、その場でホバーし、全方向に小さなシャードを多数放つ。シャードを放つ頻度は全てのシャードが放たれるまで増加していく。","방패의 복제품을 투척합니다. 이 투사체는 관통 투사체로, 방패의 방어력에 따른 보조 장비 피해를 줍니다. 방패가 대상 지점에 도달하면 그 자리에 떠 있으면서, 작은 파편을 사방으로 반복하여 투사체로 발사합니다. 파편을 모두 발사할 때까지 파편 발사 속도가 증가합니다.","Arremessa um escudo espectral como um projétil perfurante, causando dano da mão secundária aumentado pela defesa do escudo. Ao alcançar o local escolhido, ele paira no ar e dispara repetidamente fragmentos menores em todas as direções. A frequência dos disparos aumenta até todos os fragmentos serem liberados.","Бросает призрачный щит в виде пронзающего снаряда, нанося урон левой рукой, усиленный защитными показателями щита. При достижении указанного места щит замрёт на месте, непрерывно выпуская во всех направлениях небольшое количество мелких осколков в виде снарядов. Частота выстреливания осколками будет расти, пока не будут выпущены все осколки.","Lanza un escudo espectral en forma de un proyectil que perfora que inflige el daño de la mano secundaria potenciado por las defensas del escudo. Cuando llega a la ubicación objetivo, se queda flotando para disparar repetidamente una cantidad de esquirlas más pequeñas como proyectiles en todas direcciones. La velocidad a la que libera las esquirlas aumentará hasta que se hayan disparado todas las esquirlas.","Spectral Shield Throw of Trarthus\r\nขว้างโล่เงาเป็นโพรเจกไทล์ที่เจาะทะลุ แล้วสร้างความเสียหายมือรองที่ถูกเสริมจากค่าป้องกันต่างๆ ของโล่ เมื่อมันไปถึงตำแหน่งปลายทางจะลอยตัวอยู่กับที่แล้วยิงโพรเจกไทล์สะเก็ดเล็กๆ รอบทิศทาง โดยมีอัตราการปลดปล่อยสะเก็ดเพิ่มขึ้นไปเรื่อยๆ จนกว่าจะยิงสะเก็ดออกมาทั้งหมด","投擲出靈體盾牌，使其成為穿透性投射物，造成副手傷害並受盾牌防禦增幅。其抵達目標位置時會滯空，不斷朝所有方向發射多個小型碎片投射物。其釋出碎片的速度會增加，直到所有碎片都射出。",28,100,"",41834,""
213,12018,2,"[232,233,234,120,121,122,164,165,166,229,230,231,46,110,111,112,8,203,204,205]",12019,"Shield Crush","Bouclier écrasant","Zermalmender Schild","シールドクラッシュ","방패 타쇄","Esmagar com Escudo","Сокрушающий щит","Barrido con escudo","โล่บดขยี้","重盾粉碎","Swipe your shield, dealing area damage in three waves in front of you. Enemies can be hit by two of the waves where they overlap.","Flanque un coup de bouclier qui envoie trois vagues vers l'avant, infligeant des dégâts de zone. Un même ennemi peut être touché par deux vagues à la fois à l'endroit où elles se superposent.","Holt mit Eurem Schild aus und verursacht Flächenschaden in Form von drei Wellen, die vor Euch entfesselt werden. Gegner können von zwei der Wellen getroffen werden, wo sich diese überlappen.","盾を強く打ち付け、前方に3つの波を放ち範囲ダメージを与える。 2 つの波が重なり合った時、敵にヒットを与えることもある。","방패를 휘둘러 전방에 세 갈래의 파동으로 범위 피해를 줍니다. 파동이 겹치는 위치에서는 적이 파동 두 개에 명중될 수 있습니다.","Golpeia com o escudo, causando dano em área em três ondas à sua frente. Inimigos podem ser atingidos por duas ondas que se sobrepuserem.","Делает замах щитом, нанося урон в виде трёх волн перед собой. Врагов могут поразить две волны в том месте, где они сходятся.","Haz un barrido con tu escudo para infligir daño en área en tres oleadas frente a ti. Los enemigos pueden recibir el impacto de dos de las oleadas en el lugar en el que se superponen.","Shield Crush\r\nฟันกวาดด้วย โล่ ของคุณ สร้างความเสียหาย พื้นที่ เป็นคลื่นทั้งสามเบื้องหน้าคุณ ศัตรูสามารถรับความเสียหายจากสองคลื่นที่ซ้อนทับกัน","揮舞你的盾牌，並向你前方造成三道衝擊波。敵人可以被它們重疊的兩道衝擊波擊中。",1,100,"",21201,""
214,214,1,"[232,233,234,120,121,122,164,165,166,229,230,231,228]",215,"Shield Charge","Charge au bouclier","Schildansturm","シールドチャージ","방패 돌진","Investida com Escudo","Удар щитом","Carga con escudo","โล่พุ่งชน","重盾衝鋒","Charges at a targeted location or enemy, pushing away enemies in the path and repeatedly dealing off-hand damage in a small area forwards. Deals damage in a larger area when reaching the target. The further travelled, the more damage dealt, and the greater the chance of stunning enemies.","Une charge sur un ennemi ou un emplacement ciblé, repoussant les ennemis sur le chemin et infligeant de façon répétée des dégâts dans une petite face à son utilisateur. Vous infligez des dégâts dans une zone plus grande lorsque la cible est atteinte. Les dégâts et les chances d'étourdissement augmentent proportionnellement à la distance parcourue.","Stürmt auf ein Ziel oder einen Gegner zu, schiebt diese entlang des Pfads zur Seite und verursacht Nebenhand-Schaden in einem kleinen Bereich vorne. Verursacht in einem größeren Bereich Schaden, wenn das Ziel erreicht wird. Je weiter der Weg, desto größer der Schaden und die Chance, Gegner zu betäuben.","対象となる場所または敵に向かって突進する。その際、道中の敵を押し退け、範囲内の敵にオフハンドダメージを繰り返し与える。対象に達した場合は、ダメージ範囲が大きくなる。遠くへ移動すればするほどダメージが増え、スタン付与確率が高くなる。","대상 지점이나 적에게 돌진하여 경로상에 있는 적을 밀어내고, 전방의 작은 범위에 반복해서 보조 장비 피해를 줍니다. 대상에 도착 시 보다 넓은 범위 피해를 줍니다. 이동한 거리가 길어질수록 적에게 주는 피해가 증가하며 기절시킬 확률이 높아집니다.","Avança até um local ou inimigo, empurrando inimigos no caminho e causando dano da mão secundária repetidamente em uma pequena área à frente. Ao chegar, causa dano em uma área maior. Quanto maior a distância percorrida, maior o dano e a chance de atordoar inimigos.","Устремляется на врага или в указанное место, отталкивая врагов на пути и несколько раз нанося урон левой рукой в небольшой области впереди. По достижении цели, урон наносится в большей области. Чем дальше разбег, тем больше урон и тем выше шанс оглушения врагов. ","Carga hacia una ubicación u enemigo objetivo, empuja a los enemigos que están en su camino e inflige daño repetidamente con el arma secundaria en un área pequeña hacia delante. Inflige daño en un área más grande cuando alcanza al objetivo. Cuanto más lejos se desplace, mayor será el daño infligido y la probabilidad de aturdir a los enemigos.","Shield Charge\r\nพุ่งไปยังพื้นที่เป้าหมายหรือศัตรู ผลักศัตรูที่ขวางทางออกไปและสร้างความเสียหายซ้ำๆ ในพื้นที่ขนาดเล็กข้างหน้า สร้างความเสียหายในพื้นที่ใหญ่ขึ้นเมื่อเข้าไปถึงเป้าหมาย ยิ่งเคลื่อนที่ไปไกลเท่าไร ยิ่งสร้างความเสียหายเพิ่มขึ้น อีก และเพิ่มโอกาสสร้างสถานะ สตัน ต่อศัตรูอีกด้วย","朝一個區域或敵人衝鋒，將路線上的敵人推開並持續對前方小型區域造成副手傷害。到達目標時對較大的區域造成傷害。衝鋒距離越遠，造成的傷害越高，並且擊暈敵人的機率越高。",4,100,"",22850,""
215,6868,3,[],"","Prismplate","Armure prismatique","Prismatische Panzerung","プリズムプレート","분광판","Placa Prismática","Радужная броня","Placa prismática","เกราะคุ้มธาตุ","稜光鎧甲","Applies a short duration buff to an ally, causing a portion of their armour to apply to elemental damage taken.","Applique un effet bénéfique de courte durée à un allié, permettant à une partie de son armure de s'appliquer aux dégâts élémentaires subis.","Gewährt einem Verbündeten für eine kurze Dauer eine Stärkung, durch die ein Teil seiner Rüstung auf erlittenen Elementarschaden angerechnet wird.","近くの味方に短時間アーマーの一部が受ける元素ダメージに適用されるバフを適用する。","동료에게 짧은 시간 동안 버프를 적용하여, 방어도의 일부가 받는 원소 피해에 적용되게 합니다.","Aplica um bônus de curta duração a um aliado, fazendo com que parte da armadura dele proteja contra dano elemental.","Накладывает на союзника кратковременный положительный эффект, заставляющий часть его брони применяться к получаемому урону от стихий.","Aplica un efecto beneficioso de corta duración a un aliado que hace que una parte de su armadura se aplique al daño elemental recibido.","Prismplate\r\nมอบบัฟระยะเวลาสั้นให้กับเพื่อน เพื่อให้ค่าเกราะของเขาส่วนหนึ่งส่งผลต่อความเสียหาย ธาตุ ที่ได้รับ","為一名友方施加短效增益效果，使其一部分護甲值套用在承受的元素傷害。",28,100,1,52494,"Art/2DArt/SkillIcons/HouseAzadiSkill.dds"
216,6869,3,[],"","Brutal Teachings","Enseignements brutaux","Brutale Lehren","ブルータルティーチング","잔인한 가르침","Lições Brutais","Суровые тренировки","Enseñanzas brutales","บทเรียนอำมหิต","殘暴教誨","Applies a short duration buff to nearby allies, causing impales they inflict to last for one additional hit.","Applique un effet bénéfique de courte durée aux alliés à proximité, permettant aux empalements qu'ils infligent de durer une touche supplémentaire.","Gewährt Verbündeten im Umkreis für eine kurze Dauer eine Stärkung, wodurch durch sie verursachte Aufspießungen einen zusätzlichen Treffer anhalten.","近くの味方に短時間付与した串刺しは追加でヒット1回分持続するバフを適用する。","주변 동료들에게 짧은 시간 동안 버프를 적용하여, 동료가 유발하는 꿰뚫기가 1회 추가로 명중할 동안 유지되게 합니다.","Aplica um bônus de curta duração aos aliados próximos, fazendo com que os empalamentos causados por eles durem um acerto a mais.","Накладывает на ближайших союзников кратковременный положительный эффект, продлевающий действие наложенных ими Проколов на ещё один удар.","Aplica un efecto beneficioso de corta duración a un aliado que hace que los empalamientos que aplica duren un impacto adicional.","Brutal Teachings\r\nมอบบัฟระยะเวลาสั้นให้กับเพื่อน เพื่อให้สถานะ ทิ่มแทง ที่พวกเขาสร้างรับการปะทะได้เพิ่มเติม 1 ครั้ง","為附近的友方施加短效增益效果，使其造成的穿刺額外持續一次擊中。",28,100,"",27763,"Art/2DArt/SkillIcons/HouseAzadiSkill.dds"
217,10038,2,"[110,111,112,120,121,122,164,165,166,0,1,23,24,25,154,155,156,142]","","Shattering Steel","Acier fendant","Zerschmetternder Stahl","シャタリングスティール","강철 파편","Aço Estilhaçante","Дробящая сталь","Acero devastador","เหล็กกล้าแตกกระจาย","鋼之碎擊","Swing an Axe or Sword, firing projectiles which shatter on impact or soon after being launched, dealing area damage in front of where they shatter.","Frappe avec une hache ou une épée pour tirer des projectiles qui se fragmentent à l'impact, ou après avoir parcouru une certaine distance. Ces projectiles infligent des dégâts de zone devant l'emplacement où ils se fragmentent.","Schwingt eine Axt oder ein Schwert und feuert Projektile, die beim Aufprall oder kurz nach dem Abfeuern zerschmettern und dabei in einem Bereich vor dem Zerschmettern Flächenschaden verursachen.","斧または剣を振り回し投射物を放つ。その投射物は衝突するか発射されてすぐに砕け散り前方に範囲ダメージを与える。","도끼나 검을 휘둘러 투사체를 날려 보냅니다. 투사체는 적과 충돌하거나 짧은 시간이 지난 후 분할되며, 분할된 조각들은 충돌 지점 전방에 범위 피해를 줍니다.","Ataque com machado ou espada, disparando projéteis que se estilhaçam no impacto ou pouco depois de serem lançados, causando dano em área na frente do local onde se estilhaçam.","Совершает взмах мечом или топором, выпуская снаряды, которые разбиваются при столкновении или после полёта на короткую дистанцию. Разбитые осколки наносят урон перед собой.","Blande un hacha o una espada para disparar proyectiles que se hacen añicos al impactar o poco después de salir disparados y que infligen daño en área delante del lugar donde se han hecho añicos.","Shattering Steel\r\nเหวี่ยง ขวานหรือดาบ เพื่อปล่อยโพรเจกไทล์ที่แตกสลายเมื่อกระทบหรือเมื่อมันพุ่งไปจนสุดระยะ โพรเจกไทล์เหล่านี้จะสร้างความเสียหาย พื้นที่ ด้านหน้าจุดที่พวกมันแตกกระจาย","揮舞斧或劍，發射出投射物，在撞擊時或發射後不久粉碎，對其前方造成範圍傷害。",12,100,"",12729,""
218,11456,2,"[110,111,112,120,121,122,164,165,166,0,1,23,24,25,154,155,156,142]","","Splitting Steel","Acier à fragmentation","Zersplitternder Stahl","スプリッティングスティール","강철 분할","Aço Rachante","Раскалывающая сталь","Acero explosivo","เหล็กกล้าแยกตัว","鋼之裂化","Fire a single projectile that splits on impact or at the targeted location, dealing area damage when it splits and again when the split projectiles explode at the end of their flight.","Envoie un projectile qui se divise soit à l'impact, soit à l'endroit ciblé. Lorsqu'il se Divise, le projectile envoie des fragments dans une zone, et ces fragments infligent à nouveau des dégâts de zone à la fin de leur trajectoire.","Feuert ein einzelnes Projektil ab, das beim Aufprall oder am Zielort zersplittert. Das Projektil verursacht Flächenschaden, wenn es bei Aufprall zersplittert und wenn die zersplitterten Projektile am Ende ihrer Laufbahn explodieren.","着弾時または指定地点で分裂する投射物を一つ放つ。分裂する時に範囲ダメージを与え、分裂した投射物が飛び終わってから爆発する時にも再度ダメージを与える。","충돌 시 또는 대상 지점에서 분할되는 투사체 1개를 발사합니다. 투사체는 분할 시 한 번, 그리고 경로 끝에서 폭발할 때 또 한 번 범위 피해를 줍니다.","Dispara um projétil que se divide no impacto ou no local escolhido, causando dano em área quando se divide e novamente quando os projéteis divididos explodem no fim do trajeto.","Выпускает одиночный снаряд, который раскалывается либо при ударе, либо в указанном месте и наносит урон по области в момент раскола и при взрыве отколовшихся снарядов в конце их полёта.","Dispara un único proyectil que se divide al impactar o en la ubicación objetivo y que inflige daño en área cuando se divide y, de nuevo, cuando los proyectiles divididos explotan al final de su recorrido.","Splitting Steel\r\nยิงโพรเจกไทล์ออกไป 1 ลูกซึ่งจะแยกเมื่อกระทบหรือเมื่อถึงตำแหน่งเป้าหมาย สร้างความเสียหาย พื้นที่ เมื่อมันแยก และสร้างความเสียหายอีกครั้งเมื่อโพรเจกไทล์ที่แยกระเบิดที่ปลายทาง","發射單一投射物，在撞擊或抵達目標位置時裂化，當它裂化時會造成範圍傷害，裂化的投射物在飛行結束時會爆炸並再次造成範圍傷害。",1,100,"",28511,""
219,10016,2,"[110,111,112,120,121,122,164,165,166,0,1,23,24,25,154,155,156,142,261]","","Lancing Steel","Acier transperçant","Stechender Stahl","ランシングスティール","강철 관통","Aço Punçante","Пронзающая сталь","Acero empalador","พุ่งเหล็กกล้า","鋼之突刺","Thrust an Axe or Sword forward, consuming Steel Shards to form a cluster of shards. The cluster will fire a number of projectiles in sequence, aiming at enemies in front of or close to it. Steel Shards are gained with the Call of Steel Skill.","Exécute une attaque à l'épée ou à la hache vers l'avant, consommant les Éclats d'acier afin de former un amoncellement d'éclats en lévitation. Cet amoncellement tirera un certain nombre de projectiles les uns à la suite des autres en visant les ennemis devant lui ou proches de lui. Les Éclats d'acier sont obtenus à l'aide de l'aptitude Appel de l'acier.","Schwingt eine Axt oder ein Schwert nach vorne und verbraucht Stahlsplitter, um eine Salve aus Splittern zu erzeugen. Die Salve feuert nacheinander eine Anzahl von Projektilen ab und zielt dabei auf Gegner, die sich vor ihr oder in ihrer Nähe befinden. Stahlsplitter werden durch die Fertigkeit 'Ruf des Stahls' erzeugt.","斧または剣で前方に突きを行い、スティールシャードを消費しシャードの塊を形成する。シャードの塊は前方または近くの敵に向かって多数の投射物を連続して放つ。スティールシャードはコールオブスティールスキルを使うことで獲得できる。","도끼나 검을 전방으로 찔러 강철 조각을 소모하고 전방에 조각 무리를 생성합니다. 조각 무리에서 투사체가 차례로 발사되어, 전방 또는 가까운 적을 노립니다. 강철의 부름 스킬로 강철 조각을 얻을 수 있습니다.","Desfere uma estocada com machado ou espada, consumindo estilhaços de aço para gerar um aglomerado de estilhaços. O aglomerado dispara vários projéteis em sequência, mirando nos inimigos à frente ou próximos. Estilhaços de aço são obtidos com a habilidade Brado de Aço.","Совершает выпад вперёд мечом или топором, расходуя стальные осколки и создавая в воздухе скопление снарядов, которые затем выстреливают один за другим, целясь во врагов впереди или вблизи скопления. Стальные осколки можно получить с помощью умения Зов стали.","Blande un hacha o una espada hacia delante y consume esquirlas de acero para crear un grupo de proyectiles. El grupo disparará varios proyectiles en una secuencia hacia los enemigos que estén delante o cerca de él. Las esquirlas de acero se obtienen con la habilidad Convocación de acero.","Lancing Steel\r\nแทง ขวานหรือดาบ ออกไปด้านหน้า พร้อมกับใช้ สะเก็ดเหล็ก ที่คุณมีเพื่อสร้างเป็นฝูงเหล็กเบื้องหน้าคุณ ฝูงเหล็กจะยิงโพรเจกไทล์อย่างต่อเนื่อง โดยจะเล็งไปยังศัตรูที่อยู่ด้านหน้าหรือศัตรูที่อยู่ใกล้ที่สุด","以斧或劍向前突刺，消耗鋼鐵碎片形成碎片簇。碎片簇依序朝其前方或附近的敵人發射數個投射物。鋼鐵碎片可自鋼之呼喚技能獲得。",28,100,"",43812,""
220,11475,3,[],"","Call of Steel","Appel de l'acier","Ruf des Stahls","コールオブスティール","강철의 부름","Brado de Aço","Зов стали","Convocación de acero","เรียกเหล็กกล้า","鋼之呼喚","Calls impale debuffs from enemies, alive or dead, in a large surrounding area to gain steel shards. Deals reflected damage in a smaller area around each enemy based on the impales removed from them. Continues to grant shards over time until reaching maximum or until they are spent.","Retire tous les Empalements des ennemis vivants ou morts dans une grande zone autour de l'utilisateur, et génère des Éclats d'acier. Chaque Empalement ainsi retiré inflige des Dégâts renvoyés dans une petite zone autour de chaque ennemi affecté. Cette aptitude continue de générer des Éclats d'acier au fil du temps jusqu'à atteindre leur nombre maximal ou jusqu'à ce qu'ils soient dépensés.","Entfernt Aufspießungs-Schwächungen von toten oder lebendigen Gegnern in einem großen umliegenden Bereich und erzeugt Stahlsplitter. Verursacht in einem kleineren Bereich um jeden betroffenen Gegner reflektierten Schaden, der auf den entfernten Aufspießungen basiert. Gewährt über die Zeit weiterhin Stahlsplitter, bis das Maximum erreicht ist oder sie eingesetzt werden.","周囲の広い範囲の敵からその生死に関わらず串刺しのデバフを呼び寄せ、スティールシャードを獲得する。敵から取り除かれた串刺しのデバフの効果に応じてその敵の周囲の狭い範囲に反射ダメージを与える。シャード最大数に達するか、全て使い果たすまで、時間経過とともにシャードを付与し続ける。","주위의 넓은 지역에서 적의 생사 여부와 관계없이 적에게 중첩된 꿰뚫기 디버프를 불러 강철 조각을 얻습니다. 각 적에게서 제거한 꿰뚫기에 비례하여 해당 적 주변의 좁은 지역에 반사 피해를 줍니다. 강철 조각은 조각이 최대치에 도달하거나 조각을 모두 소모할 때까지 지속적으로 획득하게 됩니다.","Atrai penalidades de empalamento dos inimigos, vivos ou mortos, em uma grande área ao seu redor para ganhar estilhaços de aço. Cada inimigo afetado sofre dano refletido em uma pequena área ao redor deles, conforme os empalamentos são removidos. Os estilhaços continuam a ser gerados com o tempo até você atingir o limite ou gastá-los.","Снимает отрицательные эффекты Прокола с живых и мёртвых противников в большом радиусе вокруг и дарует стальные осколки. Умение наносит отражённый урон в меньшем радиусе вокруг каждого такого врага в зависимости от снятых Проколов. Продолжает даровать осколки с течением времени, пока не накопится максимум или пока не начать их тратить.","Extrae efectos nocivos de empalamiento de los enemigos, vivos o muertos, en un área grande circundante para obtener esquirlas de acero. Inflige daño reflejado en un área más pequeña alrededor de cada uno de esos enemigos basado en la cantidad de empalamientos que se hayan extraído de ellos. Sigue otorgando esquirlas a lo largo del tiempo hasta alcanzar el máximo o que se gasten.","Call of Steel\r\nเรียกดีบัฟ ทิ่มแทง ออกจากตัวศัตรูที่มีชีวิตหรือตายในพื้นที่ขนาดใหญ่รอบตัวเพื่อรับ สะเก็ดเหล็ก พร้อมกับสร้างความเสียหาย สะท้อน ในพื้นที่เล็กๆ รอบตัวศัตรูเหล่านั้นตามจำนวนดีบัฟ ทิ่มแทง ที่กำจัดไปจากพวกมัน และจะได้รับสะเก็ดเพิ่มขึ้นอย่างต่อเนื่องจนกว่าจะมีจำนวนสูงสุดหรือจ่ายสะเก็ดนั้นไป","在附近大範圍內呼喚活著或死亡敵人身上的穿刺減益效果，使你獲得鋼鐵碎片。並根據移除自敵人的穿刺在其周圍造成小範圍的反射傷害。持續獲得碎片直到達最大上限，或是將其耗盡。",1,100,"",46131,""
221,329,0,"[120,121,122,46,164,165,166,83,84,85,26,27,28]","","Whirling Blades","Lames tourbillonnantes","Wirbelnde Klingen","ワーリングブレード","칼날 선회","Lâminas Giratórias","Шквал клинков","Filos giratorios","รำมีดพุ่ง","迴旋之刃","Dive through enemies, dealing weapon damage. If dual wielding attacks with both weapons, dealing the damage of both in one hit. Only works with Daggers, Claws, and One-Handed Swords.","Un plongeon à travers les ennemis, qui inflige des dégâts d'arme. Dans le cadre du combat à deux armes, l'attaque utilise simultanément les deux armes et inflige leurs dégâts en une seule touche. Fonctionne uniquement avec les dagues, épées à une main ou griffes.","Ihr bewegt Euch durch Gegner hindurch und verursacht Waffenschaden. Beim Tragen zweier Waffen wird mit beiden Waffen angegriffen und der Schaden von beiden in einem einzigen Treffer verursacht. Funktioniert nur mit Dolchen, Klauen oder Einhandschwertern.","敵に向かって飛び込み、武器ダメージを与える。二刀流状態で両方の武器を使って攻撃した場合、両方のダメージを1回の攻撃で与える。使用するには短剣、鉤爪または片手剣を装備する必要がある。","나선형으로 돌진하여 무기 피해를 줍니다. 쌍수 사용 시 두 무기로 공격하여 한 번 명중으로 두 무기의 피해를 모두 줍니다. 단검과 클로, 한손 검으로만 사용할 수 있습니다.","Avança cortando os inimigos e causando dano da arma. Se desferir um golpe com ambas as armas, causa o dano combinado delas. Funciona apenas com adagas, garras e espadas de uma mão.","Устремляется вперёд сквозь врагов, по пути нанося урон от оружия. При ношении оружия в каждой руке атакует обеими руками сразу. Умение требует кинжал, когти или одноручный меч.","Se lanza entre los enemigos e inflige daño de arma. Si empuña dos armas, atacará con ambas e infligirá el daño de las dos en un solo impacto. Solo funciona con dagas, garras y espadas a una mano.","Whirling Blades\r\nพุ่งผ่านศัตรู สร้างความเสียหายด้วยอาวุธ หากถือ อาวุธคู่ จะโจมตีด้วยอาวุธทั้งสองแล้วสร้างความเสียหายจากอาวุธทั้งสองพร้อมกันในการปะทะครั้งเดียว ใช้ได้กับมีด, กรงเล็บ, ดาบมือเดียว เท่านั้น","穿梭於敵人之間，造成武器傷害。若雙持時以兩把武器攻擊，則在一次擊中時造成兩把武器的傷害。限定匕首、爪以及單手劍。",10,100,"",10823,""
222,10849,2,"[33,34,35,120,121,122,0,1,154,155,156,126,127,128,103,104,105,26,27,28,157,158]","","Venom Gyre","Spirale venimeuse","Giftwirbel","ヴェノムジャイア","독액 선회","Espiral Venenosa","Круг яда","Espiral de veneno","มีดบินอสรพิษ","猛毒迴旋","Fires a returning projectile that can be caught. Caught projectiles spiral outwards when you use Whirling Blades and do not return.","Une attaque permettant de tirer un projectile qui revient à vous. Vous pouvez rattraper et emmagasiner ces projectiles, jusqu'à une certaine limite. Lorsque vous utilisez Lames tourbillonnantes, vous libérez tous les projectiles emmagasinés. Lorsqu'ils sont libérés par Lames tourbillonnantes, les projectiles sont tirés en spirale et ne reviennent pas.","Feuert ein zurückkehrendes Projektil, das eingefangen werden kann. Eingefangene Projektile werden um Euch herum entfesselt, sobald Ihr 'Wirbelnde Klingen' verwendet und können nicht zurückkehren.","使用者の位置に回帰し回収することのできる投射物を放つ。ワーリングブレードを使用すると回収された投射物は外側に向かって円状に放たれ、回帰することはない。","되돌아와 붙잡을 수 있는 투사체를 발사합니다. 붙잡은 투사체는 칼날 선회를 사용할 경우 바깥으로 소용돌이치면서 날아가며 되돌아오지 않습니다.","Dispara um projétil que retorna e pode ser capturado. Ao usar Lâminas Giratórias, os projéteis capturados disparam em espiral e desaparecem.","Выпускает снаряд, возвращающийся обратно, который можно поймать. При использовании Шквала клинков все пойманные снаряды выпускаются по спирали и не возвращаются.","Dispara un proyectil que regresa y que se puede atrapar. Los proyectiles atrapados salen disparados hacia fuera cuando usas Filos giratorios y no vuelven.","Venom Gyre\r\nโยนโพรเจกไทล์ออกไปซึ่งจะกลับมาหาคุณและสามารถรับไว้ได้ โพรเจกไทล์ที่รับไว้จะถูกโยนเป็นเกลียวเมื่อคุณใช้รำมีดพุ่ง (Whirling Blades) และจะไม่กลับมาหาอีก","發射一個會被接住的返回投射物。當你使用迴旋之刃時，接住的投射物會旋轉向外發射，且不會返回。",12,100,"",59831,""
223,1087,2,"[33,34,35,120,121,122,126,127,128,103,104,105,26,27,28,157,158,49,50,51,62,63,64,191,192,4]",1088,"Viper Strike","Morsure de vipère","Vipernschlag","ヴァイパーストライク","맹독 타격","Golpe da Víbora","Удар гадюки","Golpe de víbora","ฟาดอสรพิษ","毒蛇打擊","Hits enemies, converting some of the physical damage to chaos damage and inflicting poison which will be affected by modifiers to skill duration. If dual wielding, will strike with both weapons.","Frappe un ennemi en convertissant une partie des dégâts physiques sous forme de dégâts de chaos. Inflige également un poison dont la durée est affecté par les modificateurs de durée des aptitudes. Dans le cadre du combat à deux armes, frappe avec les deux armes en même temps.","Trifft Gegner, wandelt einen Teil des physischen Schadens in Chaosschaden um und wendet Gift an, das von Modifikatoren der Fertigkeitsdauer beeinflusst wird. Beim Tragen zweier Waffen erfolgt der Schlag mit beiden Waffen.","敵を攻撃し、物理ダメージの一部を混沌ダメージとして追加したダメージを与え、毒を敵に付与する。毒の持続時間はスキルの持続時間のモッドの影響を受ける。二刀流時は両方の武器で攻撃する。","적을 명중시키면 물리 피해의 일부가 카오스 피해로 전환되고 중독을 유발합니다. 중독은 스킬 지속시간 관련 속성의 영향을 받습니다. 쌍수를 사용할 경우 양쪽 무기 모두로 타격합니다.","Ao golpear inimigos, parte do dano físico causado é convertido em dano de caos e aplica veneno, o qual é afetado por modificadores de duração de habilidade. Se usar duas armas, ambas são usadas para golpear.","Бьёт врага, превращая часть физического урона в урон хаосом и накладывая яд, на который действуют модификаторы длительности умения. При ношении парного оружия наносит удар каждым оружием.","Impacta a los enemigos con una parte del daño físico convertido a daño de caos y les aplica veneno. A este veneno le afectan los modificadores de duración de las habilidades. Si empuña dos armas, golpeará con ambas.","Viper Strike\r\nปะทะศัตรูโดยแปลงความเสียหาย กายภาพ ส่วนหนึ่งเป็น เคออส และสร้างสถานะ พิษ ซึ่งสถานะนี้จะได้รับผลจากม็อดที่ส่งผลต่อ ระยะเวลาของสกิล หากถือ อาวุธคู่ จะฟาดด้วยอาวุธทั้งสองพร้อมกัน","對敵人進行攻擊，轉化部分的物理傷害為混沌傷害並造成中毒，該中毒受到技能持續時間詞綴影響。雙持時，會使用兩把武器打擊。",1,100,"",22227,""
224,10845,2,"[33,34,35,120,121,122,126,127,128,103,104,105,26,27,28,157,158,62,63,64,191,192,4]","","Pestilent Strike","Frappe pestilentielle","Seuchenschlag","ペスティレントストライク","전염성 일격","Golpe Pestilento","Моровой удар","Golpe pestilente","ฟาดเชื้อร้าย","瘟疫打擊","Attacks enemies inflicting a debuff on hit. If a debuffed enemy dies while poisoned, Pestilent Strike inflicts a secondary chaos damage over time debuff on enemies around them, based on the poisons on the slain enemy. ","Une attaque qui inflige un effet néfaste aux ennemis touchés. Si un ennemi meurt tout en étant à la fois affecté par cet effet néfaste et empoisonné, Frappe pestilentielle inflige aux autres ennemis autour de lui un effet néfaste secondaire qui inflige des dégâts de chaos sur la durée. Les dégâts de cet effet néfaste secondaire sont proportionnels aux poisons affectant l'ennemi tué.","Greift Gegner an und wendet bei Treffer eine Schwächung an. Wenn ein geschwächter Gegner stirbt, während er vergiftet ist, wendet die Fertigkeit bei Gegnern im Umkreis eine sekundäre Schwächung mit Chaosschaden über Zeit an, die auf den Giftstapeln des zuvor getöteten Gegners basiert. ","ヒット時に敵にデバフを付与するアタックを行う。デバフを受けた敵を毒状態のまま倒すと、ペスティレントストライクは倒した敵の毒に応じた混沌継続ダメージを与える副次的なデバフを周囲の敵に与える。","적을 공격하여 명중 시 디버프를 겁니다. 디버프에 걸린 적이 중독된 상태에서 죽을 경우, 전염성 일격이 그 주변의 적들에게 2차로 지속 카오스 피해 디버프를 겁니다. 이 디버프는 죽은 적의 중독 상태에 따라 위력이 달라집니다.","Ataca e inflige uma penalidade aos inimigos atingidos. Se um inimigo envenenado morrer com essa penalidade, Golpe Pestilento inflige outra penalidade de dano de caos degenerativo aos inimigos ao redor, com base nos venenos do inimigo morto.","Атакует врага, накладывая кратковременный отрицательный эффект при нанесении удара. Если под действием эффекта отравленный враг умирает, Моровой удар накладывает вторичный постепенный урон хаосом на врагов вокруг цели.","Ataca a los enemigos para aplicarles un efecto nocivo al impactarlos. Si un enemigo que tiene el efecto muere estando envenenado, Golpe pestilente aplica un efecto nocivo secundario de daño de caos degenerativo a los enemigos de su alrededor, basado en los venenos que tenía el enemigo asesinado.","Pestilent Strike\r\nฟาดศัตรูเพื่อสร้างดีบัฟต่อศัตรูที่ถูกปะทะ หากศัตรูที่ติดดีบัฟตายขณะที่ติดสถานะ พิษ ฟาดเชื้อร้ายจะสร้างดีบัฟรองที่สร้างความเสียหาย เคออส ต่อเนื่องต่อศัตรูที่อยู่รอบๆ มันตามจำนวนสถานะ พิษ บนศัตรูที่ถูกสังหาร","攻擊敵人，擊中時造成一個減益效果。若持有減益效果的敵人在中毒時死亡，瘟疫打擊會根據該名被擊殺的敵人身上的中毒效果，對其周圍的敵人施加一個額外的混沌持續傷害減益效果。",28,100,"",12262,""
225,10791,2,"[33,34,35,143,144,145,6,7,157,158,26,27,28,0,1,154,155,156,142,262]","","Cobra Lash","Croc de cobra","Kobraschlag","コブララッシュ","코브라 채찍","Bote da Naja","Бросок кобры","Latigazo de cobra","จงอางฟาดหาง","毒蛇鞭笞","Fires a poisonous projectile attack that will chain between enemies. ","Une attaque qui tire un projectile empoisonné qui ricoche entre les ennemis.","Feuert einen giftigen Projektilangriff, der sich zwischen Gegnern verkettet. ","敵の間を連鎖する毒の投射物を放つ。","적들 사이에 연쇄되는 맹독성 투사체 공격을 발사합니다.","Ataca disparando um projétil envenenado que se propaga entre os inimigos.","Атакует ядовитым снарядом, который поражает противников по цепи.","Dispara un ataque de proyectil venenoso que se encadenará entre los enemigos.","Cobra Lash\r\nยิงโพรเจกไทล์พิษที่จะชิ่งไปมาระหว่างศัตรูซึ่งขึ้นอยู่กับอาวุธของคุณ","發射一個有毒的投射物攻擊，該投射物會在敵人之間連鎖。",1,100,"",16896,""
226,3724,2,"[33,34,35,120,121,122,0,1,154,155,156,126,127,128,103,104,105,26,27,28,157,158]","","Profane Strike","Frappe profane","Gottloser Schlag","プロファンストライク","부정한 타격","Golpe Profano","Нечестивый удар","Golpe profano","ฟาดนอกรีต","褻瀆打擊","Attacks with physical and chaos damage. This attack causes balls of unholy energy to launch forth from the enemies hit, divided amongst all enemies hit by the strike. These will deal area attack damage to enemies where they land.","Une attaque qui inflige des dégâts physiques et de chaos. Cette attaque projette des orbes d'énergie sacrée depuis les ennemis touchés, qui se répartissent entre tous les ennemis touchés par la frappe. Ceux-ci infligent des dégâts d'attaque de zone aux ennemis présents dans leur zone d'atterrissage.","Greift Gegner mit physischem und Chaosschaden an. Dieser Angriff schleudert Bälle aus unheiliger Energie, die sich auf alle Gegner verteilen, die durch den Schlag getroffen werden. Die Bälle verursachen bei den Gegnern, wo sie landen, Flächenschaden.","物理および雷ダメージでアタックする。このアタックはヒットした敵から不浄なエネルギーの弾丸を発射し、命中した敵全員に分配される。弾丸は着弾した敵に範囲アタックダメージを与える。","물리 및 카오스 피해로 공격합니다. 공격이 명중한 적에게서 전방으로 불경한 에너지의 구체가 발사되어 명중된 모든 적에게 분산됩니다. 또한 이 마그마 구체는 떨어지면 폭발하여 적들에게 범위 피해를 줍니다.","Ataca com dano físico e de caos. Inimigos atingidos liberam esferas de energia profana que se dividem entre todos os alvos do golpe, causando dano de ataque em área onde caem.","Атакует, нанося физический урон и урон хаосом, создавая при этом шары нечестивой энергии, урон от которых распределяется между всеми врагами, которых они заденут. Шары наносят урон от атак по области в месте приземления.","Ataca con daño físico y de caos. Este ataque hace que bolas de energía profana se lancen hacia delante desde los enemigos impactados, que se dividen entre todos los enemigos impactados por el golpe. Estas infligirán daño de ataques en área a los enemigos allí donde aterricen.","Profane Strike\r\nโจมตีด้วยความเสียหาย กายภาพและเคออส การโจมตีนี้ทำให้ลูกพลังอธรรมพุ่งออกมาจากศัตรูที่คุณปะทะ พุ่งไปยังศัตรูที่ถูกปะทะอย่างเท่าๆ กัน ลูกเหล่านี้จะสร้างความเสียหาย โจมตี พื้นที่ ต่อศัตรูในพื้นที่ที่มันตกกระทบ","使攻擊帶有物理和混沌傷害。此攻擊使邪惡能量球從被擊中的敵人身上向前方發射，在被打擊擊中的所有敵人之間彈跳。邪惡能量球落地時，對敵人造成範圍攻擊傷害。",28,100,"",36446,""
227,4882,0,"[180,181,182,65,66,67,159,232,233,234]","","Abyssal Cry","Cri abyssal","Abyssischer Schrei","アビサルクライ","심연의 함성","Clamor Abissal","Клич преисподней","Grito abisal","คำรามขุมนรก","深淵戰吼","Performs a warcry, Hindering nearby enemies and causing them to explode when killed. The Hinder effect is proportional to the number of surrounding enemies. Taunts all nearby enemies to attack the user.","Un cri de guerre qui entrave les ennemis à proximité et les fait exploser lorsqu'ils sont tués. L'effet d'entrave est proportionnel au nombre d'ennemis aux alentours. Provoque tous les ennemis à proximité, les obligeant à attaquer l'utilisateur.","Entfesselt einen Kriegsschrei, der Gegner im Umkreis lähmt und sie zum Explodieren bringt, wenn sie sterben. Der Lähmungseffekt wird proportional zur Anzahl von Gegnern im Umkreis erhöht. Umstehende Gegner werden verspottet und greifen Euch an.","近くの敵を妨害状態にするウォークライを行う。このように妨害された敵は倒された時に爆発する。妨害の効果は周囲にいる敵の数に比例する。近くの敵を挑発し、プレイヤーを攻撃させる。","함성을 질러 주변의 적의 이동을 방해하고 적이 사망할 경우 폭발시킵니다. 이동 방해 효과는 포위한 적의 숫자에 비례합니다. 주변의 모든 적이 사용자를 공격하도록 도발하는 효과가 있습니다.","Esbraveja um clamor, tolhendo os inimigos próximos e fazendo-os explodir ao morrer. O tolhimento é proporcional à quantidade de inimigos nas proximidades. Provoca todos os inimigos a atacarem o usuário.","Издаёт боевой клич, накладывая Скованность на врагов вокруг и заставляя их взрываться при смерти. Эффект Скованности зависит от количества врагов. Провоцирует всех врагов поблизости, заставляя их атаковать издавшего клич.","Ejecuta un grito de guerra que entumece a los enemigos cercanos y hace que exploten al morir. El efecto del entumecimiento es proporcional a la cantidad de enemigos circundantes. Provoca a todos los enemigos cercanos para que ataquen al usuario.","Abyssal Cry\r\nส่งเสียงคำรามเพื่อยั่วยุศัตรูที่อยู่ใกล้ให้มาโจมตีผู้ใช้ พร้อมกันนี้ก็สร้างสถานะ ขัดขวาง ต่อศัตรูที่อยู่ใกล้ ทำให้มันระเบิดเมื่อถูกสังหาร โดยผลของสถานะ ขัดขวาง จะขึ้นอยู่กับจำนวนศัตรูรอบตัว","發出一道戰吼，阻礙附近敵人並使他們在遭擊殺時爆炸。阻礙效果與周圍敵人數量成正比。嘲諷附近所有敵人，使他們攻擊施放者。",1,100,"",14992,""
228,10045,1,"[65,66,67,159,232,233,234,37,38,39,148,149,150,174,175,176,157,158,164,165,166]","","Seismic Crush","Écrasement sismique","Seismische Zertrümmerung","サイズミッククラッシュ","지진 타쇄","Esmagamento Sísmico","Сейсмическое сокрушение","Choque sísmico","ธรณีบดขยี้","裂地潰擊","Rip stone from the earth, compacting it into a bludgeoning sphere to slam down onto enemies.","Arrache de la roche du sol, puis la compacte en une sphère contondante qui vient s'écraser sur les ennemis.","Reißt Steine aus der Erde und verdichtet sie zu einer Sphäre, die auf Feinde niedergeschmettert wird.","地面から石を剥がし、それを圧縮して殴打用の球体にし、敵に叩きつける。","땅에서 돌을 뽑아 낸 후 묵직한 구체로 압착하여 적들을 강타합니다.","Arranca pedras do chão, compactando-as em uma esfera contundente para esmagar os inimigos.","Вырывает из земли камни, утрамбовывая их в крушащий шар, и роняет его на врагов.","Arranca piedras de la tierra para compactarlas en una esfera apaleadora que se estrella contra los enemigos.","Seismic Crush\r\nกระชากหินขึ้นมาจากผืนดิน แล้วอัดรวมเป็นวงเพื่อทุบลงมายังศัตรู","從大地裡拉出石頭，將其壓縮成重擊球體砸向敵人。",28,100,1,17198,"Art/2DArt/SkillIcons/HouseAzadiSkill.dds"
229,1251,0,"[65,66,67,232,233,234,37,38,39,157,158,148,149,150]","","Bloody Warp","Téléportation sanglante","Blutteleportation","ブラッディワープ","피투성이 차원 이동","Teletransporte Sangrento","Кровавый переход","Teletransporte sangriento","วาร์ปโชกเลือด","血腥傳送","Teleport to a targeted destination. When the teleport occurs, physical damage is dealt to the area around both the origin and the destination.","Téléporte à un emplacement ciblé. Lorsque la téléportation se produit, des dégâts physiques sont infligés autour de son point de départ et d'arrivée.","Teleportiert zu einem Zielort. Bei der Teleportation wird sowohl am Herkunfts- sowie am Ankunftsort herum physischer Schaden verursacht.","指定した目的地へテレポートする。テレポートが発生すると、始点と終点の周囲に物理ダメージを与える。","대상 지점으로 순간이동합니다. 순간이동 시 출발 지점과 도착 지점 주위의 일정 범위에 물리 피해를 줍니다.","Teletransporta-se para o local escolhido. Quando isso acontece, causa dano físico na área ao redor dos pontos de partida e de chegada.","Переносит в указанное место. При переходе по области вокруг точек отправления и назначения наносится физический урон.","Se teletransporta a una ubicación objetivo. Cuando se produce el teletransporte, se inflige daño físico alrededor de las áreas de origen y de destino.","Bloody Warp\r\nเทเลพอร์ตเข้าไปยังจุดหมายที่เลือก เมื่อเกิดการเทเลพอร์ตจะสร้างความเสียหาย กายภาพ ต่อศัตรูในพื้นที่รอบๆ ตำแหน่งต้นทางและปลายทาง","傳送至一個指定區域。當傳送發生時，會對原本位置和目的地周圍的區域造成物理傷害。",10,100,"",22724,""
230,5325,2,"[37,38,39,232,233,234,148,149,150,174,175,176,49,50,51,157,158,164,165,166]","","Blade Vortex","Vortex de lames","Klingenwirbel","ブレードヴォーテックス","칼날 소용돌이","Vórtice de Lâminas","Вихрь клинков","Vórtice de filos","กระแสมีดวน","飛刃風暴","This spell creates ethereal blades which orbit in an area around the caster, dealing damage every 0.6 seconds to all enemies in their radius. As more blades are added, the damage becomes greater and more frequent.","Ce sort crée des lames éthérées qui orbitent dans une zone autour du lanceur, infligeant des dégâts toutes les 0.6 secondes à tous les ennemis dans leur rayon. À mesure que davantage de lames sont ajoutées, les dégâts deviennent plus importants et plus fréquents.","Zaubert ätherische Klingen, die in einem Wirbel um den Wirkenden herum kreisen, und Gegnern im Radius alle 0,6 Sekunden Schaden zufügt. Je mehr Klingen hinzugefügt werden, desto größer und häufiger wird der verursachte Schaden.","使用者の周囲を回るエーテルの刃を生成し、範囲内にいる全ての敵に0.6秒ごとにダメージを与える。回転するブレードの本数が増えるほど、与えるダメージは大きくなりダメージを与える頻度も上昇する。","시전자 주변을 맴도는 천상의 칼날을 만들어, 0.6초마다 반경 내의 적에게 피해를 줍니다. 칼날이 추가될수록 더 많은 피해를 줍니다.","Esta magia cria lâminas etéreas que orbitam ao redor do conjurador, causando dano a cada 0,6 segundo aos inimigos na área. Quanto mais lâminas forem adicionadas, maior e mais frequente será o dano.","Бесплотные ножи летают вокруг сотворившего умение, каждые 0.6 секунды нанося урон всем врагам в их радиусе. С добавлением ножей повышается количество урона и частота его нанесения.","Este hechizo crea filos etéreos que orbitan en un área alrededor del lanzador del hechizo y que infligen daño cada 0.6 segundos a todos los enemigos en su radio. A medida que se añaden más filos, el daño se vuelve mayor y más frecuente.","Blade Vortex\r\nเวทนี้สร้างใบมีดวิญญาณที่โคจรในพื้นที่รอบตัวผู้ร่าย สร้างความเสียหายทุก 0.6 วินาทีต่อศัตรูทั้งหมดในรัศมี ยิ่งมีใบมีดเพิ่มขึ้น ยิ่งสร้างความเสียหายเพิ่มขึ้นและถี่ขึ้นตาม","此法術產生虛空之刃，在施放者周圍環繞，每 0.6 秒對範圍內所有敵人造成傷害。隨著刀刃數量增多，傷害會更高且更為頻繁。",12,100,"",25718,""
231,2225,2,"[37,38,39,148,149,150,174,175,176,49,50,51,157,158,164,165,166,0,1,171,172,173]",2226,"Ethereal Knives","Couteaux éthérés","Ätherische Klingen","イシリアルナイフ","천상의 단도","Facas Etéreas","Бесплотные ножи","Cuchillos etéreos","มีดเวทมนตร์","虛空匕首","Fires an arc of knives outwards in front of the caster which deal physical damage.","Un sort qui projette des couteaux en arc-de-cercle face au lanceur. Les couteaux infligent des dégâts physiques.","Feuert vor dem Wirkenden in Form eines Bogens Klingen, die physischen Schaden verursachen.","使用者の前方に、物理ダメージを与えるナイフを外側に向かって扇状に放つ。","시전자 전방으로 원호 형태로 단도를 던져 물리 피해를 줍니다.","Arremessa um leque de facas para a frente, causando dano físico.","Бросает несколько ножей, которые разлетаются веером и наносят физический урон.","Dispara un arco de cuchillos hacia fuera delante del lanzador del hechizo que infligen daño físico.","Ethereal Knives\r\nขว้างมีดเป็นวงโค้งออกไปทางด้านหน้าผู้ร่าย ซึ่งสร้างความเสียหาย กายภาพ","朝施放者正面依弧形向外射出數支匕首，對敵人造成物理傷害。",1,100,"",50999,""
232,9401,3,[],"","Aspect of the Spider","Aspect de l'Araignée","Aspekt der Spinne","蜘蛛のアスペクト","거미의 위상","Aspecto da Aranha","Дух паука","Aspecto de la araña","จิตวิญญาณแมงมุม","毒蛛祝福","While active, periodically applies a Spider's Web debuff to nearby Enemies, and Hinders them. Each Spider's Web on an Enemy increases the Damage they take. Hinder reduces their movement speed.","Tant que cette aptitude est active, elle applique de manière périodique l'Effet néfaste Toile d'araignée aux Ennemis à proximité, ce qui les Entrave. Chaque Toile d'araignée affectant un Ennemi augmente les Dégâts qu'il subit. L'Entrave réduit pour sa part sa Vitesse de déplacement.","Während 'Aspekt der Spinne' aktiv ist, werden Gegner im Umkreis periodisch mit einem Spinnennetz bedeckt, wodurch sie gelähmt werden. Jedes Spinnennetz auf dem Gegner erhöht dessen erlittenen Schaden. Lähmen verringert ihre Bewegungsgeschwindigkeit.","アクティブ中、定期的に蜘蛛の巣のデバフを周囲の敵に与え、その移動を妨害する。敵の持つ蜘蛛の巣のデバフのスタック数ごとにその敵が受けるダメージが増加する。移動の妨害により敵の移動スピードが減少する。","활성화된 동안, 일시적으로 주변의 적들에게 거미줄 디버프를 부여하고 이동을 방해합니다. 적에게 거미줄이 걸릴 때마다 적이 받는 피해가 증가합니다. 이동을 방해받으면 이동 속도가 감소합니다.","Durante o uso da habilidade, aplica periodicamente uma penalidade de Teia de Aranha nos inimigos próximos e os tolhe, reduzindo sua velocidade de movimento. Cada Teia de Aranha sobre um inimigo aumenta o dano que ele recebe.","Пока активно, умение периодически накладывает отрицательный эффект Паучья паутина на ближайших врагов, а также сковывает их. Каждая наложенная на врага Паучья паутина повышает получаемый ими урон. Скованность снижает их скорость передвижения.","Mientras está activo, aplica periódicamente un efecto nocivo de Telaraña a los enemigos cercanos y los entumece. Cada telaraña que tenga un enemigo aumenta el daño que recibe. El entumecimiento reduce su velocidad de movimiento.","Aspect of the Spider\r\nขณะที่มีผลจะสร้างดีบัฟ ใยแมงมุมและขัดขวาง ต่อศัตรูที่อยู่ใกล้เป็นระยะ โดยดีบัฟ ใยแมงมุม แต่ละระดับจะทำให้ศัตรูได้รับความเสียหายเพิ่มขึ้น ส่วนสถานะ ขัดขวาง จะทำให้ศัตรูมีความเร็วในการเคลื่อนที่ลดลง","啟動時，週期性地對附近敵人施加蛛網減益效果，並阻礙它們。敵人身上的每一個蛛網效果會增加其受到的傷害。阻礙會減少它們的移動速度。",34,100,"",19417,""
233,11160,3,[],"","Clutches of the Damned","Étreinte des Damnés","Fänge der Verdammten","クラッチオブダムド","저주받은 자의 손아귀","Garras dos Condenados","Хватка проклятых","Garras de los condenados","เงื้อมมือตายโหง","詛咒攫取","Create a temporary tear through which the grasping hands of damned souls can claw, slowing enemies significantly.","Crée une déchirure temporaire à travers laquelle les mains agrippantes des âmes damnés peuvent lacérer, ralentissant considérablement les ennemis.","Erzeugt einen temporären Riss, durch den sich die greifenden Hände verdammter Seelen krallen können, die Gegner bedeutend verlangsamen.","一時的な裂け目を作り、その裂け目から握る呪われた魂の手が現れ、敵の動きを著しく遅くする。","일시적인 틈새를 생성합니다. 그 틈으로 저주받은 영혼들이 손을 휘저으며 적들을 크게 감속시킵니다.","Cria uma fenda temporária, por onde mãos agarradoras de almas condenadas surgem, desacelerando consideravelmente os inimigos.","Создаёт временный разрыв, из которого наружу рвутся цепкие руки проклятых душ, значительно замедляя врагов.","Crea una grieta temporal a través de la cual las manos atrapantes de las almas condenadas pueden arañar para ralentizar considerablemente a los enemigos.","Clutches of the Damned\r\nเปิดรอยแยกชั่วคราวให้วิญญาณนรกทั้งหลายเงื้อมมือมาฉุดรั้งให้ศัตรูเชื่องช้าลงเป็นอย่างยิ่ง","製造一道暫時性的裂口，讓被詛咒的靈魂之手能使出爪擊，大幅減緩敵人的速度。",28,100,"",26057,"Art/2DArt/SkillIcons/HouseAzadiSkill.dds"
234,5305,2,"[11,12,37,38,39,157,158,148,149,150,174,175,176,232,233,234,10,164,165,166]","","Bladefall","Averse de lames","Klingenhagel","ブレードフォール","칼날비","Lâminas Cadentes","Мечепад","Caída de filos","มีดร่วง","虛空刀雨","Ethereal weapons rain from the sky, dealing damage to enemies in a sequence of volleys. Enemies can be hit multiple times where these overlap.","Une pluie d'armes éthérées tombant du ciel qui infligent des dégâts aux ennemis en une séquence de plusieurs salves. Les ennemis peuvent être touchés plusieurs fois là où les salves se chevauchent.","Ätherische Waffen fallen vom Himmel und fügen Gegnern in einer Reihe von Salven Schaden zu. Gegner können von sich überlappenden Salven mehrfach getroffen werden.","空からエーテルの刃が雨のように飛来し、刃が何列にも連なって敵にダメージを与える。刃の列が重なれば敵は複数回のヒットを受けることがある。","하늘에서 천상의 무기가 연속으로 떨어져 적들에게 피해를 줍니다. 겹쳐지는 지점에 있는 적들은 여러 번 명중될 수 있습니다.","Faz chover armas etéreas, causando dano aos inimigos com rajadas consecutivas. Os inimigos podem ser atingidos várias vezes no ponto em que elas se sobrepõem.","Заставляет бесплотные мечи падать с неба, нанося урон врагам в области серией волн. Враги могут получать урон от нескольких волн в месте их наслоения.","Unas armas etéreas llueven desde el cielo e infligen daño a los enemigos en una secuencia de salvas. Los enemigos pueden recibir impactos varias veces en los lugares donde estas se superponen.","Bladefall\r\nอาวุธวิญญาณหล่นเป็นฝนลงจากฟ้า สร้างความเสียหายต่อศัตรูเป็นชุดตามลำดับ ศัตรูสามารถถูกปะทะได้หลายครั้งในที่ที่อาวุธเหล่านี้ซ้อนทับกัน","從天空降下的虛空武器，對敵人連續發射造成傷害。敵人可被擊中複數次。",28,100,"",37202,""
235,5306,2,"[157,158,148,149,150,174,175,176,232,233,234,123,124,125,164,165,166]","","Bladefall of Trarthus","Averse de lames de Trarthus","Klingenhagel von Trarthus","トラーサスのブレードフォール","트라투스의 칼날비","Lâminas Cadentes de Trarthus","Мечепад Тератны","Caída de filos de Trarthus","มีดร่วงแห่งทาร์ทัส","特拉特斯虛空刀雨","Casts a buff which causes volleys of ethereal weapons rain from the sky, dealing damage to enemies they impact.","Lance un effet bénéfique qui fait pleuvoir des salves d'armes éthérées depuis le ciel, infligeant des dégâts aux ennemis qu'elles touchent.","Erzeugt eine Stärkung, die Salven von ätherischen Waffen vom Himmel herabfallen lässt, die Gegnern beim Aufprall Schaden zufügen.","霊体の武器の空からの一斉射撃を引き起こし、衝突した敵にダメージを与えるバフを唱える。","하늘에서 천상의 무기가 비처럼 떨어지며 충돌하는 적들에게 피해를 주게 하는 버프를 시전합니다.","Conjura um bônus que faz rajadas de armas etéreas caírem do alto ao seu redor e causar dano aos inimigos atingidos.","Сотворяет положительный эффект, заставляющий бесплотные мечи падать с неба, нанося урон поражённым врагам.","Lanza un efecto beneficioso que hace que caigan salvas de armas etéreas del cielo para infligir daño a los enemigos contra los que impactan.","Bladefall of Trarthus\r\nร่ายบัฟที่ทำให้อาวุธวิญญาณหล่นเป็นฝนลงจากฟ้าเป็นระลอก เพื่อสร้างความเสียหายต่อศัตรูที่ถูกกระทบ","施放一個增益效果，使一連串虛空武器從天而降，對受到衝擊的敵人造成傷害。",28,100,1,59477,""
236,3028,2,"[11,12,232,233,234,49,50,51,52,53,54,55,56,57,126,127,128,37,38,39,164,165,166,123,124,125,157,158]",3029,"Storm Call of Trarthus","Appel de la foudre de Trarthus","Gewitterbeschwörung von Trarthus","トラーサスのストームコール","트라투스의 폭풍 부름","Chamado da Tempestade de Trarthus","Призыв бури Тератны","Llamado de tormenta de Trarthus","เรียกสายฟ้าแห่งทาร์ทัส","特拉特斯風暴呼喚","Sets a marker at a location. After a short duration, a bolt strikes the marker, dealing physical damage around it and causing bolts to strike at any other markers. Bolt impacts will leave behind a pool of boiling blood, which deals physical damage over time to enemies within it for a secondary duration.","Un sort qui place un marqueur à un emplacement. Après une courte durée, un éclair foudroie le marqueur, infligeant des dégâts physiques aux alentours, tous les autres marqueurs placés sont également foudroyés. Chaque impact de foudre laisse derrière lui une flaque de sang bouillonnant, qui inflige des dégâts physiques sur la durée aux ennemis qui s'y trouvent pendant une durée secondaire.","Setzt am Ziel eine Markierung. Nach einer kurzen Dauer trifft ein Bolzen die Markierung, verursacht physischen Schaden um diese herum und lässt Bolzen bei anderen gewirkten Markierungen einschlagen. Bolzeneinschläge hinterlassen eine Lache aus kochendem Blut, die bei Gegnern für eine sekundäre Dauer physischen Schaden über Zeit verursacht.","指定地点にマーカーを設置する。短い時間の後に雷がそのマーカーに落ち、周囲に物理ダメージを与える。このとき、すでに設置した他のマーカーにも雷が落ちる。落雷は、沸騰する血まみれの水たまりを残し、二次的持続時間の間その上に立つ敵に物理継続ダメージを与える。","원하는 지점을 대상으로 설정합니다. 잠시 후 벼락이 대상 지역을 강타하여 주변에 물리 피해를 주고 다른 모든 대상 지역에도 벼락이 강타합니다. 벼락의 충격은 끓는 피 웅덩이를 남기고, 이 웅덩이 안에 있는 적들은 2차 지속시간 동안 지속 물리 피해를 받습니다.","Sinaliza um local. Após um breve período, um relâmpago atinge o local, causando dano físico ao redor e ativando relâmpagos em outros locais sinalizados por você. Os impactos dos raios deixam uma poça de sangue fervente, que causa dano físico degenerativo aos inimigos que pisarem nela por um período secundário.","Указывает место. После небольшой задержки в указанное место бьёт разряд, нанося физический урон по области. Когда это случается, разряды бьют во все отмеченные места. В местах удара останется лужа кипящей крови, которая в течение вторичного промежутка времени наносит постепенный физический урон стоящим на ней врагам.","Coloca un marcador en una ubicación. Después de una corta duración, un rayo golpea el marcador para infligir daño físico a su alrededor y hacer que otros rayos golpeen a otros marcadores. Los choques de los rayos dejan tras de sí un charco de sangre hirviente, que inflige daño físico degenerativo a los enemigos que se encuentran sobre él durante una duración secundaria.","Storm Call of Trarthus\r\nทำเครื่องหมายที่ตำแหน่ง หลังจากระยะเวลาสั้นๆ จะเกิดฟ้าผ่าที่เครื่องหมาย สร้างความเสียหาย กายภาพ ในบริเวณรอบๆ และทำให้เกิดฟ้าผ่าที่เครื่องหมายอื่นๆ ที่ร่ายไว้ด้วย ฟ้าที่ผ่าลงมาจะทิ้งบ่อโลหิตเดือดที่สร้างความเสียหาย กายภาพ ต่อเนื่องต่อศัตรูที่อยู่ภายในเป็นระยะเวลารอง","在一個位置設置一個標記。經過短暫時間後，標記會遭一發閃電擊中，對其周圍造成物理傷害，並使閃電擊向任何其他標記。閃電衝擊會留下一攤沸騰之血，在第二段持續時間內對其中的敵人造成物理持續傷害。",12,100,"",2187,""
237,1571,3,[],1572,"Tempest Shield","Bouclier de la tempête","Geladener Schild","テンペストシールド","폭풍의 방패","Escudo Tempestuoso","Щит бури","Escudo de tempestad","โล่วายุ","暴風之盾","Enchants the equipped shield with the power of storms, which lashes out to deal arcing lightning damage to attackers on block.","Imprègne le bouclier équipé de la puissance de la foudre, libérant des arcs électriques qui infligent des dégâts de foudre aux assaillants lors du blocage.","Verzaubert den ausgerüsteten Schild mit der Macht der Stürme und fügt Gegnern beim Blocken Blitzschaden zu.","装備している盾に嵐の力を付与する。ブロック時に攻撃者に雷ダメージを与える。","장착한 방패로 적의 공격을 막아내면 방패에 불어넣은 폭풍의 힘을 방출하여 공격자에게 번개 피해를 줍니다.","Encanta o escudo equipado com o poder das tempestades, que dispara raios em arco contra os atacantes ao bloquear.","Наполняет щит в руках силой бури. При удачном блокировании ударов, эта сила вырывается на волю и наносит нападающим урон от молний.","Encanta el escudo equipado con el poder de la tormenta, la cual esparce sus relámpagos e inflige daño de rayo a los atacantes al bloquear.","Tempest Shield\r\nเสริมพลังให้โล่ที่สวมใส่ด้วยพลังพายุ เมื่อผู้ร่ายบล็อคได้ โล่จะส่งสายฟ้าชิ่งออกมาสร้างความเสียหาย สายฟ้า ต่อผู้ที่โจมตี","以暴風之力強化裝備中的盾牌，當你格擋攻擊時將會對攻擊者造成閃電傷害。",16,100,"",58855,""
238,1183,0,"[11,12,37,38,39,232,233,234,58]","","Punishment","Punition","Bestrafung","パニッシュメント","응징","Punição","Наказание","Castigo","ลงทัณฑ์","懲戒","Curses all targets in an area, causing them to be debilitated when they hit enemies and increasing damage they take while on low life.","Maudit tous les ennemis dans la zone ciblée. Cette Malédiction les Abasourdit quand ils touchent un ennemi, et augmente les Dégâts qu'ils subissent lorsque leur Vie est basse.","Verflucht alle Ziele in einem Bereich, wodurch diese erschöpft werden, wenn sie Gegner treffen, und wodurch sich ihr Schaden erhöht, den sie bei niedrigem Leben erleiden.","範囲内の全ての敵を呪い、その敵がヒットを行った際に弱体化のデバフを与え、低ライフ状態の時に受けるダメージを増加させる。","범위 내의 모든 적에게 저주를 걸어 적 명중 시 쇠잔 상태로 만들고, 낮은 생명력 상태일 때 받는 피해를 증폭합니다.","Amaldiçoa os alvos em uma área, enfraquecendo os seus ataques e aumentando o dano recebido se estiverem com pouca vida.","Проклинает всех врагов в области, вызывая у них изнурение, когда они наносят удар по противнику, и увеличивая урон, получаемый ими при малом количестве здоровья.","Maldice a todos los objetivos en un área. Esto hace que se agoten cuando impactan a los enemigos y que aumente el daño que reciben cuando tienen la vida baja.","Punishment\r\nสาปทุกเป้าหมายในพื้นที่ ทำให้พวกมันติดสถานะ อ่อนกำลัง เมื่อปะทะศัตรู และทำให้พวกมันได้รับความเสียหายเพิ่มขึ้นขณะที่มี พลังชีวิตเหลือน้อย","詛咒區域內所有目標，擊中敵人時使他們虛弱並在貧血時增加承受傷害。",24,100,"",32391,""
239,3730,2,"[90,91,92,0,1,6,7,77,78,79,232,233,234,193,194,195,199]",3731,"Vaal Molten Strike","Frappe volcanique vaal","Vaal-Lavaschlag","ヴァールモルテンストライク","바알 용암 타격","Golpe Vulcânico Vaal","Магмовый удар ваал","Golpe fundido vaal","วาล์ ฟาดหลอมละลาย","瓦爾．熔岩之擊","Attacks with physical and fire damage. This attack causes balls of molten magma to launch forth causing area attack damage to enemies where they land.","Une attaque infligeant des dégâts physiques et de feu. Cette attaque libère des globes de magma qui explosent en tombant au sol, infligeant des dégâts d'attaque de zone à tous les ennemis à portée.","Greift Gegner mit physischem und Feuerschaden an. Dieser Angriff schleudert Bälle aus brennender Lava, die bei den Gegnern, wo sie landen, Flächenschaden verursachen.","物理ダメージと火ダメージで攻撃する。攻撃を行うと溶けたマグマの玉が前方に放たれ、着弾地点にいる敵に範囲アタックダメージを与える。","물리 및 화염 피해로 공격합니다. 전방으로 녹아내린 마그마 구체가 발사되며, 마그마 구체는 떨어지면 폭발하여 적에게 범위 피해를 줍니다.","Ataca com dano físico e de fogo. O ataque lança bolas de magma derretido que causam dano de ataque em área aos inimigos perto de onde caem.","Атакует, нанося физический урон и урон от огня, создавая при этом магмовые шары, наносящие врагам урон от атак по области в месте приземления.","Ataca con daño físico y de fuego. Este ataque hace que se lancen bolas de magma fundido hacia delante que infligen daño de ataques en área a los enemigos allá donde caen.","Vaal Molten Strike\r\nโจมตีด้วยความเสียหาย กายภาพและไฟ การโจมตีนี้ทำให้ลูกหินหลอมพุ่งออกมาสร้างความเสียหาย โจมตี พื้นที่ ให้กับศัตรูในพื้นที่ที่มันตกกระทบ","使攻擊帶有物理和火焰傷害。此攻擊使熔岩球向你前方發射，在落點對敵人造成範圍攻擊傷害。",28,100,1,42219,""
240,3725,2,"[90,91,92,0,1,6,7,77,78,79,232,233,234,193,194,195,199,263]","","Molten Strike","Frappe volcanique","Lavaschlag","モルテンストライク","용암 타격","Golpe Vulcânico","Магмовый удар","Golpe fundido","ฟาดหลอมละลาย","熔岩之擊","Attacks with physical and fire damage. This attack causes balls of molten magma to launch forth from the enemies hit, divided amongst all enemies hit by the strike. These will deal area attack damage to enemies where they land.","Une attaque infligeant des dégâts physiques et de feu. Chaque attaque libère des globes de magma à partir des ennemis touchés. Ces globes sont répartis entre tous ces ennemis et explosent en tombant au sol, infligeant des dégâts d'attaque de zone à tous les ennemis à portée.","Greift Gegner mit physischem und Feuerschaden an. Dieser Angriff schleudert Bälle aus brennender Lava, die sich auf alle Gegner verteilen, die durch den Schlag getroffen werden. Die Bälle verursachen bei den Gegnern, wo sie landen, Flächenschaden.","物理ダメージと火ダメージで攻撃する。攻撃を行うと溶けたマグマの玉がヒットした敵から前方に放たれ、ストライクを受けた敵全てに分ける。触れた全ての敵にダメージを与える。この玉は着弾地点にいる敵に範囲アタックダメージを与える。","물리 및 화염 피해로 공격합니다. 공격이 명중한 적에게서 전방으로 녹아내린 마그마 구체가 발사되어 명중된 모든 적에게 분산됩니다. 또한 이 마그마 구체는 떨어지면 폭발하여 적들에게 범위 피해를 줍니다.","Ataca com dano físico e de fogo. Ao atingir os inimigos, bolas de magma derretido são lançadas e divididas entre todos os alvos do golpe, causando dano de ataque em área aos inimigos onde caírem.","Атакует, нанося физический урон и урон от огня, создавая при этом магмовые шары, урон от которых распределяется между всеми врагами, которых они заденут. Шары наносят урон от атак по области в месте приземления.","Ataca con daño físico y de fuego. Este ataque hace que se lancen bolas de magma fundido hacia delante desde los enemigos impactados, que se dividen entre todos los enemigos impactados por el golpe. Estas bolas infligen daño de ataques en área a los enemigos allá donde caen.","Molten Strike\r\nโจมตีด้วยความเสียหาย กายภาพและไฟ การโจมตีนี้ทำให้ลูกหินหลอมพุ่งออกมาจากศัตรูที่ถูกปะทะ พุ่งไปยังศัตรูที่ถูกปะทะอย่างเท่าๆ กัน ลูกเหล่านี้จะสร้างความเสียหาย โจมตี พื้นที่ ให้กับศัตรูในพื้นที่ที่มันตกกระทบ","使攻擊帶有物理和火焰傷害。此攻擊使熔岩球從被擊中的敵人身上向前方發射，在被打擊擊中的所有敵人之間彈跳。熔岩球落地時，對敵人造成範圍攻擊傷害。",1,100,"",899,""
241,9574,2,"[90,91,92,6,7,77,78,79,232,233,234,120,121,122,191,192,193,194,195,199]",9575,"Infernal Blow of Immolation","Coup infernal de l'Immolation","Höllenschlag der Selbstverbrennung","焼身のインファーナルブロウ","제물의 지옥불 맹타","Golpe Infernal de Imolação","Удар преисподней самосожжения","Golpe infernal de inmolación","ระเบิดอเวจีแห่งการเผาทิ้ง","煉獄之擊．自焚","Applies a charged debuff to themselves the first time the mercenary hits an enemy with this skill. Upon reaching 6 charges, or charges expiring, the charged debuff is removed to damage nearby enemies.","Une attaque qui inflige aux mercenaires un effet néfaste cumulable chaque première fois qu'ils touchent un ennemi avec cette aptitude. Lorsque l'effet néfaste cumulable est cumulé 6 fois ou expire, il est retiré et inflige des dégâts aux ennemis à proximité.","Wendet eine geladene Schwächung auf sich selbst an, wenn der Söldner das erste Mal einen Gegner mit dieser Fertigkeit trifft. Sobald die Schwächung 6 Ladungen erreicht oder diese auslaufen, wird die geladene Schwächung entfernt und verursacht Schaden bei Gegnern im Umkreis.","このスキルで敵に最初にヒットを与えた時に傭兵自身にチャージ状態のデバフを与える。チャージ状態のデバフが6スタックになるか、デバフの効果時間が切れるとデバフは取り除かれ、周囲の敵にダメージを与える。","용병이 이 스킬로 적을 처음 명중시키면 용병 자신에게 충전된 디버프를 적용합니다. 충전이 6회가 되거나 충전이 만료되면 충전된 디버프를 제거하고 주변의 적에게 피해를 줍니다.","Aplica uma penalidade carregada em si mesmo na primeira vez que o mercenário atinge um inimigo com esta habilidade. Ao atingir 6 cargas ou as cargas se dissiparem, a penalidade carregada é removida, causando dano aos inimigos próximos.","Совершает атаку оружием, накладывая на наёмника заряд отрицательного эффекта, когда он впервые наносит удар по врагу этим умением. При достижении 6 зарядов или истечении их времени действия, отрицательный эффект пропадает, нанося урон основной цели и другим врагам поблизости.","Se aplica un efecto nocivo cargado a sí mismo la primera vez que el mercenario golpea a un enemigo con esta habilidad. Cuando alcanza 6 cargas o las cargas expiran, el efecto nocivo cargado se elimina para infligir daño a los enemigos cercanos.","Infernal Blow of Immolation\r\nสร้างดีบัฟแบบมีระดับขั้นต่อตัวเขาเองในครั้งแรกที่ทหารรับจ้างใช้สกิลนี้ปะทะศัตรู เมื่อดีบัฟมีระดับครบ 6 ชาร์จหรือหมดเวลา ดีบัฟที่มีชาร์จจะถูกกำจัดเพื่อจะสร้างความเสียหายต่อศัตรูที่อยู่ใกล้","該傭兵以此技能第一次擊中敵人時會對自己施加一個堆疊的減益效果。達到 6 層或堆疊消失時，堆疊減益效果會去除，對附近敵人造成傷害。",12,100,"",17147,""
242,3359,0,"[49,50,51,65,66,67,159]","","Inflame","Enflammement","Flammenverschlungen","インフレイム","타오르기","Inflamar","Возгорание","Inflamación","โกรธเป็นฟืนไฟ","燃燒之體","Become enraged and cloaked in flame, gaining a percentage of physical damage as extra fire as well as movement speed and attack speed for a short duration.","Devient enragé et enveloppé de flammes pendant une courte durée, rajoutant un pourcentage de dégâts physiques sous forme de dégâts de feu et gagnant de la vitesse de déplacement et d'attaque.","Werdet wütend und von Flammen eingehüllt, verursacht für kurze Dauer einen Teil des physischen Schadens als zusätzlichen Feuerschaden und erhaltet Bewegungs- und Angriffsgeschwindigkeit.","激怒し炎に包まれ、物理ダメージの一部を追加の火ダメージとして獲得し、また短時間、移動スピードおよびアタックスピードを獲得する。","격앙되고 불길에 휩싸여, 짧은 시간 동안 물리 피해의 일부를 추가 화염 피해로 획득하고 이동 속도와 공격 속도도 획득합니다.","Enfureça-se e seja coberto por chamas, ganhando uma porcentagem de dano físico como dano de fogo adicional, além de velocidade de movimento e de ataque por um breve período.","Впадает в ярость и становится объят пламенем, нанося процент от физического урона в виде дополнительного урона от огня и кратковременно получая скорость атаки и передвижения.","Se enfurece y se envuelve en llamas para ganar un porcentaje del daño físico como daño de fuego extra así como velocidad de movimiento y velocidad de ataque durante una breve duración.","Inflame\r\nเดือดดาลและอาบเพลิงเพื่อนำความเสียหาย กายภาพ ส่วนหนึ่งไปเสริมเป็น ไฟ และได้รับความเร็วในการเคลื่อนที่และโจมตีเป็นระยะเวลาสั้นๆ","進入激怒狀態，以火焰包覆自己，獲得相當於物理傷害一定百分比的額外火焰傷害，並獲得移動速度和攻擊速度，持續一小段時間。",12,100,"",8295,"Art/2DArt/SkillIcons/HouseKeitaSkill.dds"
243,1511,2,"[90,91,92,0,1,6,7,77,78,79,232,233,234,142,171,172,173,6,7,193,194,195,199]","","Flamebolt Strike","Frappe incandescente","Flammenbolzenschlag","フレイムボルトストライク","화염살 타격","Golpe de Chamas","Пламенный удар","Golpe de descarga de llamas","ฟาดลูกไฟ","炎彈打擊","Swings with fiery energies. In addition to converting some physical damage to fire damage, the stored energy is released from the weapon as projectiles as you strike, flying out to hit farther-away enemies. The projectiles cannot miss if the melee attack hit a target.","Frappe avec des énergies enflammées. En plus de convertir une partie des dégâts physiques en dégâts de feu, l’énergie emmagasinée est libérée par l’arme sous forme de projectiles lorsque vous frappez, qui s’envolent vers les ennemis les plus éloignés. Les projectiles ne peuvent pas manquer leur cible si l’attaque de mêlée a touché.","Schwingt feurige Energie. Zusätzlich zur Umwandlung eines Teils des physischen Schadens in Feuerschaden wird die in der Waffe gespeicherte Energie mit jedem Schlag in Form von Projektilen abgefeuert, die weiter entfernte Gegner treffen. Die Projektile können nicht verfehlen, wenn der Nahkampfangriff ein Ziel getroffen hat.","炎のエネルギーと共にスイングする。物理ダメージの一部が火ダメージに変換され、攻撃をする際に武器に蓄えられたエネルギーが投射物として放たれ、遠くの敵に飛んでいく。近接攻撃が対象に命中した場合、投射物も対象を外すことはない。","타오르는 에너지를 띠고 무기를 휘두릅니다. 물리 피해의 일부를 화염 피해로 전환하는 동시에, 타격 시 저장된 에너지는 여러 투사체로 방출되어 멀리 떨어진 적들에게 날아가 명중합니다. 근접 공격이 대상에게 명중할 경우 투사체는 빗나가지 않습니다.","Golpeia com energias flamejantes. Além de converter parte do dano físico em dano de fogo, a energia armazenada é liberada na forma de projéteis que, se o ataque corpo a corpo for bem-sucedido, sempre atingem os inimigos mais distantes.","Совершает удар, наполненный энергией огня. При этом часть физического урона становится уроном от огня. Кроме того, при ударах вложенная в оружие энергия становится снарядами, которые летят вперед и поражают врагов, стоящих поодаль. Если удар достиг цели, созданные им снаряды тоже не промахиваются.","Gira con energías ardientes. Además de convertir una parte del daño físico en daño de fuego, la energía almacenada se libera del arma en forma de proyectiles cuando golpeas, volando para impactar a enemigos más lejanos. Los proyectiles no pueden fallar si el ataque cuerpo a cuerpo impacta a un objetivo.","Flamebolt Strike\r\nเหวี่ยงอาวุธด้วยพลังงานไฟ นอกจากการแปลงความเสียหาย กายภาพ ของคุณบางส่วนเป็น ไฟ แล้ว การฟาดของคุณจะปลดปล่อยพลังที่เก็บเอาไว้เป็นโพรเจกไทล์ ซึ่งจะพุ่งออกมาปะทะศัตรูที่อยู่ไกลออกไป หากการโจมตีประชิดปะทะเป้าหมายได้สำเร็จ โพรเจกไทล์ก็ไม่สามารถพลาดได้เช่นกัน","揮舞武器時發出熾烈之力。除了轉換一部分物理傷害為火焰傷害，儲存的能量會在你揮舞時從武器釋放投射物，襲擊遠方的敵人。若近戰攻擊擊中目標，投射物不能被躲避。",12,100,"",19178,""
244,4722,2,"[90,91,92,49,50,51,6,7,71,72,73,232,233,234,83,84,85]",4723,"Static Strike","Frappe électrique","Geladener Schlag","スタティックストライク","정전기 타격","Golpe Estático","Статичный разряд","Golpe de estática","ฟาดสายฟ้าสถิต","充能打擊","Attack with a melee weapon, gaining static energy for a duration if hitting an enemy. While statically charged, frequently hit a number of nearby enemies with beams, dealing attack damage.","Attaque avec une arme de mêlée, emmagasinant de l'énergie statique pendant une certaine durée si un ennemi est touché. Tant qu'elle est chargée statiquement, frappe fréquemment un certain nombre d'ennemis proches avec des rayons qui infligent des dégâts d'attaque.","Greift mit einer Nahkampfwaffe an und lädt für eine Dauer Energie auf, wenn ein Gegner getroffen wird. Im geladenen Zustand wird eine Anzahl von Gegnern im Umkreis wiederholt von Blitzen getroffen, die Angriffsschaden verursachen.","近接武器でアタックを行い、敵にヒットした場合、持続時間中静電気のエネルギーを得る。静電気のエネルギーを身につけているときは近くの多数の敵にビームをヒットさせ、アタックダメージを与える。","근접 무기로 적을 공격해, 명중 시 일정 시간 동안 정전기 에너지를 획득합니다. 정전기를 띤 상태에서는 수시로 주변의 여러 적에게 광선을 방출하여 피해를 줍니다.","Ataca com uma arma corpo a corpo e, ao atingir, ganha energia estática por um período. Com a carga ativa, lança raios que atingem vários inimigos próximos periodicamente, causando dano de ataque.","Атакует врагов оружием ближнего боя, получая статический заряд при нанесении удара по цели. Под действием статических зарядов будет поражать несколько ближайших врагов лучами, нанося урон от атаки.","Ataca con un arma cuerpo a cuerpo para ganar energía estática durante un tiempo si impacta a un enemigo. Mientras está estáticamente cargado, impacta frecuentemente a una cantidad de enemigos cercanos con haces que infligen daño de ataques.","Static Strike\r\nโจมตีศัตรูด้วย อาวุธประชิด ผู้โจมตีจะได้รับพลังสายฟ้าสถิตเป็นระยะเวลาหนึ่งหากสกิลนี้ปะทะศัตรู ขณะที่ผู้โจมตีมีสายฟ้าสถิต เขาจะปล่อยลำแสงปะทะศัตรูที่อยู่ใกล้จำนวนหนึ่งซ้ำๆ ซึ่งจะสร้างความเสียหาย โจมตี","以近戰武器攻擊，若擊中敵人的話便會獲得持續一段時間的充能。充能時，會頻繁地以光束打擊附近的多名敵人，造成攻擊傷害。",6,100,"",24931,""
245,5043,2,"[90,91,92,0,1,6,7,142,171,172,173,6,7,68,69,70,83,84,85,59,60,61,120,121,122,191,192,86,87,88]",5044,"Frost Blades","Lames de givre","Frostklingen","フロストブレード","서리 칼날","Lâminas Gélidas","Ледяные клинки","Filos de escarcha","มีดน้ำแข็ง","冰霜之刃","Attacks enemies with increased range, releasing icy blades from the first enemy hit which fly at other enemies.","Une attaque avec une portée accrue qui, en touchant les ennemis, libère des lames de glaces qui volent en direction d'autres ennemis.","Greift Gegner mit vergrößerter Reichweite an und entfesselt eisige Klingen, die vom ersten getroffenen Gegner auf andere Gegner geschleudert werden.","広い近接ストライク距離を持つアタックを敵に行い、最初に命中した敵から他の敵に向かって氷の刃を飛ばす。","공격 사거리가 늘어나며, 처음 타격당한 적에게서 얼음 칼날이 뚫고 나와 다른 적들에게 날아갑니다.","Ataca com mais alcance. O inimigo atingido lança lâminas gélidas que voam em direção a outros alvos.","Атакует врагов на расстоянии, выпуская из первого поражённого врага ледяные клинки, летящие в других врагов.","Ataca a los enemigos con alcance aumentado y lanza filos helados desde el primer enemigo impactado que vuelan hacia otros enemigos.","Frost Blades\r\nโจมตีศัตรูด้วยระยะที่เพิ่มขึ้น ปล่อยคมดาบน้ำแข็งจากศัตรูตัวแรกที่ถูกปะทะซึ่งจะพุ่งออกไปยังศัตรูตัวอื่น","以增加的範圍攻擊敵人，第一個被擊飛的敵人與其他敵人碰撞時釋放冰霜之刃。",1,100,"",22105,""
246,5168,2,"[90,91,92,0,1,6,7,142,68,69,70,83,84,85,59,60,61,0,120,121,122,89,191,192,1,83,84,85,86,87,88]",5169,"Wild Strike","Frappe déchaînée","Wilder Schlag","ワイルドストライク","사나운 타격","Golpe Selvagem","Шальной удар","Golpe salvaje","ฟาดอย่างบ้าคลั่ง","野性打擊","Strike enemies, converting physical damage to a random element. Depending on the element chosen, causes a fiery explosion, an arcing bolt of lightning, or an icy wave. The same element is not chosen twice in a row.","Frappe les ennemis, convertissant les dégâts physiques en dégâts d'un élément aléatoire. En fonction de l'élément choisi, cette attaque libère une explosion de feu, une chaîne de foudre ou une vague de glace. Le même élément ne peut pas être choisi deux fois de suite.","Schlägt Gegner und wandelt einen Teil des Schadens in ein zufälliges Element um. Je nach Element werden dann eine feurige Explosion, ein Bogenblitz oder eine Eiswelle freigesetzt. Es wird nicht dasselbe Element zweimal in Folge ausgewählt.","敵を攻撃し、物理ダメージをランダムな元素ダメージに変換する。変換された元素ダメージに応じて、炎の爆発、稲妻の放電または氷の波動のいずれかを放つ。このスキルは同じ元素が2回連続して選ばれることはない。","적들을 타격해, 물리 피해를 무작위의 원소 피해로 전환합니다. 선택된 원소에 따라 맹렬한 폭발이나 지직거리는 번개, 얼음 파도 등을 방출합니다. 연속해서 같은 원소 속성이 선택되지 않습니다.","Golpeia os inimigos, convertendo o dano físico em um elemento aleatório. Dependendo do elemento escolhido, libera uma explosão ardente, uma seta voltaica relampejante ou uma onda gélida. Não é possível repetir o mesmo elemento em ataques seguidos.","Атакует врагов, преобразуя физический урон в случайную стихию. В зависимости от выбранной стихии высвобождается огненный взрыв, волна холода или цепная молния. Одна и та же стихия не используется два раза подряд.","Golpea a los enemigos y convierte el daño físico en un elemento aleatorio. Luego, dependiendo del elemento elegido, libera una explosión ardiente, un arco de electricidad o una ola helada. No elige el mismo elemento dos veces seguidas.","Wild Strike\r\nฟาดศัตรูพร้อมแปลงความเสียหาย กายภาพ ไปเป็น ธาตุแบบสุ่ม แล้วปลดปล่อยพลังตามธาตุที่สุ่มได้ โดยจะเป็น ระเบิดไฟ, สายฟ้าชิ่ง หรือ คลื่นพลังน้ำแข็ง สกิลนี้จะไม่เลือกธาตุเดียวติดต่อกัน","打擊敵人，將部分物理傷害轉換為隨機的元素傷害。根據轉換成的元素釋放出爆破、閃電或冰霜。無法連續選擇相同的元素。",28,100,"",40957,""
247,12024,2,"[154,155,156,151,152,153,83,84,85,90,91,92,120,121,122,136,137,138,168,169,170]","","Spectral Helix","Spirale spectrale","Spektralhelix","スペクトラルヘリックス","영체 나선","Espiral Espectral","Призрачная спираль","Hélice espectral","เกลียวอาวุธเงา","靈體旋武","Throws a spectral melee weapon. It spins around while flying in a large spiral, damaging enemies in its path, and bouncing if it collides with walls.","Envoie une réplique spectrale d'une arme de mêlée. L'arme tournoie autour de vous en décrivant une spirale, frappant tous les ennemis sur son passage et rebondissant contre les murs avec lesquels elle entre en collision.","Wirft eine spektrale Nahkampfwaffe. Diese dreht sich im Flug in einer großen Spirale, verursacht an Gegnern in seiner Flugbahn Schaden und prallt ab, wenn sie mit Wänden kollidiert.","霊体の武器を投げる。コピーは回転しながら螺旋を描いて飛び、進路上の敵にダメージを与える。壁に衝突した場合、跳ね返る。","근접 무기의 형태 복제품을 투척합니다. 무기는 큰 나선을 그리면서 날면서 빙글빙글 돌아 경로에 있는 적들에게 피해를 주고, 벽에 충돌하면 튕겨 나옵니다.","Arremessa uma arma corpo a corpo espectral, que gira em uma grande espiral enquanto avança, causando dano aos inimigos atingidos e ricocheteando em paredes.","Бросает призрачное оружие ближнего боя. Вращаясь, оно летит по широкой спирали, нанося урон оказавшимся на пути врагам и отскакивая от стен.","Lanza un arma espectral cuerpo a cuerpo. El arma gira mientras vuela en forma de gran espiral, daña a los enemigos a su paso y rebota si golpea contra las paredes.","Spectral Helix\r\nขว้างร่างเงาของ อาวุธประชิด มันจะหมุนไปรอบๆ เป็นเกลียวขนาดใหญ่ สร้างความเสียหายต่อศัตรูระหว่างทาง และจะเด้งออกเมื่อมันกระทบกับกำแพง","投擲你的近戰武器的靈體。它以大螺旋型式飛行時會旋轉，對其路徑上的敵人造成傷害，並在與牆壁碰撞時彈射。",6,100,"",37916,""
248,4029,3,[],"","Herald of Ice","Héraut de la glace","Herold des Eises","ヘラルドオブアイス","얼음의 전령","Arauto Glacial","Вестник льда","Heraldo de hielo","สาสน์น้ำแข็ง","冰霜之捷","Grants a buff adding cold damage to spells and attacks. If you shatter an enemy, this skill will cause them to explode and deal AoE cold damage to enemies near them. This damage is not affected by modifiers to spell damage.","Octroie un effet bénéfique qui ajoute des dégâts de froid aux sorts et attaques. Si vous fracassez un ennemi gelé, il explose en infligeant des dégâts de zone de froid aux autres ennemis autour de lui. Ces dégâts ne sont pas affectés par les modificateurs de dégâts des sorts.","Gewährt eine Stärkung, die Zaubern und Angriffen Kälteschaden hinzufügt. Wenn Ihr einen Gegner zerschmettert, explodiert dieser und verursacht bei Gegnern im Umkreis Kälte-Wirkungsbereichsschaden. Modifikatoren für Zauberschaden wirken sich nicht auf diesen Schaden aus.","スペルとアタックに冷気ダメージを追加するバフを付与する。敵を粉砕した場合、このスキルにより敵は爆発し近くの敵に範囲攻撃の冷気範囲ダメージを与える。このダメージはスペルダメージのモッドの影響を受けない。","주문과 공격에 냉기 피해를 추가하는 버프를 부여합니다. 적을 박살내면 이 스킬이 해당 적을 폭발시켜 적들에게 범위 냉기 피해를 줍니다. 이 피해는 주문 피해 속성 부여에 영향을 받지 않습니다.","Concede um bônus que adiciona dano de gelo a magias e ataques. Se você estilhaçar um inimigo, esta habilidade fará com que ele exploda e cause dano em área de gelo aos inimigos próximos. Esse dano não é afetado por modificadores de dano de magia.","Дарует положительный эффект, добавляющий дополнительный урон от холода к атакам и чарам. Расколотые враги взрываются, нанося урон от холода по области стоящим рядом с ними врагам. На этот урон не действуют модификаторы урона от чар.","Otorga una bonificación que agrega daño de hielo a los hechizos y los ataques. Si haces añicos a un enemigo, esta habilidad hará que explote e inflija daño de hielo en área a los enemigos cercanos. A este daño no le afectan los modificadores de daño de hechizos.","Herald of Ice\r\nมอบบัฟที่จะเสริมความเสียหาย น้ำแข็ง ให้กับการโจมตีและเวท หากคุณทำให้ศัตรูแตกสลาย สกิลนี้จะทำให้มันระเบิดและสร้างความเสียหาย น้ำแข็ง พื้นที่ ต่อศัตรูที่อยู่ใกล้ ความเสียหายระเบิดนี้จะไม่ได้รับผลจากม็อดความเสียหาย เวท","對法術和攻擊賦予增益效果附加冰冷傷害。如果你粉碎敵人，該技能會使其爆炸，對附近敵人造成範圍冰冷傷害。該傷害不會受到法術傷害詞綴影響。",16,100,"",32807,""
249,11989,2,"[37,38,39,71,72,73,177,178,179,188,189,190,232,233,234,11,12,93,94,95,148,149,150,86,87,88]",11990,"Absolution","Absolution","Absolution","アブソリューション","면죄","Absolvição","Отпущение","Absolución","อภัยบาป","赦免","Damages enemies in an area, applying a debuff for a short duration. If a non-unique enemy dies while affected by the debuff, the corpse will be consumed to summon a Sentinel of Absolution for a secondary duration, or to refresh the duration and life of an existing one instead if you have the maximum number of them. ","Inflige des dégâts de zone et applique un effet néfaste aux ennemis pendant une courte durée. Si un ennemi non unique meurt en étant affecté par cet effet, son cadavre sera consommé et l'aptitude invoquera une Sentinelle de l'absolution ou, si vous êtes à votre maximum de Sentinelles de l'absolution, réinitialisera la durée et la vie de l'une d'entre elles à la place. Les Sentinelles persistent pendant une durée secondaire qui est plus longue que celle de l'effet néfaste initial.","Verursacht bei Gegnern im Umkreis Schaden und wendet für eine kurze Dauer eine Schwächung an. Wenn ein Gegner (einzigartige ausgenommen) unter dem Einfluss der Schwächung stirbt, wird seine Leiche verbraucht und für eine sekundäre Dauer ein Wächter der Absolution beschworen. Falls Ihr die maximale Anzahl von Wächtern erreicht habt, werden stattdessen die Dauer und das Leben eines bestehenden Wächters der Absolution erneuert. ","範囲内の敵にダメージを与え、一定時間デバフを付与する。デバフを受けている非ユニークの敵が死んだ場合、その死体が消費され長い副次的持続時間を持つ赦免のセンチネルを召喚させる。すでに最大数の赦免のセンチネルがいる場合、既存の赦免のセンチネルの持続時間とライフが更新される。","지역에 있는 적에게 피해를 주고 짧은 시간 동안 디버프를 적용합니다. 디버프의 영향을 받는 동안 비-고유 적이 죽으면, 해당 시신을 소모하여 2차 지속시간 동안 면죄의 파수꾼 1명이 소환됩니다. 이미 소환된 파수꾼의 수가 최대치라면 기존 파수꾼 1명의 지속시간과 생명력이 초기화됩니다.","Causa dano aos inimigos em uma área, aplicando uma penalidade por um breve período. Se um inimigo não único morrer com essa penalidade, seu corpo é consumido para invocar uma Sentinela da Absolvição por um período secundário, ou para renovar a duração e a vida de uma existente se você tiver o número máximo delas.","Наносит урон врагам в области, накладывая отрицательный эффект на короткий промежуток времени. Если неуникальный враг умирает, находясь под действием этого отрицательного эффекта, то его труп будет поглощён для призыва Стража отпущения на вторичный промежуток времени, либо для обновления времени существования и здоровья одного из уже призванных Стражей отпущения, если их количество достигло максимума.","Daña a los enemigos en un área y les aplica un efecto nocivo durante un corto período de tiempo. Si un enemigo que no es único muere mientras está bajo el efecto del efecto nocivo, su cadáver se consumirá para invocar a un Centinela de absolución durante un período de tiempo secundario, o bien se renovará la duración y la vida de un centinela ya activo si ya tienes la cantidad máxima de ellos.","Absolution\r\nสร้างความเสียหายต่อศัตรูในพื้นที่และสร้างดีบัฟระยะเวลาสั้นต่อศัตรู ศัตรูที่ไม่ใช่ยูนิคที่ตายขณะที่ติดดีบัฟนี้จะถูกกลืนกินศพเพื่อนำไปอัญเชิญ ทหารยามอภัยบาป 1 คนเป็นระยะเวลารอง หรือหากมีจำนวนสูงสุดแล้วก็จะคืนระยะเวลาคงเหลือและพลังชีวิตให้กับทหารยามที่มีอยู่","對一個區域內的敵人造成傷害，施加持續一小段時間的減益效果。如果非傳奇敵人在受減益效果影響期間死亡，會消耗其屍體來召喚赦免哨兵，另持續一段時間，或者若你的哨兵已達到數量上限，則改為刷新現有哨兵的持續時間和生命。",12,100,"",15611,""
250,11985,0,"[180,181,182,232,233,234,65,66,67,159]","","Battlemage's Cry","Cri du Mage de bataille","Schrei des Kampfmagiers","バトルメイジズクライ","전투마법사의 함성","Grito do Mago de Batalha","Клич боевого мага","Grito del mago de batalla","คำรามนักรบเวท","戰法戰吼","Performs a warcry, taunting nearby enemies to attack the user and exerting subsequent attacks. The user and nearby allies gain a buff that boosts critical strike chance.","Un cri de guerre qui stimule les prochaines attaques et provoque les ennemis à proximité, les obligeant à attaquer l'utilisateur. De plus, ce cri de guerre octroie un effet bénéfique à l'utilisateur et aux alliés à proximité qui améliore les chances de coup critique.","Entfesselt einen Kriegsschrei, der alle Gegner im Umkreis verspottet, wodurch sie den Charakter angreifen, und alle folgenden Angriffe potenziert. Der Nutzer und Verbündete im Umkreis erhalten eine Stärkung, die die Chance auf kritische Treffer erhöht.","ウォークライを行い、近くの敵を挑発し、使用者を攻撃させ、使用者のその後のアタックを奮起させる。使用者および周囲の味方のクリティカル率を強化するバフを付与する。","함성을 질러 주변의 적들을 도발하여 시전자를 공격하게 하고, 이어지는 공격에 전력을 다합니다. 시전자와 주변 동료들에게 치명타 확률을 올려 주는 버프를 부여합니다.","Esbraveja um clamor, desafiando inimigos próximos a atacar o usuário e impelindo ataques subsequentes. O usuário e os aliados próximos recebem um bônus que aumenta a chance de golpe crítico.","Издаёт боевой клич, провоцирующий ближайших врагов атаковать издавшего клич и улучшающий последующие атаки. Дарует положительный эффект, повышающий шанс критического удара.","Ejecuta un grito de guerra que provoca a los enemigos cercanos para que ataquen al usuario y optimiza los siguientes ataques. El usuario y los aliados cercanos obtienen una bonificación que potencia la probabilidad de golpe crítico.","Battlemage's Cry\r\nส่งเสียงคำรามเพื่อยั่วยุศัตรูที่อยู่ใกล้ให้มาโจมตีผู้ใช้ พร้อมกันนี้ก็ทำให้การโจมตีหลังจากนั้นทำไปด้วยความฮึกเหิม ผู้ใช้และเพื่อนที่อยู่ใกล้จะได้รับบัฟเพิ่มโอกาสคริติคอล","發出一道戰吼，嘲諷附近敵人，使他們攻擊施放者，並竭盡後續攻擊。 施放者和附近友方獲得一個提升暴擊率的增益效果。",24,100,"",37344,""
251,982,2,"[177,178,179,188,189,190,136,137,138,232,233,234,0,1,120,121,122,37,38,39,148,149,150]",983,"Raise Spectre of Transience","Réanimation en Spectre de la Fugacité","Schemen der Vergänglichkeit erwecken","一時性のスペクター蘇生","덧없음의 망령 소환","Invocar Espectro Impermanente","Сотворение бренного призрака","Levantar espectro de transitoriedad","ปลุกสเปคเตอร์แห่งความไม่จีรัง","喚醒幽魂．轉瞬","Raises a spectral version of a defeated foe as a temporary minion.","Réanime une version spectrale d'un ennemi vaincu sous forme de créature éphémère.","Beschwört die spektrale Version eines besiegten Gegners als temporäre Kreatur.","倒した敵の幽体を蘇生し、一定時間ミニオンとして戦いに参加させる。","죽은 적의 영혼을 불러들여 임시 소환수로 만듭니다.","Levanta uma versão espectral de um inimigo derrotado como um lacaio temporário.","Создаёт временную призрачную копию погибшего врага в качестве приспешника.","Levanta una versión espectral de un enemigo derrotado como un esbirro temporal.","Raise Spectre of Transience\r\nปลุก สเปคเตอร์ ของศัตรูที่พ่ายแพ้มาเป็น มิเนียนชั่วคราว","復甦一個擊敗敵人的靈體做為暫時召喚物。",28,100,"",50349,""
252,3671,3,[],3672,"Reinforce: Fallen Bishop","Renfort : Évêque déchu","Verstärken: Gefallener Bischof","援軍：堕落した司教","지원군: 몰락한 주교","Reforçar: Bispo Caído","Подкрепление: Падший капеллан","Reforzar: Obispo caído","กำลังเสริม: Fallen Bishop","增援：復甦者主教","Calls on a powerful undead clergyman which curses surrounding enemies.","Invoque un puissant clerc mort-vivant qui maudit les ennemis aux alentours.","Ruft einen mächtigen untoten Geistlichen herbei, der Gegner im Umkreis verflucht.","周囲の敵に呪いをかける強力な不死者の聖職者を召喚する。","주위 적들에게 저주를 거는 강력한 언데드 성직자를 부릅니다.","Convoca um poderoso clérigo morto-vivo que amaldiçoa os inimigos ao redor.","Призывает могущественного неупокоенного священника, проклинающего окружающих врагов.","Invoca a un poderoso clérigo no muerto que maldice a los enemigos circundantes.","Reinforce: Fallen Bishop\r\nเรียกพระอันเดดทรงพลังมาสาปศัตรูรอบตัว","呼叫一個強力不死牧師來詛咒周圍敵人。",28,100,"",4383,"Art/2DArt/SkillIcons/HouseAzadiSkill.dds"
253,3673,3,[],3674,"Reinforce: Fallen Emperor","Renfort : Empereur déchu","Verstärken: Gefallener Kaiser","援軍：堕落した皇帝","지원군: 몰락한 황제","Reforçar: Imperador Caído","Подкрепление: Падший император","Reforzar: Emperador caído","กำลังเสริม: Fallen Emperor","增援：復甦者皇帝","Calls on a long dead emperor to deliver brutal justice to deserving enemies.","Invoque un empereur mort depuis longtemps pour infliger une justice brutale aux ennemis méritants.","Ruft einen längst verstorbenen Kaiser herbei, der gegenüber verdienten Gegnern brutale Gerechtigkeit übt.","裁きに値する敵に苛烈な正義を下す遥か昔に死した皇帝を召喚する。","오래전 죽은 황제를 불러 적들에게 잔혹한 정의의 심판을 내립니다.","Invoca um imperador morto há tempos para impor uma justiça brutal aos inimigos que a merecem.","Призывает давно почившего императора, несущего жестокое правосудие заслужившим того врагам.","Invoca a un emperador que murió hace tiempo para entregar una justicia brutal a los enemigos que lo merecen.","Reinforce: Fallen Emperor\r\nเรียกจักรพรรดิที่สิ้นพระชนม์มาเนิ่นนานมาผดุงธรรมอย่างเหี้ยมโหดต่อศัตรูให้สาสม","呼叫一個已故多年的皇帝，給予敵人殘暴的制裁。",28,100,"",61523,"Art/2DArt/SkillIcons/HouseAzadiSkill.dds"
254,3675,3,[],3676,"Reinforce: Fallen Osseotitan","Renfort : Osséotitan déchu","Verstärken: Gefallener Osseotitan","援軍：堕落した骨の巨人","지원군: 몰락한 뼈의 거신","Reforçar: Ósseotitã Caído","Подкрепление: Падший остеотитан","Reforzar: Óseotitán caído","กำลังเสริม: Fallen Osseotitan","增援：復甦巨骨泰坦","Calls on a Colossus of cursed bone to inflict pain on your foes.","Invoque un Colosse d’os maudits pour déchaîner la souffrance sur vos ennemis.","Ruft einen Koloss aus verfluchten Knochen herbei, der Gegnern Schmerzen zufügt.","敵に苦痛を与える呪われた骨の巨人を召喚する。","저주받은 뼈로 만들어진 거신을 불러내 적들에게 고통을 가합니다.","Convoca um colosso de ossos amaldiçoados para causar dor aos seus inimigos.","Призывает колосса из проклятых костей, несущего боль вашим врагам.","Invoca a un coloso de hueso maldito para que inflija daño a tus enemigos.","Reinforce: Fallen Osseotitan\r\nเรียกกระดูกต้องสาปมหึมามาสร้างความเจ็บปวดให้กับศัตรูของคุณ","呼叫一副受詛咒的巨骨之像，對敵人造成痛楚。",28,100,"",53527,"Art/2DArt/SkillIcons/HouseAzadiSkill.dds"
255,2262,2,"[90,91,92,68,69,70,6,7,171,172,173,0,1,232,233,234,59,60,61,22,142]","","Ice Shot","Tir de glace","Eisgeschoss","アイスショット","얼음 화살","Disparo de Gelo","Ледяной выстрел","Disparo de hielo","ศรน้ำแข็ง","冰霜射擊","Fires an arrow that converts some physical damage to cold on its target and converts all physical damage to cold in a cone behind that target.","Tire une flèche qui convertit une partie des dégâts physiques en dégâts de froid lorsqu'elle touche sa cible, et libère un cône derrière la cible qui convertit l'ensemble des dégâts physiques en dégâts de froid.","Schießt einen Pfeil ab, dessen physischer Schaden gegen sein Ziel teilweise in Kälteschaden umgewandelt wird. Auf einer kegelförmigen Fläche hinter dem Ziel wird der physische Schaden komplett in Kälteschaden umgewandelt.","対象に矢を発射し、物理ダメージの一部を冷気ダメージに変換したダメージを与える。対象の後ろの円錐状領域に物理ダメージの全てを冷気ダメージに変換したダメージを与える。","화살을 발사하여 대상에게 주는 물리 피해의 일부를 냉기 피해로 전환하고, 대상 후방 부채꼴 범위에 주는 모든 물리 피해를 냉기 피해로 전환합니다.","Dispara uma flecha contra o alvo, convertendo parte do dano físico em dano de frio, e convertendo todo o dano físico em dano de frio do ataque em cone subsequente.","Пускает стрелу, которая наносит цели физический урон и часть его превращает в урон от холода. Кроме того, она создаёт конусообразную область поражения за целью, в которой весь физический урон превращается в урон от холода.","Dispara una flecha que convierte parte del daño físico en daño de hielo en su objetivo y convierte todo el daño físico en daño de hielo en un cono detrás de ese objetivo.","Ice Shot\r\nยิงศรไปยังเป้าหมายที่แปลงความเสียหาย กายภาพ บางส่วนเป็น น้ำแข็ง แล้วสร้างความเสียหายในพื้นที่ทรงกรวยเบื้องหลังเป้าหมายที่แปลงความเสียหาย กายภาพ ทั้งหมดเป็น น้ำแข็ง","發射一支將部分物理傷害轉為冰冷傷害的箭矢，且在擊中目標之後對其背後扇形範圍造成等同全部物理傷害的冰冷傷害。",1,100,"",11495,""
256,12349,2,"[90,91,92,68,69,70,6,7,171,172,173,0,1,232,233,234,59,60,61,22,142,65,66,67,99,100,101]","","Vaal Ice Shot","Tir de glace vaal","Vaal-Eisgeschoss","ヴァールアイスショット","바알 얼음 화살","Disparo de Gelo Vaal","Ледяной выстрел ваал","Disparo de hielo vaal","วาล์ ศรน้ำแข็ง","瓦爾．冰霜射擊","Fires an arrow that converts some physical damage to cold on its target and converts all physical damage to cold in a cone behind that target. Summons a squad of Mirage Sharpshooters for a duration.","Tire une flèche qui convertit une partie des dégâts physiques en dégâts de froid lorsqu'elle touche sa cible, et libère un cône derrière la cible qui convertit l'ensemble des dégâts physiques en dégâts de froid. Invoque une escouade de Tireurs d'élite mirage pendant une certaine durée.","Schießt einen Pfeil ab, dessen physischer Schaden gegen sein Ziel teilweise in Kälteschaden umgewandelt wird. Auf einer kegelförmigen Fläche hinter dem Ziel wird der physische Schaden komplett in Kälteschaden umgewandelt. Beschwört für eine Dauer eine Gruppe aus Phantom-Scharfschützen.","対象に矢を発射し、物理ダメージの一部を冷気ダメージに変換したダメージを与える。対象の後ろの円錐状領域に物理ダメージの全てを冷気ダメージに変換したダメージを与える。ミラージュシャープシューターの部隊を持続時間の間召喚する。","화살을 발사하여 대상에게 주는 물리 피해의 일부를 냉기 피해로 전환하고, 대상 후방 부채꼴 범위에 주는 모든 물리 피해를 냉기 피해로 전환합니다. 일정 시간 동안 신기루 저격수를 소환합니다.","Dispara uma flecha contra o alvo, convertendo parte do dano físico em dano de frio, e convertendo todo o dano físico em dano de frio do ataque em cone subsequente. Invoca um esquadrão de Atiradores Miragem por um período.","Пускает стрелу, которая наносит цели физический урон и часть его превращает в урон от холода. Кроме того, она создаёт конусообразную область поражения за целью, в которой весь физический урон превращается в урон от холода. На некоторое время призывает отряд призрачных стрелков.","Dispara una flecha que convierte parte del daño físico en daño de hielo en su objetivo y convierte todo el daño físico en daño de hielo en un cono detrás de este objetivo. Invoca un escuadrón de Tiradores ilusorios durante un tiempo.","Vaal Ice Shot\r\nยิงศรไปยังเป้าหมายที่แปลงความเสียหาย กายภาพ บางส่วนเป็น น้ำแข็ง แล้วสร้างความเสียหายในพื้นที่ทรงกรวยเบื้องหลังเป้าหมายที่แปลงความเสียหาย กายภาพ ทั้งหมดเป็น น้ำแข็ง การใช้สกิลนี้จะอัญเชิญ นักแม่นธนูเงา กลุ่มหนึ่งเป็นระยะเวลาหนึ่ง","發射一支將部分物理傷害轉為冰冷傷害的箭矢，且在擊中目標之後對其背後扇形範圍造成等同全部物理傷害的冰冷傷害。召喚一群幻影神槍手一段時間。",28,100,1,16381,""
257,1993,3,[],"","Vaal Grace","Grâce vaal","Vaal-Anmut","ヴァールグレース","바알 은총","Graça Vaal","Грация ваал","Gracia vaal","วาล์ สง่างาม","瓦爾．優雅","Casts a temporary aura that grants additional chance to evade attacks, and makes suppressed spell damage unlucky.","Une aura temporaire qui octroie des chances supplémentaires d'éviter les attaques et rend les dégâts des sorts réprimés défavorables.","Zaubert eine temporäre Aura, die zusätzliche Chance, Angriffen auszuweichen gewährt und unterdrückten Zauberschaden ungünstig macht.","アタック回避し、受ける抑制されたスペルダメージを不幸にする能力を付与する一時的オーラを纏う。","추가적인 공격 회피 확률을 부여하고 억제된 주문 피해에 불운을 적용하는 일시적 오라를 시전합니다.","Ativa uma aura temporária que aumenta a chance de desviar de ataques e torna o dano suprimido de magias azarado.","Окружает временной аурой, которая даёт дополнительный шанс уклониться от атак и делает подавленный урон от чар неудачливым.","Proyecta un aura temporal que otorga probabilidad adicional de evadir ataques y hace que el daño de hechizos atenuado sea desafortunado.","Vaal Grace\r\nร่ายออร่าชั่วคราวที่มอบโอกาสในการหลบหลีกการโจมตีและเวทเพิ่มเติม และทำให้ความเสียหาย เวท ที่ถูกยับยั้งนั้น โชคร้าย ในการคำนวณความเสียหาย","施放暫時的光環，賦予額外閃避攻擊的機率，並使對你的壓抑法術傷害很不幸。",24,100,1,58425,""
258,8959,0,"[49,50,51,65,66,67,37,38,39]","","Impenetrable Bastion","Bastion impénétrable","Undurchdringliche Bastion","インペネトラブルバスチオン","난공불락의 보루","Bastião Impenetrável","Непробиваемый бастион","Bastión impenetrable","ปราการไร้เทียมทาน","無敵堅堡","Creates an impenetrable barrier around an allied target, briefly making them completely invulnerable to damage.","Crée une barrière impénétrable autour d'une cible alliée, la rendant complètement invulnérable aux dégâts pendant un bref instant.","Erzeugt eine undurchdringliche Barriere um ein verbündetes Ziel, die es für kurze Zeit unverwundbar macht.","味方対象の周囲に貫通不可能なバリアを作成し、一時的にダメージを完全に受けないようにする。","아군 대상 주위에 뚫을 수 없는 방벽을 생성하여, 잠시 동안 피해에 완전히 무적이 되게 합니다.","Cria uma barreira impenetrável ao redor do alvo aliado, tornando-o brevemente invulnerável a danos.","Создаёт непробиваемый барьер вокруг союзной цели, кратковременно делая её полностью неуязвимой для урона.","Crea una barrera impenetrable alrededor de un objetivo aliado que lo vuelve completamente invulnerable al daño durante un tiempo breve.","Impenetrable Bastion\r\nสร้างบาเรียไร้เทียมทานรอบตัวเป้าหมายที่เป็นเพื่อน ทำให้เขาไม่ได้รับความเสียหายใดๆ ชั่วคราว","在友方目標周圍生成一個堅不可摧的屏障，使他們在短時間內對傷害免疫。",24,100,1,45615,"Art/2DArt/SkillIcons/HouseKeitaSkill.dds"
259,6183,2,"[90,91,92,68,69,70,6,7,171,172,173,59,60,61,22,142,65,66,67,99,100,101]","","Frigid Forkshot","Tir scindé frigide","Eisiger Gabelschuss","フリジッドフォークショット","차디찬 갈래사격","Disparo Bifurcado Frígido","Морозное разветвление","Disparo dividido frígido","ศรเยือกเย็นแบ่งตัว","分裂寒風彈","Fires an arrow which forks multiple times as it travels and deals high cold damage to those hit.","Tire une flèche qui se scindent à de multiples reprises en plein vol et inflige des dégâts de froid aux ennemis touchés.","Feuert einen Pfeil, der sich im Flug mehrfach aufgabelt und bei getroffenen Gegnern hohen Kälteschaden verursacht.","飛行中に複数に分岐する矢を放ち、ヒット時に高い冷気ダメージを与える。","화살을 발사합니다. 화살은 이동하면서 여러 번 갈라지며 명중하는 대상에게 큰 냉기 피해를 줍니다.","Dispara uma flecha que se ramifica várias vezes durante o trajeto, causando muito dano de gelo aos alvos atingidos.","Пускает стрелу, которая разветвляется несколько раз за время полёта и наносит высокий урон от холода тем, в кого попадёт.","Dispara una flecha que se bifurca múltiples veces a medida que viaja y que inflige un gran daño de hielo a aquellos que impacta.","Frigid Forkshot\r\nยิงศรที่แบ่งตัวหลายครั้งในขณะที่มันพุ่งออกไป และสร้างความเสียหาย น้ำแข็ง สูงต่อผู้ที่ถูกปะทะ","射出一發箭矢，在飛行過程中分裂數次，擊中時造成高額冰冷傷害。",5,100,1,18232,"Art/2DArt/SkillIcons/HouseBardiyaSkill.dds"
260,5271,2,"[90,91,92,68,69,70,0,1,232,233,234,59,60,61,22,142,65,66,67,99,100,101]","","Icicle Rain","Pluie glaciale","Eiskristallregen","アイシクルレイン","고드름 비","Chuva de Sincelos","Дождь из сосулек","Lluvia de carámbanos","ฝนเกล็ดน้ำแข็ง","冰柱之雨","Fires arrows up in the air, to rain down in an area. Each arrow deals cold area damage around where it lands, and they will all overlap on the targeted location.","Tire une pluie de flèches dans les airs, qui s'abattent ensuite dans une zone. Chaque flèche inflige des dégâts de froid de zone autour de son point d'impact, et toutes se chevauchent à l'emplacement ciblé.","Feuert Pfeile in die Luft, die in einem Gebiet herunterregnen. Jeder Pfeil verursacht bei seiner Landung Kälte-Flächenschaden und alle Pfeile überlappen sich am Zielort.","上空に向けて矢を放ち、一定範囲に矢を降らせる。それぞれの矢は着弾地点の周囲に冷気範囲ダメージを与え、対象地点ではその範囲がすべて重なり合う。","여러 발의 화살을 허공으로 발사합니다. 발사된 화살들은 일정 범위에 떨어지며, 각 화살은 주변에 냉기 범위 피해를 주고 모든 폭발은 목표 지점에 중첩됩니다.","Dispara flechas para o alto, que caem em uma área. Cada flecha causa dano de gelo em área no impacto, e todas se sobrepõem no local atingido.","Выпускает стрелы в воздух, которые приземляются в области. Каждая стрела наносит урон от холода по области вокруг точки приземления, при этом области поражения всех стрел пересекутся в указанной точке.","Dispara flechas al aire para que caigan en un área. Cada flecha inflige daño de hielo en área alrededor de donde aterriza, y todas se solaparán en la ubicación objetivo.","Icicle Rain\r\nยิงศรขึ้นฟ้าเพื่อให้โปรยปรายลงมาบนพื้นที่ ศรแต่ละดอกจะสร้างความเสียหาย พื้นที่ น้ำแข็ง รอบจุดที่มันตก โดยศรจะตกซ้อนกันในตำแหน่งเป้าหมาย","朝空中射出箭矢，降落於一個區域。每支箭矢對降落區域造成冰冷範圍傷害，且會在目標位置重疊。",28,100,"",24409,"Art/2DArt/SkillIcons/HouseBardiyaSkill.dds"
261,10618,3,[],"","Dash","Élan","Spurt","ダッシュ","질주","Impulso","Рывок","Finta","พุ่งตัว","幻步","Performs a series of quick teleports towards a targeted location.","Un sort permettant d'effectuer une succession de téléportations rapides en direction de l'emplacement ciblé.","Führt eine Reihe von kurzen Teleportationen an einen Zielort durch.","指定位置に素早いテレポートを繰り返す。","대상 지점으로 신속히 순간이동합니다.","Executa uma sequência de teletransportes rápidos até o local escolhido.","Выполняет серию быстрых перемещений к выбранной точке.","Ejecuta una serie de teletransportes rápidos hacia la ubicación elegida.","Dash\r\nทำการเทเลพอร์ตต่อเนื่องอย่างรวดเร็วไปยังตำแหน่งเป้าหมาย","朝目標位置進行一系列快速傳送。",4,100,"",60723,""
262,3160,2,"[120,121,122,0,1,217,218,219,142,151,152,153,154,155,156,164,165,166,6,7,171,172,173]","","Barrage of Volley Fire","Tir de barrage intensif","Sperrfeuer der Salven","一斉発射のバラージ","일제 포격의 연발 사격","Rajada de Projéteis Concentrados","Очередь залпов","Aluvión de salvas","ระดมยิงแห่งยิงระลอก","彈幕．齊射","Fires projectiles repeatedly with a Bow or Wand. These projectiles have a small randomised spread.","Tire une succession de projectiles avec un arc ou une baguette. Ces projectiles ont une légère dispersion aléatoire.","Feuert wiederholt Projektile mit einem Bogen oder einem Zauberstab. Diese Projektile haben einen kleinen zufälligen Radius.","弓またはワンドで投射物を繰り返し放つ。この攻撃はわずかにランダムなばらつきを持つ。","활이나 마법봉으로 투사체들을 연속으로 발사합니다. 이 투사체는 무작위로 좁은 범위에 확산됩니다.","Dispara projéteis repetidamente com um arco ou uma varinha, com uma pequena dispersão aleatória.","Многократно выпускает снаряды из лука или жезла. Снаряды имеют небольшой разброс.","Dispara proyectiles repetidamente con un arco o una varita. Estos proyectiles tienen una pequeña dispersión aleatoria.","Barrage of Volley Fire\r\nยิงโพรเจกไทล์ซ้ำๆ ด้วย ธนูหรือไม้กายสิทธิ์ การโจมตีเหล่านี้มีการกระจายแบบสุ่มขนาดเล็ก สกิลนี้ไม่สามารถถูกทริกเกอร์ได้","以弓或法杖重複發射投射物。這些投射物具有些許隨機的擴散。",12,100,"",12260,""
263,1956,3,[],"","Haste","Hâte","Hast","ヘイスト","가속","Aceleração","Спешка","Celeridad","ว่องไว","迅捷","Casts an aura that increases the movement speed, attack speed and cast speed.","Une aura qui augmente la vitesse de déplacement, d'attaque et d'incantation.","Zaubert eine Aura, die die Bewegungs-, Angriffs- und Zaubergeschwindigkeit erhöht.","移動スピード、アタックスピードおよびキャストスピードを増加させるオーラを纏う。","이동 속도 및 공격 속도, 시전 속도를 증가시키는 오라를 시전합니다.","Ativa uma aura que aumenta a velocidade de movimento, de ataque e de conjuração.","Окружает аурой, которая ускоряет движение, атаки и сотворение чар.","Proyecta un aura que aumenta la velocidad de movimiento, de ataque y de lanzamiento de hechizos.","Haste\r\nร่ายออร่าที่เพิ่มความเร็วในการเคลื่อนที่, โจมตี, ร่าย","施放一個光環，增加移動速度、攻擊速度以及施放速度。",24,100,"",52155,""
264,4623,2,"[65,66,67,49,50,51,120,121,122,154,155,156,177,178,179,188,189,190,83,84,85,159,0,1,171,172,173,6,7]","","Mirror Arrow","Flèche miroir","Klonpfeil","ミラーアロー","거울 화살","Flecha Espelhada","Стрела-двойник","Flecha espejo","ศรเงาสะท้อน","魅影射擊","Fires an arrow at the target destination. When the arrow lands, a clone is summoned.","Tire une flèche vers l'emplacement ciblé, qui invoque un clone lorsqu'elle atterrit.","Schießt einen Pfeil auf den Zielort. Wenn der Pfeil landet, wird ein Klon beschworen.","指定した地点に矢を放つ。矢が着弾すると、その位置にクローンを召喚する。","목표 지점에 화살을 발사하여 땅에 떨어지면 분신이 소환됩니다.","Dispara uma flecha que invoca um clone no local do impacto.","Выпускает стрелу в указанную точку. Стрела создаёт клона в точке приземления.","Dispara una flecha a la ubicación objetivo. Cuando la flecha aterriza, se invoca un clon.","Mirror Arrow\r\nยิงศรไปที่จุดหมาย เมื่อศรตกลงมา จะอัญเชิญร่างปลอมไว้ที่นั่น","對目標位置發射一枚箭矢。箭矢落地時便會召喚一個複製體。",10,100,"",65447,""
265,4616,1,"[65,66,67,49,50,51,120,121,122,154,155,156,177,178,179,188,189,190]","","Blink Arrow","Flèche de transfert","Teleportpfeil","ブリンクアロー","점멸 화살","Flecha Translocadora","Стрела-телепорт","Flecha parpadeante","ศรเคลื่อนย้ายพริบตา","閃電射擊","Fires an arrow at the target destination. When the arrow lands, the user is teleported to it and a clone is summoned at the old location. The clone is a minion that copies the bow and quiver.","Un tir de flèche qui téléporte l'utilisateur au point d'impact en invoquant un clone à son point de départ. Le clone est une créature qui copie l'arc et le carquois de l'utilisateur.","Schießt einen Pfeil auf den Zielort. Wenn der Pfeil landet, wird der Wirkende zu ihm teleportiert und an der alten Position ein Klon beschworen. Der Klon ist eine Kreatur, die den Bogen und Köcher verwendet.","指定した地点に矢を放つ。矢が着弾すると、その位置にテレポートし、元々の位置にクローンを召喚する。クローンは使用者と同じ弓と矢筒を使用するミニオンである。","목표 지점에 화살을 발사하여 땅에 떨어지면 사용자는 그곳으로 순간이동하고 원래 지점에는 분신이 소환됩니다. 분신은 복제한 활과 화살통을 사용하는 소환수입니다.","Dispara uma flecha no local escolhido. No impacto, o usuário é teletransportado até ela e um clone é invocado no local anterior. O clone é um lacaio com cópias do arco e aljava.","Выпускает стрелу в указанную точку. В момент приземления стрела телепортирует к себе использовавшего умение, а на его месте оставляет клона. Клон - приспешник, который использует те же самые лук и колчан.","Dispara una flecha a la ubicación objetivo. Cuando la flecha aterriza, el usuario se teletransporta hasta ella y un clon aparece en la antigua ubicación. El clon es un esbirro que copia el arco y carcaj.","Blink Arrow\r\nยิงศรไปที่จุดหมาย เมื่อศรตกลงมา ผู้ใช้จะเทเลพอร์ตไปที่นั่นแล้วอัญเชิญร่างปลอมไว้ที่ตำแหน่งเก่าของผู้ใช้ ร่างปลอมเป็น มิเนียน ที่ใช้ ธนูและซองธนู ของผู้ใช้","對目標地點射出一支箭矢。箭矢命中時，施放者會朝它傳送，並在原位置召喚複製之體。該複製之體會複製弓和箭袋。",10,100,"",10722,""
266,367,1,"[120,121,122,0,1,171,172,173,6,7,74,22]","","Frenzy","Frénésie","Raserei","フレンジー","격분","Frenesi","Бешенство","Frenesí","ระห่ำ","狂怒","Performs an attack with a ranged weapon that grants a frenzy charge if it hits.","Une attaque avec une arme à distance qui octroie une charge de frénésie au toucher.","Führt einen Angriff mit einer Fernkampfwaffe aus, der bei Treffer eine Raserei-Ladung gewährt.","敵に命中すればフレンジーチャージを付与する遠距離武器によるアタックを行う。","명중 시 격분 충전을 부여하는 원거리 무기로 공격합니다.","Executa um ataque com uma arma de longo alcance que concede uma carga de frenesi ao atingir.","Атакует врага оружием дальнего боя и в случае попадания получает заряд ярости.","Ejecuta un ataque con un arma a distancia que otorga una carga de frenesí si impacta.","Frenzy\r\nทำการโจมตีด้วยอาวุธระยะไกลที่มอบ Frenzy Charge 1 ลูกหากปะทะสำเร็จ","以遠程武器進行攻擊，擊中時賦予狂怒球。",16,100,"",58592,""
267,11074,2,"[232,233,234,90,91,92,120,121,122,229,230,231,227,148,149,150,174,175,176,225]","","Holy Hammers","Marteaux sacrés","Heilige Hämmer","ホーリーハンマー","신성한 망치","Martelos Sagrados","Священные молоты","Martillos sagrados","ค้อนศักดิ์สิทธิ์","神聖之錘","Slams the ground, calling down a Holy Hammer from above. On hitting an enemy, another Hammer will cascade forward, repeating if further enemies are hit, up to a cap. A Power Charge can be expended to call down additional Hammers to either side of the initial slam.","Fracasse le sol, faisant s'abattre un Marteau sacré depuis le ciel. En touchant un ennemi, un autre Marteau tombe en cascade vers l'avant. Cet effet se répète si d'autres ennemis sont touchés, jusqu'à une certaine limite. Une charge de pouvoir peut être dépensée pour faire s'abattre des Marteaux de part et d'autre du fracas initial.","Schlagt auf den Boden und ruft einen Heiligen Hammer von oben herab. Wenn ein Gegner getroffen wird, breitet sich ein weiterer Hammer nach vorne aus. Dies wird bei weiteren getroffenen Gegnern wiederholt, bis zu einer maximalen Anzahl. Eine Energie-Ladung kann aufgewendet werden, um zusätzliche Hämmer zuseiten des ursprünglichen Einschlagsorts herabzurufen.","地面にスラムし、上空から聖なるハンマーを呼び落とす。敵をヒットすると、他のハンマーの落下の連鎖が起き、さらに他の敵がヒットを受けたら上限に達するまで繰り返し起きる。パワーチャージを使用することで最初のスラムの両側に追加のハンマーを呼び落とすことができる。","지면을 강타하여, 하늘에서 신성한 망치를 떨어뜨립니다. 적에게 명중하면 망치가 하나 더 전방으로 날아가고, 더 많은 적에게 명중하면 일정 한도까지 반복됩니다. 권능 충전을 써서 최초 강타 위치의 양쪽에 추가적인 망치를 떨어뜨릴 수 있습니다.","Você desfere uma pancada no chão para invocar um Martelo Sagrado do alto. Ao atingir um inimigo, outro martelo cairá em cascata à sua frente e o processo se repetirá caso outros inimigos sejam atingidos, até um limite. É possível gastar uma carga de poder para invocar martelos adicionais em ambos os lados da pancada inicial.","Cовершает удар по земле, призывая с небес священный молот. При попадании по врагу вперёд летит ещё один молот, и эта атака повторяется при попадании в новых врагов, вплоть до ограничения. Может потратить заряд энергии, чтобы призвать дополнительные молоты по каждую сторону от первоначального удара.","Ejecuta un embate contra el suelo e invoca un martillo sagrado desde arriba. Al golpear a un enemigo, se lanzará otro martillo hacia delante en cascada, y esto se repetirá si golpea a más enemigos, hasta un límite. Se puede gastar una carga de poder para invocar martillos adicionales a los lados del embate inicial.","Holy Hammers\r\nทุบพื้นเพื่อเรียกค้อนศักดิ์สิทธิ์มาจากเบื้องบน เมื่อค้อนนี้ปะทะศัตรูจะเรียกค้อนอีกอันร่วงลงมาข้างหน้า และจะเรียกต่อเนื่องไปจนถึงจำนวนสูงสุด คุณสามารถจ่าย Power Charge 1 ลูกเพื่อเรียกค้อนเพิ่มเติมไปยังด้านข้างของพื้นที่ที่ทุบในตอนแรก","重擊地面並從上方召喚一把神聖之錘。擊中敵人時，另一個神聖之錘會向前方發射，在擊中遠處的敵人時重複觸發，直到達到上限。可以消耗一個暴擊球，在起始重擊的兩側召喚額外的神聖之錘。",1,100,"",28506,""
268,11078,2,"[120,121,122,232,233,234,177,178,179,191,192,4,238,265]","","Holy Strike","Frappe sacrée","Heiliger Schlag","ホーリーストライク","신성한 타격","Golpe Sagrado","Святой удар","Golpe sagrado","ฟาดศักดิ์สิทธิ์","神聖打擊","Infuse your weapon with holy energy and swing. Successfully hitting an enemy will summon forth a copy of your Main Hand weapon as a Holy Armament. These Holy Armaments are undamageable minions, and will attack the enemies you target with Holy Strike.","Vous imprégnez votre arme d'énergie sacrée et frappez. Toucher un ennemi avec succès fait apparaître une copie de votre arme équipée en Main principale sous la forme d'une Arme sacrée. Ces Armes sacrées sont considérées comme des Créatures ne pouvant pas subir de dégâts et attaquent les ennemis que vous ciblez avec Frappe sacrée.","Verstärkt Eure Waffe mit heiliger Energie und schwingt diese. Wenn Ihr einen Gegner erfolgreich trefft, wird eine Kopie Eurer Haupthandwaffe als Heilige Waffe beschworen. Diese Heiligen Waffen sind Kreaturen, die keinen Schaden erleiden können und die Gegner angreifen, die Ihr mit Heiliger Schlag anvisiert.","武器に聖なるエネルギー注入し、振り回す。敵へのヒットに成功すると、メインハンド武器のコピーであるホーリーアーマメントを召喚する。これらのホーリーアーマメントはダメージを受けることがないミニオンで、プレイヤーが対象とした敵をホーリーストライクでアタックする。","무기에 신성한 에너지를 주입하여 휘두릅니다. 적을 명중시키면 주 무기의 복제품이 신성한 병기로 소환됩니다. 이 신성한 병기는 피해를 받지 않는 소환수로, 플레이어가 신성한 타격의 대상으로 지정하는 적을 공격합니다.","Infunde sua arma com energia sagrada e ataca. Ao atingir um inimigo, você invocará uma cópia da arma da sua mão principal como um Armamento Sagrado. Esses armamentos são lacaios indestrutíveis e eles atacarão os inimigos alvejados com Golpe Sagrado.","Усиливает своё оружие энергией святости и совершает замах. Успешный удар по противнику призовёт копию оружия в правой руке наёмника в виде святого орудия. Святые орудия являются приспешниками и будут атаковать врагов, по которым наёмник целится Святым ударом.","Infunde tu arma con energía sagrada y la blandes. Si logras golpear a un enemigo, invocará una copia del arma de tu mano principal como un Armamento sagrado. Estos armamentos sagrados son esbirros que no pueden recibir daño y que atacan a los enemigos que seleccionas con Golpe sagrado.","Holy Strike\r\nอัดพลังศักดิ์สิทธิ์แล้วเหวี่ยงอาวุธของคุณ การปะทะศัตรูได้สำเร็จจะอัญเชิญร่างเงาของ อาวุธมือหลัก ของคุณมาเป็นยุทธภัณฑ์ศักดิ์สิทธิ์ ยุทธภัณฑ์ศักดิ์สิทธิ์เหล่านี้เป็นมิเนียนที่ไม่ได้รับความเสียหายและจะโจมตีศัตรูที่คุณโจมตีด้วยฟาดศักดิ์สิทธิ์","以神聖能量灌注並揮舞你的武器。成功擊中敵人時會複製你的主手武器並向前召喚一把神聖軍備。這些神聖軍備為不可被傷害的召喚物，且會攻擊你以神聖打擊擊中的目標敵人。",1,100,"",38655,""
269,11062,2,"[232,233,234,120,121,122,90,91,92,126,127,128,49,50,51,55,56,57,199,264]",11063,"Conflagration","Déluge incendiaire","Feuersbrunst","コンフラグレーション","연소 화재","Conflagração","Пожарище","Conflagración","ศรนำอัคคี","燎原箭矢","Fire arrows into the air that rain down around the targeted area, dealing area damage on impact and leaving the arrows stuck in the ground for a duration. If you move close to a stuck arrow, it will explode, dealing area damage and applying a fire damage over time debuff, as well as causing other stuck arrows in range to also explode.","Tire des flèches en l'air qui s'abattent autour de la zone ciblée, infligeant des dégâts de zone à l'impact, et restent plantées dans le sol pendant une certaine durée. Si vous vous rapprochez d'une flèche plantée, elle explose, infligeant des dégâts de zone autour d'elle ainsi qu'un effet néfaste de dégâts de feu sur la durée, tout en faisant exploser les autres flèches plantées situées à portée.","Feuert Pfeile in die Luft, die um den Zielbereich herabregnen. Die Pfeile verursachen beim Aufprall Flächenschaden und bleiben für eine Dauer im Boden stecken. Wenn Ihr Euch einem feststeckenden Pfeil nähert, explodiert dieser, verursacht Flächenschaden, wendet eine Schwächung mit Feuerschaden über Zeit an und bewirkt, dass andere feststeckende Pfeile im Umkreis ebenfalls explodieren.","上空に矢を放ち、対象とした地点に降り注がせる。着弾時に範囲ダメージを与え、持続時間の間地面に刺さる矢を残す。プレイヤーが刺さった矢に近づくと、矢は爆発し、範囲ダメージを与え、火継続ダメージのデバフを付与し、範囲内の他の刺さった矢も爆発させる。","공중으로 화살을 쏘아 올립니다. 화살은 비처럼 대상 지역에 떨어지며 피해를 주고 일정 시간 동안 바닥에 꽂혀 있습니다. 꽂힌 화살에 가까이 가면 화살이 폭발하며 범위 피해를 주고, 지속 화염 피해를 주는 디버프를 부여합니다. 또한 범위 내의 지면에 꽂힌 다른 화살도 폭발시킵니다.","Você dispara flechas para o alto, que caem ao redor da área selecionada, causando dano de área no impacto e deixando as flechas presas no chão por um período. Ao se aproximar de uma flecha presa, ela explodirá, causando dano de área e aplicando uma penalidade de dano de fogo degenerativo, além de fazer com que outras flechas presas no alcance também explodam.","Выпускает в воздух стрелы, которые обрушиваются на указанную область, наносят урон по области при попадании и на некоторое время остаются в земле. Если наёмник подойдёт близко к застрявшей стреле, она взорвётся, нанося урон по области и накладывая отрицательный эффект постепенного урона от огня, а также вызовет взрыв других застрявших стрел в радиусе.","Dispara flechas al aire que caen alrededor del área objetivo para infligir daño en área al impactar y que se quedan clavadas en el suelo durante un tiempo. Si te acercas a una flecha clavada, explotará para infligir daño en área y aplicar un efecto nocivo de daño de fuego degenerativo, además de hacer que las otras flechas clavadas que están al alcance exploten también.","Conflagration\r\nยิงศรขึ้นสู่ฟากฟ้า ซึ่งจะโปรยปรายลงมาบนพื้นที่เป้าหมาย สร้างความเสียหาย พื้นที่ ในจุดตกกระทบและทิ้งศรปักพื้นเป็นระยะเวลาหนึ่ง เมื่อคุณเข้าใกล้ศรที่ปักพื้น ศรจะระเบิดออกเพื่อสร้างความเสียหาย พื้นที่ พร้อมกับสร้างดีบัฟที่ทำให้เกิดความเสียหาย ไฟ ต่อเนื่อง และทำการระเบิดศรที่ปักพื้นอื่นๆ ที่อยู่ในระยะเช่นกัน","向空中射出箭矢，在目標區域周圍落下，命中時造成範圍傷害並使箭矢嵌在地面上一段時間。如果你接近嵌在地面上的箭矢，它將會爆炸，造成範圍傷害並施加一個造成火焰持續傷害的減益效果，同時引爆範圍內地面上的其他箭矢。",28,100,"",21962,""
270,11067,2,"[120,121,122,0,1,19,90,91,92,83,84,85,86,87,88,148,149,150,174,175,176,232,233,234]","","Kinetic Rain of Impact","Pluie cinétique de l'Impact","Kinetischer Regen des Einschlags","着弾のキネティックレイン","충격의 역학 비","Chuva Cinética do Impacto","Кинетический дождь ударов","Lluvia cinética de impacto","ฝนจลนศาสตร์แห่งการกระทบ","力量驟雨．衝擊","Swing your wand to cause a number of projectiles to rain down within a large area in front of you, directly targeting the locations of enemies in the area. The locations where each projectile will land are shown with markers before they fall. Each projectile explodes when hitting the ground, dealing area damage.","Fait tournoyer votre baguette pour faire pleuvoir un certain nombre de projectiles dans une grande zone devant vous, ciblant directement l'emplacement des ennemis dans la zone. Des marqueurs indiquent l'emplacement d'atterrissage de chaque projectile avant sa chute. Chaque projectile explose en touchant le sol, infligeant des dégâts de zone.","Schwingt Euren Zauberstab, wodurch eine Reihe von Projektilen in einem großen Bereich vor Euch herabregnen, die direkt auf den Standort von Gegnern im Bereich zielen. Die Zielbereiche werden vor der Landung der Projektile durch eine Markierung angezeigt. Jedes Projektil explodiert beim Aufprall auf den Boden und verursacht Flächenschaden.","ワンドを振り、プレイヤーの前方の広い範囲に投射物を複数降り注がせる。範囲内の敵のいる場所をターゲットとする。着弾する前に投射物が着弾する場所はマーカーによって示される。それぞれの投射物は地面に接触した時に爆発し、範囲ダメージを与える。","마법봉을 휘둘러 전방 넓은 범위에서 해당 범위 내 적의 위치를 직접 대상으로 지정하여 다수의 투사체를 비처럼 떨어뜨립니다. 투사체가 떨어지기 전에 각 투사체가 떨어지는 위치에 표식이 표시됩니다. 각 투사체는 지면에 명중하면 폭발하여 범위 피해를 줍니다.","Ao atacar com a varinha, uma série de projéteis cairá em uma grande área à sua frente, mirando diretamente nos inimigos. Os locais onde cada projétil cairá são marcados antes de eles atingirem o solo. Ao atingir o solo, cada projétil explode, causando dano de área.","Взмахивает жезлом, вызывая дождь из снарядов в большой области перед собой, выбирающих целью непосредственно местонахождение врагов. Место падения каждого снаряда отмечается маркером. При ударе о землю каждый снаряд взрывается, нанося урон по области.","Agita tu varita para hacer que una cantidad de proyectiles caigan en un área grande delante de ti y se dirijan directamente a las ubicaciones de los enemigos del área. Las ubicaciones donde caerá cada proyectil se muestran con marcadores antes de que caigan. Cada proyectil explota al golpear el suelo para infligir daño en área.","Kinetic Rain of Impact\r\nสะบัดไม้กายสิทธิ์เพื่อโปรยปรายโพรเจกไทล์ลงมาในพื้นที่ขนาดใหญ่ตรงหน้าคุณและตำแหน่งของศัตรูที่อยู่ในพื้นที่ สกิลนี้จะแสดงตำแหน่งที่โพรเจกไทล์ตกลงพื้น โพรเจกไทล์แต่ละลูกที่ตกถึงพื้นจะระเบิดเพื่อสร้างความเสียหาย พื้นที่","揮舞你的法杖，使複數投射物在你前方的大片區域灑落， 並且鎖定區域內的敵人位置。 投射物掉落的位置會在落下前預先標記。 每一個掉落的投射物都會在落地時爆炸，造成範圍傷害。",28,100,"",32089,""
271,290,2,"[120,121,122,90,91,92,83,84,85,148,149,150,174,175,176,232,233,234,191,192,4,68,69,70]",291,"Elemental Hit of Ice","Frappe élémentaire de la Glace","Elementartreffer des Eises","氷のエレメンタルヒット","얼음의 원소의 일격","Ataque Elemental de Gelo","Удар стихии льда","Golpe elemental de hielo","ปะทะด้วยธาตุแห่งน้ำแข็ง","元素打擊．冰霜","If this attack hits an enemy, it will deal damage in an area around them, with the radius being larger if that enemy is suffering from a cold ailment.","Si cette attaque touche un ennemi, elle infligera des dégâts dans une zone autour de lui. Le rayon augmente si l'ennemi est affecté par une altération de froid.","Wenn dieser Angriff einen Gegner trifft, verursacht er Schaden in einem Bereich um diesen herum, wobei der Radius größer ausfällt, wenn dieser Gegner von einer Kälte-Beeinträchtigung betroffen ist.","攻撃が敵にヒットすればその敵の周囲に範囲ダメージを与える。攻撃がヒットした敵が冷気状態異常を負っていれば効果範囲が広くなる。","이 공격이 적에게 명중하면 적 주변의 범위에 피해를 주며, 그 적이 냉기 상태 이상에 걸려 있는 경우 반경이 증폭됩니다.","Se esse ataque atingir um inimigo, causará dano em área ao redor dele, e o raio será maior se o inimigo estiver com uma afecção de frio.","При нанесении удара этой атакой по врагу, урон будет нанесен и в области вокруг него, при этом радиус поражения будет больше, если на врага действует состояние холода.","Si este ataque golpea a un enemigo, inflige daño en un área a su alrededor, y el radio de esa área será mayor si el enemigo está bajo el efecto de un estado alterado de hielo.","Elemental Hit of Ice\r\nหากการโจมตีนี้ปะทะศัตรู มันจะสร้างความเสียหายในพื้นที่รอบตัวมัน โดยมีรัศมีใหญ่ขึ้นหากศัตรูติด สถานะเจ็บป่วยน้ำแข็ง","若此攻擊擊中敵人，則會在敵人周遭的區域內造成傷害，且半徑範圍在敵人已被施加冰冷異常狀態時擴大。",68,100,"",8708,""
